tests/Case_2_ArrivalTime.asc
NCOLS 210
NROWS 139
XLLCORNER 2821100.000000
YLLCORNER 2135200.000000
CELLSIZE 100.000000
NODATA_VALUE -9999.0
[rows 93 to 123 of 139, columns 0 to 69 of 210]
-9999.0 -9999.0 -9999.0 -9999.0 -9999.0 -9999.0 -9999.0 -9999.0 -9999.0 -9999.0 -9999.0 -9999.0 -9999.0 -9999.0 -9999.0 -9999.0 -9999.0 -9999.0 -9999.0 -9999.0 -9999.0 -9999.0 -9999.0 -9999.0 -9999.0 02876.824 02862.603 -9999.0 02875.211 02856.518 02824.256 02793.539 02740.927 02682.240 01806.737 01696.562 01642.824 01579.275 01512.879 01440.169 01322.721 01183.656 01048.008 00909.844 00658.051 00358.337 00169.906 00000.000 0.0 0.0 0.0 0.0 0.0 0.0 0.0 0.0 0.0 0.0 0.0 0.0 0.0 0.0 0.0 0.0 0.0 0.0 0.0 0.0 0.0 0.0
-9999.0 -9999.0 -9999.0 -9999.0 -9999.0 -9999.0 -9999.0 -9999.0 -9999.0 -9999.0 -9999.0 -9999.0 -9999.0 -9999.0 -9999.0 -9999.0 -9999.0 -9999.0 -9999.0 -9999.0 -9999.0 -9999.0 -9999.0 -9999.0 -9999.0 -9999.0 -9999.0 -9999.0 -9999.0 -9999.0 -9999.0 02785.970 02692.210 01968.648 01839.364 01754.423 01735.003 01711.316 01558.911 01443.973 01323.823 01200.280 01069.928 00952.499 00694.830 00336.083 00128.141 0.0 0.0 0.0 0.0 0.0 0.0 0.0 0.0 0.0 0.0 0.0 0.0 0.0 0.0 0.0 0.0 0.0 0.0 0.0 0.0 0.0 0.0 0.0
-9999.0 -9999.0 -9999.0 -9999.0 -9999.0 -9999.0 -9999.0 -9999.0 -9999.0 -9999.0 -9999.0 -9999.0 -9999.0 -9999.0 -9999.0 -9999.0 -9999.0 -9999.0 -9999.0 -9999.0 -9999.0 -9999.0 -9999.0 -9999.0 -9999.0 -9999.0 -9999.0 -9999.0 02854.844 02727.189 02600.907 02580.709 01966.503 01791.092 01690.445 01636.562 01614.263 01654.529 01566.538 01448.845 01324.134 01191.322 01048.726 00889.337 00582.129 00247.496 00000.000 0.0 0.0 0.0 0.0 0.0 0.0 0.0 0.0 0.0 0.0 0.0 0.0 0.0 0.0 0.0 0.0 0.0 0.0 0.0 0.0 0.0 0.0 0.0
-9999.0 -9999.0 -9999.0 -9999.0 -9999.0 -9999.0 -9999.0 -9999.0 -9999.0 -9999.0 -9999.0 -9999.0 -9999.0 -9999.0 -9999.0 -9999.0 -9999.0 -9999.0 -9999.0 -9999.0 -9999.0 -9999.0 -9999.0 -9999.0 -9999.0 -9999.0 -9999.0 02832.359 02690.170 02549.917 02399.973 02263.901 01986.219 01720.382 01617.099 01566.698 01526.506 01501.887 01516.807 01433.410 01307.630 01260.575 01240.128 01235.095 00541.134 00194.789 0.0 0.0 0.0 0.0 0.0 0.0 0.0 0.0 0.0 0.0 0.0 0.0 0.0 0.0 0.0 0.0 0.0 0.0 0.0 0.0 0.0 0.0 0.0 0.0
-9999.0 -9999.0 -9999.0 -9999.0 -9999.0 -9999.0 -9999.0 -9999.0 -9999.0 -9999.0 -9999.0 -9999.0 -9999.0 -9999.0 -9999.0 -9999.0 -9999.0 -9999.0 -9999.0 -9999.0 -9999.0 -9999.0 -9999.0 -9999.0 -9999.0 -9999.0 02844.887 02723.483 02598.861 02468.678 02330.588 02039.470 01844.729 01670.303 01576.057 01523.213 01471.708 01422.895 01393.557 01408.834 01393.578 01273.971 01253.001 01251.765 00395.520 00156.675 0.0 0.0 0.0 0.0 0.0 0.0 0.0 0.0 0.0 0.0 0.0 0.0 0.0 0.0 0.0 0.0 0.0 0.0 0.0 0.0 0.0 0.0 0.0 0.0
-9999.0 -9999.0 -9999.0 -9999.0 -9999.0 -9999.0 -9999.0 -9999.0 -9999.0 -9999.0 -9999.0 -9999.0 -9999.0 -9999.0 -9999.0 -9999.0 -9999.0 -9999.0 -9999.0 -9999.0 -9999.0 -9999.0 -9999.0 -9999.0 -9999.0 -9999.0 02773.491 02663.064 02546.546 02424.540 02288.252 01842.469 01686.034 01616.867 01560.064 01526.722 01500.271 01458.203 01356.576 01297.297 01269.904 01219.051 00837.372 00431.198 00191.372 00083.573 0.0 0.0 0.0 0.0 0.0 0.0 0.0 0.0 0.0 0.0 0.0 0.0 0.0 0.0 0.0 0.0 0.0 0.0 0.0 0.0 0.0 0.0 0.0 0.0
-9999.0 -9999.0 -9999.0 -9999.0 -9999.0 -9999.0 -9999.0 -9999.0 -9999.0 -9999.0 -9999.0 -9999.0 -9999.0 -9999.0 -9999.0 -9999.0 -9999.0 -9999.0 -9999.0 -9999.0 -9999.0 -9999.0 -9999.0 -9999.0 -9999.0 02857.411 02756.930 02648.380 02544.661 02439.420 02325.695 01968.017 01719.669 01664.304 01617.364 01577.590 01534.929 01447.314 01325.622 01298.733 01272.537 01229.606 00822.629 00384.730 00161.897 00069.435 0.0 0.0 0.0 0.0 0.0 0.0 0.0 0.0 0.0 0.0 0.0 0.0 0.0 0.0 0.0 0.0 0.0 0.0 0.0 0.0 0.0 0.0 0.0 0.0
-9999.0 -9999.0 -9999.0 -9999.0 -9999.0 -9999.0 -9999.0 -9999.0 -9999.0 -9999.0 -9999.0 -9999.0 -9999.0 -9999.0 -9999.0 -9999.0 -9999.0 -9999.0 -9999.0 -9999.0 -9999.0 -9999.0 -9999.0 -9999.0 -9999.0 02851.838 02763.152 02670.571 02573.039 02464.813 02337.554 02069.879 01821.775 01710.297 01650.848 01592.520 01530.726 01468.606 01348.043 01274.210 01258.539 01243.675 00773.695 00340.205 00148.867 00082.377 00000.000 0.0 0.0 0.0 0.0 0.0 0.0 0.0 0.0 0.0 0.0 0.0 0.0 0.0 0.0 0.0 0.0 0.0 0.0 0.0 0.0 0.0 0.0 0.0
-9999.0 -9999.0 -9999.0 -9999.0 -9999.0 -9999.0 -9999.0 -9999.0 -9999.0 -9999.0 -9999.0 -9999.0 -9999.0 -9999.0 -9999.0 -9999.0 -9999.0 -9999.0 -9999.0 -9999.0 -9999.0 -9999.0 -9999.0 -9999.0 -9999.0 02871.638 02783.447 02683.421 02572.804 02468.326 02371.852 02286.018 02034.260 01842.062 01683.718 01555.973 01438.539 01327.461 01211.798 01112.792 01052.779 00958.242 00798.499 00394.183 00196.879 00116.381 00074.232 00000.000 0.0 0.0 0.0 0.0 0.0 0.0 0.0 0.0 0.0 0.0 0.0 0.0 0.0 0.0 0.0 0.0 0.0 0.0 0.0 0.0 0.0 0.0
-9999.0 -9999.0 -9999.0 -9999.0 -9999.0 -9999.0 -9999.0 -9999.0 -9999.0 -9999.0 -9999.0 -9999.0 -9999.0 -9999.0 -9999.0 -9999.0 -9999.0 -9999.0 -9999.0 -9999.0 -9999.0 -9999.0 -9999.0 -9999.0 -9999.0 -9999.0 02783.311 02689.616 02592.081 02511.052 02427.409 02287.344 01987.874 01736.260 01594.982 01468.765 01341.669 01198.371 01035.387 00866.412 00688.112 00597.071 00412.561 00360.997 00237.350 00170.860 00111.941 00074.000 00000.000 00000.000 0.0 0.0 0.0 0.0 0.0 0.0 0.0 0.0 0.0 0.0 0.0 0.0 0.0 0.0 0.0 0.0 0.0 0.0 0.0 0.0
-9999.0 -9999.0 -9999.0 -9999.0 -9999.0 -9999.0 -9999.0 -9999.0 -9999.0 -9999.0 -9999.0 -9999.0 -9999.0 -9999.0 -9999.0 -9999.0 -9999.0 -9999.0 -9999.0 -9999.0 -9999.0 -9999.0 -9999.0 -9999.0 -9999.0 02807.055 02721.185 02666.936 02618.704 02494.914 02356.733 02139.168 01861.184 01673.139 01533.499 01424.588 01311.695 01237.098 01237.837 01235.793 00423.268 00321.623 00267.968 00214.586 00166.106 00127.518 00101.513 00078.404 00054.329 00030.495 00000.000 0.0 0.0 0.0 0.0 0.0 0.0 0.0 0.0 0.0 0.0 0.0 0.0 0.0 0.0 0.0 0.0 0.0 0.0 0.0
-9999.0 -9999.0 -9999.0 -9999.0 -9999.0 -9999.0 -9999.0 -9999.0 -9999.0 -9999.0 -9999.0 -9999.0 -9999.0 -9999.0 -9999.0 -9999.0 -9999.0 -9999.0 -9999.0 -9999.0 -9999.0 -9999.0 -9999.0 02843.396 02733.598 02626.610 02517.429 02416.215 02337.967 02264.643 02107.361 01933.849 01815.759 01680.559 01552.018 01444.018 01329.030 01279.320 01272.445 01225.183 00395.877 00314.327 00261.099 00207.827 00157.702 00118.949 00097.752 00077.363 00057.585 00040.980 00027.532 00020.095 00000.000 00000.000 0.0 0.0 0.0 0.0 0.0 0.0 0.0 0.0 0.0 0.0 0.0 0.0 0.0 0.0 0.0 0.0
-9999.0 -9999.0 -9999.0 -9999.0 -9999.0 -9999.0 -9999.0 -9999.0 -9999.0 -9999.0 -9999.0 -9999.0 -9999.0 -9999.0 -9999.0 -9999.0 -9999.0 -9999.0 -9999.0 -9999.0 -9999.0 -9999.0 02870.488 02762.047 02626.543 02494.334 02344.497 02111.836 01885.362 01784.569 01687.293 01646.484 01572.625 01505.829 01488.556 01458.539 01355.123 01295.436 01266.131 01214.021 00400.872 00327.779 00272.422 00211.758 00159.831 00128.926 00104.163 00087.041 00073.009 00059.871 00051.800 00045.885 00039.659 00044.652 00138.680 00095.060 00080.729 00000.000 00000.000 00000.000 00000.000 00000.000 00000.000 00000.000 00000.000 00000.000 00000.000 00000.000 00079.274 00000.000
-9999.0 -9999.0 -9999.0 -9999.0 -9999.0 -9999.0 -9999.0 -9999.0 -9999.0 -9999.0 -9999.0 -9999.0 -9999.0 -9999.0 -9999.0 -9999.0 -9999.0 -9999.0 -9999.0 -9999.0 -9999.0 -9999.0 02835.071 02780.207 02736.050 02738.120 02735.510 01827.604 01694.214 01617.845 01550.343 01499.010 01449.424 01395.972 01364.815 01342.232 01317.684 01293.849 01264.900 01226.435 00426.963 00345.024 00287.913 00231.207 00280.045 00245.576 00140.765 00104.537 00091.755 00083.236 00076.867 00071.927 00095.856 00142.071 00313.599 00288.267 00273.092 00263.533 00257.631 00252.602 00253.881 00260.536 00268.079 00228.057 00187.486 00206.881 00226.760 00353.972 00246.263 -9999.0
-9999.0 -9999.0 -9999.0 -9999.0 -9999.0 -9999.0 -9999.0 -9999.0 -9999.0 -9999.0 -9999.0 -9999.0 -9999.0 -9999.0 -9999.0 -9999.0 -9999.0 -9999.0 -9999.0 -9999.0 -9999.0 -9999.0 -9999.0 02794.294 02766.829 02767.171 02740.305 01766.735 01666.665 01592.073 01532.701 01485.005 01439.739 01391.565 01359.980 01339.846 01314.053 01295.795 01270.472 01237.408 00449.935 00383.810 00330.389 00296.993 00347.615 00333.824 00161.660 00124.960 00114.275 00107.163 00102.559 00102.296 00276.325 00394.481 00506.547 00544.612 00535.367 00514.161 00503.383 00502.318 00523.583 00549.631 00544.629 00306.816 00250.211 00267.395 00282.184 00428.787 00549.952 -9999.0
-9999.0 -9999.0 -9999.0 -9999.0 -9999.0 -9999.0 -9999.0 -9999.0 -9999.0 -9999.0 -9999.0 -9999.0 -9999.0 -9999.0 -9999.0 -9999.0 -9999.0 -9999.0 -9999.0 -9999.0 -9999.0 02866.299 02819.471 02798.279 02785.583 02765.993 02740.706 01789.968 01694.118 01682.942 01599.931 01511.167 01444.799 01398.536 01397.469 01359.061 01292.768 01145.121 00993.665 00849.133 00578.430 00525.141 00341.209 00279.870 00242.407 00202.192 00178.661 00162.073 00148.729 00139.491 00135.809 00142.803 00193.947 00270.891 00536.260 00850.790 00844.539 00822.108 00809.121 00820.530 00846.025 00727.216 00446.384 00359.208 00316.189 00328.386 00338.552 00490.386 00805.073 -9999.0
-9999.0 -9999.0 -9999.0 -9999.0 -9999.0 -9999.0 -9999.0 -9999.0 -9999.0 -9999.0 -9999.0 -9999.0 -9999.0 -9999.0 -9999.0 -9999.0 -9999.0 -9999.0 -9999.0 -9999.0 -9999.0 02839.696 02814.179 02801.198 02783.288 02763.647 02737.885 02125.686 01942.114 01909.454 01673.254 01528.873 01468.145 01478.072 01516.601 01378.927 01253.347 01115.319 00977.866 00882.478 00820.716 00492.624 00345.715 00291.618 00260.239 00233.808 00214.509 00199.538 00188.824 00181.774 00180.861 00187.875 00229.770 00291.324 00503.501 00942.373 01035.058 01024.567 01024.339 01028.027 00939.379 00863.643 00463.162 00407.111 00396.061 00402.693 00406.631 00568.548 00910.658 -9999.0
-9999.0 -9999.0 -9999.0 -9999.0 -9999.0 -9999.0 -9999.0 -9999.0 -9999.0 -9999.0 -9999.0 -9999.0 -9999.0 -9999.0 -9999.0 -9999.0 -9999.0 -9999.0 -9999.0 -9999.0 -9999.0 02853.751 02814.689 02797.387 02779.254 02759.443 02733.440 02391.549 02243.017 01813.595 01637.587 01522.681 01461.695 01451.191 01482.858 01371.681 01267.267 01166.301 01071.049 00970.388 00845.226 00541.380 00373.878 00322.390 00287.380 00267.570 00251.708 00238.754 00229.188 00225.053 00227.897 00236.712 00273.520 00327.386 00543.631 00968.843 01219.151 01212.218 01214.261 01113.244 01066.665 01139.483 01230.385 01203.913 01197.814 01213.599 01230.186 00680.785 00986.456 -9999.0
-9999.0 -9999.0 -9999.0 -9999.0 -9999.0 -9999.0 -9999.0 -9999.0 -9999.0 -9999.0 -9999.0 -9999.0 -9999.0 -9999.0 -9999.0 -9999.0 -9999.0 -9999.0 -9999.0 -9999.0 -9999.0 -9999.0 02850.133 02809.277 02777.326 02758.327 02740.416 02733.437 02733.791 01786.342 01588.803 01449.524 01402.708 01381.352 01357.703 01333.557 01310.101 01261.101 01250.832 01239.198 01241.822 01211.300 00419.730 00364.887 00330.789 00306.466 00290.504 00279.612 00272.933 00271.412 00275.869 00287.560 00326.581 00384.532 01233.532 01244.676 01306.198 01307.214 01260.397 01253.821 01248.320 01311.671 01267.321 01262.882 01269.651 01290.379 01253.236 01255.511 01256.859 01328.422
-9999.0 -9999.0 -9999.0 -9999.0 -9999.0 -9999.0 -9999.0 -9999.0 -9999.0 -9999.0 -9999.0 -9999.0 -9999.0 -9999.0 -9999.0 -9999.0 -9999.0 -9999.0 -9999.0 -9999.0 -9999.0 -9999.0 -9999.0 02819.944 02780.755 02769.263 02760.901 02763.099 02736.490 01789.785 01580.755 01448.904 01397.827 01377.584 01356.888 01337.347 01339.776 01380.722 01315.796 01279.499 01266.468 01236.817 00491.349 00422.281 00387.420 00361.654 00342.421 00329.580 00323.230 00323.768 00330.883 00351.055 00390.605 00491.295 01266.463 01292.293 01325.781 01312.212 01306.756 01397.408 01414.164 01347.732 01297.399 01297.284 01306.539 01299.759 01295.867 01303.193 01307.918 01340.475
-9999.0 -9999.0 -9999.0 -9999.0 -9999.0 -9999.0 -9999.0 -9999.0 -9999.0 -9999.0 -9999.0 -9999.0 -9999.0 -9999.0 -9999.0 -9999.0 -9999.0 -9999.0 -9999.0 -9999.0 -9999.0 -9999.0 -9999.0 02829.417 02790.582 02774.880 02748.308 02333.692 02040.715 01730.726 01569.339 01443.054 01403.168 01394.632 01395.389 01380.708 01402.371 01456.603 01372.044 01289.000 01137.906 00974.588 00726.614 00558.179 00472.107 00436.508 00410.228 00395.082 00390.206 00391.041 00400.635 00433.874 00494.441 01264.601 01343.554 01367.772 01382.817 01377.370 01377.248 01555.574 01479.808 01368.861 01326.813 01329.365 01333.138 01327.762 01328.913 01337.147 01343.503 01361.109
-9999.0 -9999.0 -9999.0 -9999.0 -9999.0 -9999.0 -9999.0 -9999.0 -9999.0 -9999.0 -9999.0 -9999.0 -9999.0 -9999.0 -9999.0 -9999.0 -9999.0 -9999.0 -9999.0 -9999.0 -9999.0 -9999.0 -9999.0 02827.203 02783.495 02761.591 02726.815 02283.329 01934.282 01708.200 01571.615 01470.466 01421.511 01423.815 01516.986 01534.236 01554.585 01472.000 01345.105 01199.329 01064.021 00933.411 00817.173 00793.406 01245.297 01229.467 01209.989 00523.445 00519.384 00519.932 01203.361 01238.868 01265.110 01306.458 01454.392 01518.422 01521.215 01516.717 01552.046 01610.306 01491.893 01381.427 01354.545 01359.065 01356.529 01354.471 01358.472 01365.431 01373.977 01388.598
-9999.0 -9999.0 -9999.0 -9999.0 -9999.0 -9999.0 -9999.0 -9999.0 -9999.0 -9999.0 -9999.0 -9999.0 -9999.0 -9999.0 -9999.0 -9999.0 -9999.0 -9999.0 -9999.0 -9999.0 -9999.0 -9999.0 -9999.0 02803.553 02777.461 02763.830 02733.644 02294.834 02036.386 01773.900 01613.026 01492.167 01446.450 01451.361 01573.506 -9999.0 01564.983 01457.988 01344.750 01216.890 01095.305 01006.058 00969.563 01021.992 01280.297 01273.829 01272.591 01271.501 01270.153 01270.857 01275.111 01286.376 01305.453 01336.228 01506.889 01724.307 01711.138 01713.609 01632.384 01567.025 01515.747 01411.067 01380.469 01383.784 01380.435 01380.874 01386.261 01393.141 01402.410 01417.065
-9999.0 -9999.0 -9999.0 -9999.0 -9999.0 -9999.0 -9999.0 -9999.0 -9999.0 -9999.0 -9999.0 -9999.0 -9999.0 -9999.0 -9999.0 -9999.0 -9999.0 -9999.0 -9999.0 -9999.0 -9999.0 -9999.0 -9999.0 02818.758 02778.720 02760.126 02735.006 02325.390 02074.471 01788.417 01628.447 01504.634 01471.250 01478.412 01644.411 -9999.0 01586.944 01476.912 01375.201 01263.412 01194.544 01152.020 01135.782 01234.649 01307.565 01306.146 01305.592 01305.464 01305.386 01334.204 01330.913 01351.144 -9999.0 -9999.0 01598.007 01983.395 01827.776 01636.889 01502.862 01457.182 01436.706 01410.013 -9999.0 -9999.0 -9999.0 -9999.0 -9999.0 01420.289 01429.911 01444.227
-9999.0 -9999.0 -9999.0 -9999.0 -9999.0 -9999.0 -9999.0 -9999.0 -9999.0 -9999.0 -9999.0 -9999.0 -9999.0 -9999.0 -9999.0 -9999.0 -9999.0 -9999.0 -9999.0 -9999.0 -9999.0 -9999.0 -9999.0 02820.086 02784.242 02768.303 02756.772 02333.588 02089.429 01805.620 01641.771 01527.028 01495.537 01504.836 01620.265 -9999.0 01636.104 01521.518 01429.338 01370.516 01328.301 01310.415 01331.757 01362.021 01333.768 01334.639 01334.173 01335.055 01336.176 01408.642 01405.212 01431.086 -9999.0 -9999.0 01916.260 02137.637 01797.972 01605.145 01477.471 01454.406 01439.079 01444.492 -9999.0 -9999.0 -9999.0 -9999.0 -9999.0 01448.197 01456.830 01471.020
-9999.0 -9999.0 -9999.0 -9999.0 -9999.0 -9999.0 -9999.0 -9999.0 -9999.0 -9999.0 -9999.0 -9999.0 -9999.0 -9999.0 -9999.0 -9999.0 -9999.0 -9999.0 -9999.0 -9999.0 -9999.0 -9999.0 -9999.0 02843.733 02761.943 02627.017 02465.900 02340.979 02128.828 01871.956 01698.667 01568.110 01520.387 01531.261 01568.678 01639.716 01655.642 01602.064 01529.891 01488.586 01464.134 01448.166 01477.886 01368.831 01356.869 01359.815 01360.551 01376.714 01381.135 01460.398 01469.214 01497.225 01713.685 02219.733 02284.095 02248.475 02118.009 -9999.0 -9999.0 01487.752 01483.312 01522.305 -9999.0 -9999.0 01528.791 01507.751 01485.790 01474.040 01483.335 01497.801
-9999.0 -9999.0 -9999.0 -9999.0 -9999.0 -9999.0 -9999.0 -9999.0 -9999.0 -9999.0 -9999.0 -9999.0 -9999.0 -9999.0 -9999.0 -9999.0 -9999.0 -9999.0 -9999.0 -9999.0 -9999.0 -9999.0 -9999.0 02816.283 02712.983 02599.119 02477.403 02367.631 02237.853 01954.249 01735.738 01599.354 01547.435 01558.055 01598.684 01658.443 01700.489 01760.990 01682.830 01640.170 01602.872 01612.105 01495.782 01426.879 01383.231 01384.864 01382.891 01435.155 01443.300 01494.841 01523.876 01554.616 01732.332 02132.590 02450.693 02389.530 02407.428 -9999.0 -9999.0 01675.450 01675.580 01762.396 -9999.0 -9999.0 01524.399 01505.217 01499.399 01499.039 01509.649 01524.341
-9999.0 -9999.0 -9999.0 -9999.0 -9999.0 -9999.0 -9999.0 -9999.0 -9999.0 -9999.0 -9999.0 -9999.0 -9999.0 -9999.0 -9999.0 -9999.0 -9999.0 -9999.0 -9999.0 -9999.0 -9999.0 -9999.0 -9999.0 02810.922 02719.238 02588.822 02441.730 02296.726 01967.452 01819.194 01803.596 01646.641 01576.855 01599.056 01635.163 01690.314 01758.228 -9999.0 -9999.0 01774.847 01740.652 01626.407 01501.996 01418.096 01408.713 01406.033 01402.556 01463.106 01499.180 01546.203 01590.794 01634.309 01850.855 02179.036 02566.646 02541.272 02585.002 -9999.0 -9999.0 01959.989 01989.596 02105.876 -9999.0 -9999.0 01532.667 01524.639 01521.611 01525.358 01535.797 01550.628
-9999.0 -9999.0 -9999.0 -9999.0 -9999.0 -9999.0 -9999.0 -9999.0 -9999.0 -9999.0 -9999.0 -9999.0 -9999.0 -9999.0 -9999.0 -9999.0 -9999.0 -9999.0 -9999.0 -9999.0 -9999.0 -9999.0 -9999.0 02769.539 02742.412 02742.181 02735.933 02114.002 01787.187 01694.675 01666.862 01623.254 01626.816 01643.599 01678.132 01724.847 01784.428 01733.266 01704.238 01676.005 01641.185 01610.102 01541.043 01463.893 01438.182 01432.977 01426.845 01545.509 01611.941 01689.823 01736.780 01802.224 02024.866 02336.907 02628.316 02678.031 02736.227 -9999.0 -9999.0 -9999.0 -9999.0 -9999.0 -9999.0 -9999.0 -9999.0 -9999.0 -9999.0 -9999.0 -9999.0 01627.928
-9999.0 -9999.0 -9999.0 -9999.0 -9999.0 -9999.0 -9999.0 -9999.0 -9999.0 -9999.0 -9999.0 -9999.0 -9999.0 -9999.0 -9999.0 -9999.0 -9999.0 -9999.0 -9999.0 -9999.0 -9999.0 -9999.0 02874.209 02789.100 02761.723 02768.693 02742.690 02030.721 01735.557 01688.488 01673.413 01664.864 01673.361 01690.816 01721.684 01774.602 01769.118 01726.161 01701.726 01679.464 01660.439 01649.072 01617.214 01528.433 01498.796 01483.634 01493.246 01688.721 01880.819 01990.950 02042.706 02105.889 02278.408 02487.152 02739.036 02808.420 02873.549 -9999.0 -9999.0 -9999.0 -9999.0 -9999.0 -9999.0 -9999.0 -9999.0 -9999.0 -9999.0 -9999.0 -9999.0 01960.786
-9999.0 -9999.0 -9999.0 -9999.0 -9999.0 -9999.0 -9999.0 -9999.0 -9999.0 -9999.0 -9999.0 -9999.0 -9999.0 -9999.0 -9999.0 -9999.0 -9999.0 -9999.0 -9999.0 -9999.0 -9999.0 -9999.0 02819.016 02704.413 02579.875 02428.199 02310.189 02055.452 01783.337 01719.185 01707.103 01708.692 01721.429 01742.251 01782.001 01840.500 01796.910 01752.524 01725.218 01706.292 01693.942 01698.566 01723.527 01639.040 01596.013 01570.678 01620.855 01810.882 02215.682 02296.733 02312.970 02345.326 02457.606 02644.173 02851.734 -9999.0 -9999.0 -9999.0 -9999.0 -9999.0 -9999.0 -9999.0 -9999.0 -9999.0 -9999.0 -9999.0 -9999.0 -9999.0 -9999.0 02253.071
