tests/Case_4_SpreadRate.asc
NCOLS 245
NROWS 163
XLLCORNER 4208400.000000
YLLCORNER 1880200.000000
CELLSIZE 100.000000
NODATA_VALUE -9999.0
[rows 124 to 154 of 163, columns 69 to 137 of 245]
-9999.0 -9999.0 -9999.0 -9999.0 -9999.0 -9999.0 -9999.0 -9999.0 -9999.0 -9999.0 -9999.0 -9999.0 -9999.0 00.44 00.52 00.63 00.71 01.22 01.12 01.12 00.63 00.34 00.53 00.49 00.44 00.64 00.79 00.78 00.64 00.50 04.13 04.33 03.25 02.20 01.45 00.85 00.99 01.49 01.90 02.12 02.18 02.26 01.49 00.68 00.73 01.76 01.85 04.33 04.23 03.97 03.63 03.00 00.76 01.49 01.23 03.34 03.59 03.76 04.09 03.35 01.47 00.83 00.89 01.04 00.69 00.78 00.78 02.20 03.27
-9999.0 -9999.0 -9999.0 -9999.0 -9999.0 -9999.0 -9999.0 -9999.0 -9999.0 -9999.0 -9999.0 00.63 00.85 00.84 00.73 00.70 00.68 00.61 01.22 01.23 00.99 00.17 00.70 00.78 00.56 00.98 01.42 01.21 01.09 00.78 04.14 04.34 01.04 01.14 01.09 01.66 01.22 00.84 00.92 01.37 01.35 01.06 01.25 01.26 03.95 04.49 04.83 04.25 04.03 03.81 03.48 02.89 01.93 05.15 04.49 04.71 04.68 04.67 04.65 04.64 00.91 01.17 01.66 02.06 02.73 03.07 03.42 03.60 03.82
-9999.0 -9999.0 -9999.0 -9999.0 -9999.0 -9999.0 -9999.0 -9999.0 -9999.0 -9999.0 00.53 01.00 00.98 00.94 00.84 00.52 00.51 00.61 01.24 01.21 00.95 00.26 00.75 00.77 00.52 01.17 01.44 01.56 01.06 00.62 04.04 03.73 01.48 02.40 01.56 02.00 02.26 01.57 01.24 01.33 01.55 01.55 00.22 01.32 04.05 04.74 04.24 04.06 03.90 03.62 03.33 02.88 03.17 05.06 05.11 05.04 04.97 04.89 04.74 04.50 01.29 01.02 00.55 01.41 03.04 03.55 03.88 04.10 04.20
-9999.0 -9999.0 -9999.0 -9999.0 -9999.0 -9999.0 -9999.0 -9999.0 -9999.0 -9999.0 01.01 01.20 01.09 01.08 00.70 01.28 01.13 00.53 00.68 01.09 00.49 00.40 00.75 00.77 00.67 01.10 01.41 01.47 01.08 00.89 00.75 01.26 01.97 02.58 02.57 02.03 02.34 01.85 01.49 01.60 01.92 00.71 01.86 01.86 02.06 04.36 03.99 03.90 03.71 03.46 03.24 03.71 04.50 04.65 04.71 04.77 04.82 01.60 01.18 00.94 01.95 01.43 00.15 00.99 01.88 03.62 04.17 04.39 04.48
-9999.0 -9999.0 -9999.0 -9999.0 -9999.0 -9999.0 -9999.0 -9999.0 -9999.0 -9999.0 01.15 01.13 01.16 00.85 00.67 01.27 00.73 00.62 00.50 00.45 00.46 00.52 00.79 00.86 00.74 00.98 01.40 01.48 01.21 01.29 01.44 01.75 02.08 02.55 02.77 02.43 02.27 02.43 01.60 01.13 01.21 00.74 01.94 02.08 02.44 02.91 03.22 03.39 03.55 03.69 03.82 03.97 04.16 04.36 04.45 04.52 04.56 01.49 00.05 00.87 03.35 01.93 00.67 00.79 01.71 03.43 04.22 04.41 04.50
-9999.0 -9999.0 -9999.0 -9999.0 -9999.0 -9999.0 -9999.0 -9999.0 -9999.0 00.64 01.23 01.16 01.17 00.67 00.59 00.94 00.64 00.31 00.32 00.61 00.70 00.49 01.00 00.98 00.78 00.12 01.41 01.52 01.70 01.44 01.57 01.87 02.13 02.38 02.60 03.05 03.96 03.33 01.09 00.97 00.96 00.62 01.94 02.10 02.45 02.79 03.08 03.24 03.42 03.53 03.66 03.76 03.89 04.04 04.21 04.30 04.35 01.39 00.44 00.74 03.02 01.53 00.21 01.00 01.74 03.91 04.43 04.53 04.60
-9999.0 -9999.0 -9999.0 -9999.0 -9999.0 -9999.0 -9999.0 00.63 00.79 00.83 00.79 01.08 01.22 00.69 00.56 00.37 01.43 01.65 01.71 01.94 00.56 00.50 00.89 00.92 00.96 00.57 01.25 01.60 01.76 01.90 02.10 01.80 03.40 03.72 05.09 04.14 04.24 02.26 00.63 00.54 03.81 04.28 01.94 02.14 02.44 02.70 02.97 03.11 03.25 03.41 03.50 03.62 03.72 03.79 03.99 04.07 04.16 04.19 04.46 01.84 01.53 00.80 00.55 01.33 02.54 04.03 04.51 04.56 04.61
-9999.0 -9999.0 -9999.0 -9999.0 -9999.0 -9999.0 00.80 01.08 00.99 00.90 00.80 00.66 00.53 00.54 00.54 00.16 01.64 01.71 01.72 01.44 00.49 00.49 00.58 00.61 00.71 00.75 01.19 01.59 01.71 01.85 02.12 02.13 03.81 04.62 05.51 04.42 04.29 02.41 00.61 00.49 04.42 04.53 04.29 02.19 02.40 02.59 02.84 03.02 03.12 03.27 03.37 03.48 03.58 03.65 03.72 03.87 03.98 04.07 03.96 02.34 01.89 00.79 00.67 01.62 03.04 04.22 04.52 04.55 04.66
-9999.0 -9999.0 -9999.0 -9999.0 -9999.0 -9999.0 01.08 01.25 01.16 01.16 01.55 01.60 01.55 01.37 01.34 00.26 01.12 01.07 00.87 00.88 00.78 00.64 00.51 01.39 01.89 02.02 02.27 02.25 02.25 02.66 03.16 02.60 03.50 04.20 04.85 02.03 02.06 01.52 00.63 00.67 00.78 00.39 04.32 04.34 02.61 02.50 02.73 02.92 03.00 03.12 03.25 03.34 03.45 03.53 03.59 03.65 03.73 03.60 03.08 02.65 02.14 01.04 00.57 01.58 03.18 04.07 04.30 04.40 04.45
-9999.0 -9999.0 -9999.0 -9999.0 -9999.0 00.74 00.85 01.11 01.22 01.22 01.86 02.04 01.74 01.49 00.87 01.18 01.75 00.57 00.78 00.83 00.83 00.63 00.68 01.49 01.99 02.18 02.32 02.46 02.51 02.69 03.11 02.68 03.30 03.97 04.61 02.22 02.23 00.78 00.83 00.80 00.93 00.55 04.56 04.03 03.61 04.25 03.19 02.77 02.91 03.00 03.11 03.23 03.29 03.38 03.59 03.72 03.61 03.34 03.04 02.61 02.01 00.70 00.80 01.84 03.41 04.22 04.46 04.54 04.59
-9999.0 -9999.0 -9999.0 -9999.0 01.01 01.06 00.91 00.77 00.72 01.16 02.54 02.90 01.60 01.10 00.61 01.53 00.90 00.73 00.79 00.75 00.61 00.62 00.69 01.51 02.08 02.26 02.40 02.55 02.73 02.83 02.68 02.80 03.15 02.50 02.90 01.70 01.78 01.07 00.75 00.59 00.58 00.51 04.53 03.63 03.17 02.93 04.29 04.34 04.30 04.25 04.18 04.08 04.01 03.89 03.78 03.67 03.49 03.16 02.90 02.37 01.27 00.36 01.15 02.22 03.84 04.36 04.56 04.63 04.69
01.65 01.17 -9999.0 00.72 01.11 01.12 01.15 02.89 02.07 01.42 01.65 02.10 01.49 01.31 01.71 00.78 00.43 00.73 00.78 00.64 01.02 00.30 00.54 01.31 02.00 02.28 02.46 02.62 02.84 03.09 02.20 02.25 02.29 02.38 03.02 02.10 01.02 00.95 00.68 00.48 00.50 04.74 03.91 03.52 03.03 02.81 03.91 04.17 04.17 04.12 04.05 03.96 03.87 03.75 03.63 03.45 03.31 02.97 02.59 01.62 00.35 00.85 01.76 02.86 04.00 04.37 04.55 04.67 04.72
02.02 01.77 00.83 01.05 00.91 00.83 01.03 02.78 01.43 01.53 02.06 02.29 01.42 01.92 01.97 00.48 00.78 00.84 00.83 00.63 01.06 00.40 00.35 01.20 01.78 02.30 02.50 02.67 02.80 02.11 02.21 02.23 02.23 02.26 02.08 00.86 00.70 00.69 00.61 00.44 01.36 02.70 02.44 02.32 02.36 02.94 03.65 03.99 03.93 03.87 03.80 03.73 03.66 03.52 03.36 03.17 02.91 01.99 01.51 00.46 00.72 01.50 02.41 03.77 04.21 04.38 04.40 04.57 04.68
02.20 01.95 01.12 01.09 01.11 03.02 03.00 01.41 01.38 01.60 03.64 03.77 01.32 00.77 00.51 00.06 00.76 01.38 01.14 01.09 01.09 00.67 00.13 00.82 01.62 02.25 02.32 02.13 02.10 02.19 02.25 02.21 02.17 02.16 01.88 01.86 01.84 01.77 01.60 01.15 00.24 01.21 01.01 00.70 01.58 01.01 00.47 03.63 03.60 03.56 03.48 03.40 03.28 03.06 02.72 02.03 01.77 00.99 00.33 00.81 01.50 02.30 03.57 04.09 04.33 04.54 04.68 04.57 04.58
02.48 02.07 01.23 01.17 01.19 03.23 01.48 01.44 01.70 02.92 04.82 02.05 00.66 00.76 01.75 00.50 00.77 01.40 01.15 01.14 01.12 00.94 00.32 00.47 01.28 01.85 01.99 02.07 02.14 02.26 02.28 02.18 02.13 02.02 01.90 01.91 01.88 01.85 01.81 01.90 01.21 00.77 01.10 00.93 00.67 01.52 00.43 02.32 02.42 02.38 02.33 02.28 02.19 01.79 01.31 00.73 00.31 00.65 01.11 01.84 02.50 03.58 03.94 04.12 04.34 04.54 04.66 04.74 04.78
02.72 02.10 00.75 01.20 01.16 03.35 01.53 01.50 03.75 04.28 03.35 01.56 00.24 01.69 00.98 00.26 00.77 01.44 01.23 01.16 01.14 01.10 00.53 00.13 00.83 01.59 02.02 02.10 02.16 02.28 02.30 02.19 02.14 02.08 01.95 01.98 02.01 01.94 01.98 02.25 02.13 02.11 02.35 02.38 02.43 01.14 01.79 00.42 00.94 01.01 00.86 00.65 00.14 00.36 00.59 00.86 01.18 01.68 02.29 03.16 03.77 04.02 04.14 04.16 04.26 04.45 04.58 04.68 04.75
03.12 03.14 03.07 03.15 02.43 03.49 01.61 01.76 02.38 04.16 02.82 00.89 00.71 01.76 01.67 01.59 01.25 01.46 01.47 01.19 01.16 01.07 00.68 00.14 00.81 01.59 02.03 02.12 02.17 02.34 02.31 02.30 02.17 02.18 02.00 02.21 02.53 00.67 00.72 00.63 00.63 00.71 00.71 00.77 00.78 01.01 00.50 00.86 00.75 00.79 00.85 00.92 01.03 01.32 01.49 01.96 02.55 03.14 03.35 03.64 03.91 04.12 04.24 04.31 04.30 04.32 04.49 04.60 04.69
03.55 03.58 03.61 03.60 03.49 03.38 01.53 02.60 03.24 02.51 01.94 00.90 00.72 01.72 01.78 01.91 01.64 01.47 01.44 01.15 01.11 01.07 00.73 00.16 00.78 01.59 02.04 02.16 02.21 02.37 02.34 02.41 02.25 02.23 02.01 02.31 01.87 01.18 00.79 00.69 00.64 00.72 00.75 01.00 01.14 01.11 00.51 01.74 01.94 02.04 02.16 02.27 02.47 02.66 03.17 03.14 03.35 03.51 03.54 03.65 03.89 04.07 04.25 04.34 04.38 04.41 04.40 04.50 04.60
03.63 03.49 03.54 03.57 03.61 03.64 01.73 01.88 03.43 02.80 01.65 01.06 00.70 01.63 01.78 01.93 01.90 01.39 01.40 01.18 01.11 01.08 00.79 00.19 00.78 01.58 02.06 02.20 02.25 02.42 02.31 02.41 02.40 02.31 02.40 02.07 01.64 01.58 01.68 00.95 00.98 01.02 02.20 02.83 03.65 02.44 00.53 02.06 02.50 02.61 02.90 03.10 03.27 03.43 03.46 03.27 03.43 03.66 03.76 03.68 03.81 04.00 04.17 04.28 04.37 04.45 04.47 04.46 04.48
03.56 03.61 03.68 03.70 03.71 03.66 01.69 02.30 03.34 02.61 01.59 01.23 00.22 01.68 01.66 01.72 01.81 01.39 01.40 01.14 01.11 01.08 00.85 00.24 00.71 01.52 02.06 02.20 02.32 02.44 02.32 02.52 02.56 02.50 02.55 02.88 03.45 01.96 02.29 02.18 01.20 00.76 02.25 02.66 03.26 02.86 00.56 02.29 02.65 02.78 02.89 03.15 03.46 03.66 03.60 03.50 03.44 03.65 03.82 03.81 03.77 03.90 04.04 04.22 04.34 04.41 04.48 04.51 04.49
03.65 03.69 03.70 03.69 03.67 03.68 02.60 02.75 03.07 02.36 01.46 01.23 00.61 01.39 01.66 01.74 01.84 01.40 01.40 01.26 01.12 01.09 01.00 00.31 00.52 01.29 01.99 02.25 02.36 02.39 02.52 02.55 02.63 02.80 02.85 03.73 04.06 02.11 02.22 02.17 00.94 00.75 02.77 02.77 03.30 02.05 00.55 02.47 02.73 02.88 02.88 03.17 03.41 03.63 03.74 03.64 03.43 03.57 03.75 03.91 03.80 03.84 03.96 04.09 04.25 04.35 04.43 04.51 04.54
03.65 03.64 03.67 03.72 03.71 03.85 04.43 03.03 02.86 01.96 01.27 01.20 00.69 01.29 01.66 01.74 01.84 01.39 01.39 01.38 01.13 01.11 01.06 00.40 00.35 01.24 01.79 02.24 02.28 02.41 02.58 02.59 02.76 02.92 03.02 03.74 04.01 02.06 02.22 02.18 01.97 02.20 02.83 03.57 02.94 01.87 01.51 02.52 02.74 02.93 02.92 03.11 03.42 03.59 03.76 03.74 03.65 03.55 03.67 03.84 03.96 03.81 03.90 04.00 04.17 04.28 04.36 04.45 04.54
03.63 03.68 03.71 03.73 03.73 03.76 03.86 03.75 04.28 01.84 01.42 01.18 01.00 00.72 01.64 01.76 01.80 01.40 01.39 01.39 01.13 01.12 01.07 00.56 00.09 00.91 01.68 02.16 02.34 02.53 02.53 02.74 02.82 03.00 03.15 03.76 04.29 02.49 02.20 01.94 02.28 02.53 03.03 02.93 02.13 02.10 02.26 02.52 02.77 02.94 02.95 03.09 03.35 03.51 03.70 03.83 03.74 03.54 03.63 03.76 03.92 04.00 03.85 03.95 04.04 04.20 04.30 04.38 04.47
03.87 03.68 03.71 03.72 03.68 03.66 03.79 05.54 04.08 01.82 01.56 01.20 01.08 00.64 01.55 01.80 01.81 01.77 01.39 01.39 01.13 01.12 01.09 00.83 00.25 00.62 01.33 02.05 02.40 02.50 02.49 02.68 03.08 03.00 03.30 03.85 04.30 03.17 01.91 00.97 02.43 02.74 03.01 02.36 02.39 02.19 02.35 02.61 02.81 02.94 02.99 03.09 03.27 03.46 03.61 03.76 03.87 03.75 03.60 03.71 03.84 03.97 04.05 03.90 03.99 04.08 04.19 04.30 04.39
04.22 03.66 03.66 03.63 03.61 04.08 04.74 05.56 04.11 02.26 01.59 01.20 01.12 00.29 01.60 01.81 01.83 01.88 01.38 01.39 01.19 01.13 01.11 01.05 00.39 00.35 01.21 01.83 02.39 02.46 02.53 02.66 02.91 03.29 03.24 03.77 03.72 01.39 01.55 00.84 02.52 02.83 02.57 02.40 02.50 02.37 02.44 02.65 02.84 02.95 03.03 03.06 03.29 03.43 03.56 03.70 03.82 03.83 03.64 03.66 03.77 03.90 04.02 03.82 03.92 03.99 04.10 04.22 04.36
04.21 03.94 03.58 03.67 03.60 04.00 06.51 06.20 04.73 03.38 01.61 01.17 01.13 00.30 01.57 01.71 01.81 01.88 01.40 01.41 01.41 01.14 01.12 01.09 00.66 00.14 00.81 01.42 02.05 02.43 02.57 02.67 02.88 03.09 03.45 03.51 03.33 01.04 01.09 00.54 02.69 02.68 02.36 02.46 02.56 02.70 02.58 02.70 02.85 02.94 03.05 03.06 03.21 03.39 03.53 03.65 03.77 03.88 03.80 03.62 03.70 03.85 03.94 04.00 03.87 03.91 04.05 04.17 04.25
04.17 04.17 03.59 03.62 03.62 03.84 06.01 06.51 05.03 03.70 01.63 01.29 01.28 00.65 01.18 01.68 01.80 01.84 01.51 01.41 01.43 01.15 01.14 01.12 00.97 00.34 00.37 00.97 01.78 02.39 02.58 02.66 02.89 03.03 03.36 03.62 03.38 03.52 05.17 02.19 02.56 02.35 02.28 02.48 02.65 02.77 02.98 03.16 02.85 02.95 03.05 03.07 03.17 03.36 03.49 03.60 03.72 03.83 03.93 03.80 03.67 03.77 03.88 03.94 03.88 03.84 03.97 00.98 00.72
04.10 04.14 03.73 03.65 03.65 03.73 03.88 06.67 05.87 03.90 01.51 01.35 01.40 01.10 00.70 01.60 01.79 01.83 01.87 01.41 01.44 01.29 01.16 01.15 01.11 00.67 00.24 00.60 01.38 01.95 02.49 02.66 02.86 03.02 03.36 03.48 03.45 04.93 05.37 02.43 02.50 02.31 02.33 02.52 02.70 02.80 03.01 03.19 03.34 03.51 03.24 03.07 03.15 03.30 03.46 03.56 03.67 03.78 03.87 03.97 03.68 03.70 03.85 04.07 04.67 04.92 04.83 01.22 00.90
04.11 04.15 04.02 03.54 03.56 03.70 03.86 06.50 05.21 04.29 01.41 01.30 01.30 01.20 00.24 01.66 01.79 01.83 01.89 01.42 01.45 01.47 01.18 01.17 01.14 01.09 00.45 00.11 00.91 01.50 02.07 02.62 02.81 03.01 03.41 03.35 03.56 04.48 05.39 04.47 02.73 02.32 02.50 02.48 02.73 02.85 03.10 03.17 03.34 03.51 03.62 03.68 03.75 03.77 03.77 03.79 03.93 04.18 04.59 04.95 04.77 04.63 04.72 04.92 04.69 02.29 00.84 00.98 00.86
03.94 04.00 04.09 03.66 03.62 03.57 03.66 06.45 06.99 04.66 03.36 01.23 01.23 01.20 00.50 01.51 01.77 01.88 01.89 01.75 01.46 01.49 01.48 01.19 01.16 01.10 00.89 00.31 00.43 01.08 01.81 02.23 02.72 02.98 03.39 03.42 04.03 04.55 04.87 04.76 02.48 02.36 02.56 02.50 02.69 02.87 03.11 03.18 03.33 03.48 03.59 03.66 03.72 03.84 04.09 04.25 04.44 04.58 04.71 04.91 05.00 04.67 04.67 04.76 04.89 00.94 00.67 00.65 00.68
03.98 03.90 04.09 03.60 03.65 03.66 03.88 05.71 06.89 04.74 03.68 01.25 01.16 01.22 00.83 00.75 01.71 01.91 01.87 01.93 01.45 01.49 01.51 01.25 01.15 01.13 01.10 00.63 00.24 00.57 01.23 01.90 02.26 02.90 03.21 03.57 03.71 04.28 04.25 04.11 02.48 02.42 02.53 02.48 02.59 02.81 03.09 03.17 03.31 03.45 03.58 03.65 03.68 03.79 04.00 04.18 04.30 04.49 04.61 04.76 04.91 05.01 04.62 04.71 04.64 00.77 00.78 00.86 00.36
