tests/Case_9_SpreadRate.asc
NCOLS 226
NROWS 150
XLLCORNER 2938400.000000
YLLCORNER 2059400.000000
CELLSIZE 100.000000
NODATA_VALUE -9999.0
[rows 29 to 57 of 150, columns 67 to 133 of 226]
04.07 03.48 02.41 02.55 02.60 02.51 02.21 02.05 02.06 01.62 01.47 01.48 02.34 04.65 05.06 03.62 02.38 02.82 02.05 01.79 01.61 01.49 01.35 01.38 01.55 01.55 01.46 01.46 01.36 01.58 01.55 01.30 01.35 01.57 00.42 00.37 00.22 00.24 00.27 00.31 00.37 00.30 00.30 00.38 -9999.0 -9999.0 -9999.0 -9999.0 -9999.0 -9999.0 -9999.0 -9999.0 -9999.0 -9999.0 -9999.0 -9999.0 -9999.0 -9999.0 -9999.0 -9999.0 -9999.0 -9999.0 -9999.0 -9999.0 -9999.0 -9999.0 -9999.0
04.28 02.86 02.41 02.74 03.49 05.23 04.74 02.98 02.80 01.37 01.42 01.47 01.67 04.71 03.51 02.44 01.92 01.69 02.33 01.90 01.65 01.30 00.60 00.55 00.97 00.89 01.04 01.08 01.10 01.26 01.36 01.39 01.41 01.72 00.35 00.29 00.31 00.49 00.66 00.63 00.58 00.42 00.23 00.57 -9999.0 -9999.0 -9999.0 -9999.0 -9999.0 -9999.0 -9999.0 -9999.0 -9999.0 -9999.0 -9999.0 -9999.0 -9999.0 -9999.0 -9999.0 -9999.0 -9999.0 -9999.0 -9999.0 -9999.0 -9999.0 -9999.0 -9999.0
02.37 02.41 03.11 04.60 00.94 01.03 01.17 01.21 00.57 01.80 01.51 01.58 01.78 01.92 01.90 01.78 01.68 01.80 01.56 02.21 02.12 01.15 02.08 01.83 01.56 00.58 00.54 01.47 02.03 02.05 02.14 02.18 -9999.00 02.31 01.69 02.03 02.19 01.29 02.20 00.80 00.66 00.44 00.71 00.93 00.38 00.45 00.57 -9999.0 -9999.0 -9999.0 -9999.0 -9999.0 -9999.0 -9999.0 -9999.0 -9999.0 -9999.0 -9999.0 -9999.0 -9999.0 -9999.0 -9999.0 -9999.0 -9999.0 -9999.0 -9999.0 -9999.0
02.64 03.41 04.29 05.60 00.46 00.47 00.45 00.51 00.66 02.28 01.73 01.48 01.39 01.35 01.43 01.50 01.55 02.26 01.43 01.49 02.56 01.62 02.02 01.92 01.87 01.66 01.27 00.31 00.82 -9999.00 -9999.00 -9999.00 -9999.00 -9999.00 01.68 01.82 02.27 01.50 01.67 00.80 00.63 00.21 00.56 00.47 00.32 00.40 00.43 -9999.0 -9999.0 -9999.0 -9999.0 -9999.0 -9999.0 -9999.0 -9999.0 -9999.0 -9999.0 -9999.0 -9999.0 -9999.0 -9999.0 -9999.0 -9999.0 -9999.0 -9999.0 -9999.0 -9999.0
03.35 04.74 04.63 03.93 00.24 00.56 00.44 00.28 00.54 02.68 02.05 01.42 00.96 01.00 01.28 01.63 01.72 01.41 00.53 00.91 01.20 01.80 02.20 02.02 01.98 01.87 01.82 01.57 02.63 -9999.00 -9999.00 -9999.00 -9999.00 -9999.00 -9999.00 -9999.00 01.26 00.73 00.71 00.46 00.37 00.24 01.12 00.51 00.12 00.18 00.28 -9999.0 -9999.0 -9999.0 -9999.0 -9999.0 -9999.0 -9999.0 -9999.0 -9999.0 -9999.0 -9999.0 -9999.0 -9999.0 -9999.0 -9999.0 -9999.0 -9999.0 -9999.0 -9999.0 -9999.0
04.03 03.94 00.43 00.34 00.58 00.64 00.67 03.90 03.66 02.98 02.16 01.05 02.28 02.09 01.29 01.10 00.73 01.59 01.49 02.41 02.37 02.35 02.13 02.15 02.07 01.97 01.93 01.86 -9999.00 -9999.00 -9999.00 -9999.00 -9999.00 -9999.00 -9999.00 -9999.00 02.44 02.32 02.36 01.10 01.57 01.11 00.71 00.75 00.71 00.48 00.52 00.78 01.06 00.87 -9999.0 -9999.0 -9999.0 -9999.0 -9999.0 -9999.0 -9999.0 -9999.0 -9999.0 -9999.0 -9999.0 -9999.0 -9999.0 -9999.0 -9999.0 -9999.0 -9999.0
03.14 02.34 00.22 00.46 00.65 00.62 00.63 03.12 01.94 01.49 01.18 00.71 03.12 02.50 01.69 01.88 01.66 01.92 02.48 02.53 02.47 02.25 02.24 02.19 02.11 02.09 02.04 02.08 -9999.00 -9999.00 -9999.00 -9999.00 -9999.00 -9999.00 -9999.00 -9999.00 02.49 02.41 02.45 01.00 00.90 00.85 00.80 00.82 00.77 00.78 00.35 00.61 00.95 00.99 -9999.0 -9999.0 -9999.0 -9999.0 -9999.0 -9999.0 -9999.0 -9999.0 -9999.0 -9999.0 -9999.0 -9999.0 -9999.0 -9999.0 -9999.0 -9999.0 -9999.0
00.38 00.30 00.20 00.46 00.49 00.49 00.47 00.80 00.86 00.72 00.35 00.56 00.34 01.85 03.39 03.37 02.85 02.63 02.65 02.66 02.82 02.82 02.33 02.22 02.20 02.13 02.17 -9999.00 -9999.00 -9999.00 -9999.00 -9999.00 -9999.00 -9999.00 -9999.00 -9999.00 02.65 02.57 02.57 02.62 02.70 02.71 01.50 01.05 00.94 00.85 00.72 00.19 00.34 00.89 00.55 -9999.0 -9999.0 -9999.0 -9999.0 -9999.0 -9999.0 -9999.0 -9999.0 -9999.0 -9999.0 -9999.0 -9999.0 -9999.0 -9999.0 -9999.0 -9999.0
00.35 00.23 00.40 00.32 00.39 00.39 00.45 00.76 00.38 00.49 00.74 00.09 02.53 01.93 02.98 03.25 03.29 02.95 02.67 02.42 02.57 02.83 02.28 02.37 02.26 02.21 -9999.00 -9999.00 -9999.00 -9999.00 -9999.00 -9999.00 -9999.00 -9999.00 -9999.00 -9999.00 02.85 02.87 02.88 02.90 02.95 02.98 01.21 01.24 00.96 00.89 00.92 00.31 00.32 00.77 00.55 -9999.0 -9999.0 -9999.0 -9999.0 -9999.0 -9999.0 -9999.0 -9999.0 -9999.0 -9999.0 -9999.0 -9999.0 -9999.0 -9999.0 -9999.0 -9999.0
00.32 00.47 00.54 00.39 00.24 00.29 00.42 00.34 00.52 00.94 00.74 00.51 01.74 02.08 02.46 03.80 03.21 02.79 02.74 02.57 02.97 02.94 02.31 02.57 -9999.00 -9999.00 -9999.00 -9999.00 -9999.00 -9999.00 -9999.00 -9999.00 -9999.00 -9999.00 -9999.00 -9999.00 03.08 03.34 03.28 03.03 03.20 02.71 01.53 01.18 01.16 00.96 00.85 00.20 00.22 00.79 00.68 -9999.0 -9999.0 -9999.0 -9999.0 -9999.0 -9999.0 -9999.0 -9999.0 -9999.0 -9999.0 -9999.0 -9999.0 -9999.0 -9999.0 -9999.0 -9999.0
-9999.0 00.55 00.61 00.57 01.50 01.24 03.12 00.34 00.59 00.80 01.15 00.70 00.92 01.83 02.56 03.84 02.79 02.74 02.76 03.15 03.30 02.77 -9999.00 -9999.00 -9999.00 -9999.00 -9999.00 -9999.00 -9999.00 -9999.00 -9999.00 -9999.00 -9999.00 -9999.00 -9999.00 -9999.00 00.82 04.01 02.99 00.80 00.83 00.86 00.78 00.74 01.59 01.03 00.88 00.30 00.50 00.58 -9999.0 -9999.0 -9999.0 -9999.0 -9999.0 -9999.0 -9999.0 -9999.0 -9999.0 -9999.0 -9999.0 -9999.0 -9999.0 -9999.0 -9999.0 -9999.0 -9999.0
-9999.0 -9999.0 -9999.0 00.64 01.12 02.35 01.68 00.31 00.44 00.77 00.90 -9999.0 00.89 02.50 04.85 03.82 01.97 02.53 03.45 04.07 04.24 02.79 -9999.00 -9999.00 -9999.00 -9999.00 -9999.00 -9999.00 -9999.00 -9999.00 -9999.00 -9999.00 -9999.00 -9999.00 -9999.00 -9999.00 00.99 01.22 01.04 00.97 01.04 00.91 00.93 00.77 01.21 00.97 01.01 00.36 00.57 -9999.0 -9999.0 -9999.0 -9999.0 -9999.0 -9999.0 -9999.0 -9999.0 -9999.0 -9999.0 -9999.0 -9999.0 -9999.0 -9999.0 -9999.0 -9999.0 -9999.0 -9999.0
-9999.0 -9999.0 -9999.0 -9999.0 -9999.0 00.41 00.14 00.30 00.36 00.67 00.65 00.01 00.73 00.94 05.47 03.58 03.73 00.61 00.64 00.80 01.34 01.71 -9999.00 -9999.00 -9999.00 -9999.00 -9999.00 -9999.00 -9999.00 -9999.00 -9999.00 -9999.00 -9999.00 -9999.00 -9999.00 -9999.00 -9999.00 01.54 01.22 01.02 01.26 00.98 00.85 00.54 01.40 00.83 00.86 00.50 00.58 -9999.0 -9999.0 -9999.0 -9999.0 -9999.0 -9999.0 -9999.0 -9999.0 -9999.0 -9999.0 -9999.0 -9999.0 -9999.0 -9999.0 -9999.0 -9999.0 -9999.0 -9999.0
-9999.0 -9999.0 -9999.0 -9999.0 -9999.0 00.31 00.23 00.20 00.32 00.61 00.71 00.06 00.76 00.62 04.36 05.23 05.33 00.45 00.66 00.83 00.99 01.49 -9999.00 -9999.00 -9999.00 -9999.00 -9999.00 -9999.00 -9999.00 -9999.00 -9999.00 -9999.00 -9999.00 -9999.00 -9999.00 -9999.00 -9999.00 01.57 01.39 00.98 00.93 00.62 00.44 00.58 00.99 01.11 00.69 00.81 00.74 -9999.0 -9999.0 -9999.0 -9999.0 -9999.0 -9999.0 -9999.0 -9999.0 -9999.0 -9999.0 -9999.0 -9999.0 -9999.0 -9999.0 -9999.0 -9999.0 -9999.0 -9999.0
-9999.0 -9999.0 -9999.0 -9999.0 -9999.0 00.31 00.23 00.24 00.34 00.78 00.70 00.71 00.43 00.54 06.60 07.43 06.08 00.46 00.60 00.79 00.92 01.46 -9999.00 -9999.00 -9999.00 -9999.00 -9999.00 -9999.00 -9999.00 -9999.00 -9999.00 -9999.00 -9999.00 -9999.00 -9999.00 -9999.00 -9999.00 -9999.00 00.98 00.62 00.50 00.38 00.43 00.24 00.56 01.05 01.19 01.12 01.04 -9999.0 -9999.0 -9999.0 -9999.0 -9999.0 -9999.0 -9999.0 -9999.0 -9999.0 -9999.0 -9999.0 -9999.0 -9999.0 -9999.0 -9999.0 -9999.0 -9999.0 -9999.0
-9999.0 -9999.0 -9999.0 -9999.0 -9999.0 00.27 00.23 00.26 00.48 00.95 00.77 00.87 00.33 00.81 01.29 01.25 00.98 00.54 00.53 00.60 00.90 01.31 -9999.00 -9999.00 -9999.00 -9999.00 -9999.00 -9999.00 -9999.00 -9999.00 -9999.00 -9999.00 -9999.00 -9999.00 -9999.00 -9999.00 -9999.00 -9999.00 00.52 02.92 02.92 03.14 01.62 02.24 00.89 01.28 00.96 01.04 00.91 -9999.0 -9999.0 -9999.0 -9999.0 -9999.0 -9999.0 -9999.0 -9999.0 -9999.0 -9999.0 -9999.0 -9999.0 -9999.0 -9999.0 -9999.0 -9999.0 -9999.0 -9999.0
-9999.0 -9999.0 -9999.0 -9999.0 -9999.0 00.28 00.21 00.27 00.55 00.92 00.87 00.39 00.49 00.94 01.52 01.17 00.94 00.67 01.06 00.53 00.96 01.65 -9999.00 -9999.00 -9999.00 -9999.00 -9999.00 -9999.00 -9999.00 -9999.00 -9999.00 -9999.00 -9999.00 -9999.00 -9999.00 -9999.00 -9999.00 -9999.00 00.90 03.24 03.15 02.35 03.12 04.64 00.47 00.73 01.01 01.19 -9999.0 -9999.0 -9999.0 -9999.0 -9999.0 -9999.0 -9999.0 -9999.0 -9999.0 -9999.0 -9999.0 -9999.0 -9999.0 -9999.0 -9999.0 -9999.0 -9999.0 -9999.0 -9999.0
-9999.0 -9999.0 -9999.0 -9999.0 -9999.0 -9999.0 00.23 00.25 00.52 01.07 00.52 00.43 00.83 00.87 01.54 01.18 00.72 00.64 01.35 00.43 00.89 01.61 -9999.00 -9999.00 -9999.00 -9999.00 -9999.00 -9999.00 -9999.00 -9999.00 -9999.00 -9999.00 -9999.00 -9999.00 -9999.00 -9999.00 -9999.00 -9999.00 06.11 04.19 03.44 02.87 04.45 07.56 06.03 00.78 00.77 00.88 -9999.0 -9999.0 -9999.0 -9999.0 -9999.0 -9999.0 -9999.0 -9999.0 -9999.0 -9999.0 -9999.0 -9999.0 -9999.0 -9999.0 -9999.0 -9999.0 -9999.0 -9999.0 -9999.0
-9999.0 -9999.0 -9999.0 -9999.0 -9999.0 00.35 00.29 00.24 00.52 01.20 00.54 00.54 00.86 00.67 01.08 00.61 00.86 01.18 01.51 00.56 00.67 01.43 -9999.00 -9999.00 -9999.00 -9999.00 -9999.00 -9999.00 -9999.00 -9999.00 -9999.00 -9999.00 -9999.00 -9999.00 -9999.00 -9999.0 -9999.00 06.15 04.37 03.32 02.84 03.99 07.29 06.97 01.40 01.30 01.21 00.98 -9999.0 -9999.0 -9999.0 -9999.0 -9999.0 -9999.0 -9999.0 -9999.0 -9999.0 -9999.0 -9999.0 -9999.0 -9999.0 -9999.0 -9999.0 -9999.0 -9999.0 -9999.0 -9999.0
-9999.0 -9999.0 -9999.0 -9999.0 -9999.0 00.42 00.41 00.15 00.52 00.62 00.88 00.71 00.69 00.72 01.14 00.96 00.57 01.30 01.67 01.00 00.74 00.78 -9999.00 -9999.00 -9999.00 -9999.00 -9999.00 -9999.00 -9999.00 -9999.00 -9999.00 -9999.00 -9999.00 -9999.00 -9999.00 -9999.00 -9999.00 04.13 03.16 02.10 03.47 07.05 09.59 07.12 00.92 01.99 01.49 01.11 -9999.0 -9999.0 -9999.0 -9999.0 -9999.0 -9999.0 -9999.0 -9999.0 -9999.0 -9999.0 -9999.0 -9999.0 -9999.0 -9999.0 -9999.0 -9999.0 -9999.0 -9999.0 -9999.0
-9999.0 -9999.0 -9999.0 -9999.0 -9999.0 -9999.0 00.36 00.28 00.35 00.61 01.12 00.97 00.88 00.69 00.94 00.99 00.70 01.70 01.89 02.23 00.84 01.10 -9999.00 -9999.00 -9999.00 -9999.00 -9999.00 -9999.00 -9999.00 -9999.00 -9999.00 -9999.0 -9999.00 -9999.00 -9999.00 -9999.00 03.24 02.40 02.75 04.20 06.31 08.88 01.68 01.21 00.92 01.11 01.02 01.04 -9999.0 -9999.0 -9999.0 -9999.0 -9999.0 -9999.0 -9999.0 -9999.0 -9999.0 -9999.0 -9999.0 -9999.0 -9999.0 -9999.0 -9999.0 -9999.0 -9999.0 -9999.0 -9999.0
-9999.0 -9999.0 -9999.0 -9999.0 -9999.0 -9999.0 00.40 00.31 00.25 00.45 00.86 01.28 00.72 00.73 00.98 01.16 01.04 02.20 02.29 02.26 00.91 01.14 -9999.00 -9999.00 -9999.00 -9999.00 -9999.00 -9999.00 -9999.00 -9999.00 -9999.00 -9999.00 -9999.00 04.02 04.07 02.90 01.39 03.17 01.65 04.47 06.48 08.83 00.75 01.42 00.69 00.78 00.84 -9999.0 -9999.0 -9999.0 -9999.0 -9999.0 -9999.0 -9999.0 -9999.0 -9999.0 -9999.0 -9999.0 -9999.0 -9999.0 -9999.0 -9999.0 -9999.0 -9999.0 -9999.0 -9999.0 -9999.0
-9999.0 -9999.0 -9999.0 -9999.0 -9999.0 -9999.0 -9999.0 00.33 00.21 00.31 00.44 00.99 00.94 00.71 01.19 01.40 01.38 02.56 02.41 06.75 01.32 02.43 02.12 -9999.00 -9999.00 -9999.00 -9999.00 -9999.00 -9999.00 -9999.00 -9999.00 -9999.00 03.52 03.09 01.92 02.20 01.88 02.18 02.34 02.60 02.74 02.38 00.94 00.80 00.97 -9999.0 -9999.0 -9999.0 -9999.0 -9999.0 -9999.0 -9999.0 -9999.0 -9999.0 -9999.0 -9999.0 -9999.0 -9999.0 -9999.0 -9999.0 -9999.0 -9999.0 -9999.0 -9999.0 -9999.0 -9999.0 -9999.0
-9999.0 -9999.0 -9999.0 -9999.0 -9999.0 -9999.0 -9999.0 -9999.0 00.29 00.24 00.27 00.54 00.67 00.61 01.22 01.69 01.78 01.99 02.11 03.93 01.82 02.13 01.53 -9999.00 -9999.00 -9999.00 -9999.00 -9999.00 -9999.00 -9999.00 -9999.00 -9999.00 02.21 02.03 01.97 02.21 02.66 02.74 03.04 03.41 03.21 02.88 00.77 00.97 01.10 -9999.0 -9999.0 -9999.0 -9999.0 -9999.0 -9999.0 -9999.0 -9999.0 -9999.0 -9999.0 -9999.0 -9999.0 -9999.0 -9999.0 -9999.0 -9999.0 -9999.0 -9999.0 -9999.0 -9999.0 -9999.0 -9999.0
-9999.0 -9999.0 -9999.0 -9999.0 -9999.0 -9999.0 -9999.0 -9999.0 -9999.0 00.36 00.28 00.38 00.45 00.45 00.69 01.34 01.75 01.50 00.77 01.52 01.23 00.74 00.82 01.04 02.74 -9999.00 -9999.00 -9999.00 -9999.00 -9999.00 -9999.00 04.63 03.45 03.24 03.27 03.61 03.58 03.29 03.31 03.33 03.53 03.22 00.52 01.03 01.13 -9999.0 -9999.0 -9999.0 -9999.0 -9999.0 -9999.0 -9999.0 -9999.0 -9999.0 -9999.0 -9999.0 -9999.0 -9999.0 -9999.0 -9999.0 -9999.0 -9999.0 -9999.0 -9999.0 -9999.0 -9999.0 -9999.0
-9999.0 -9999.0 -9999.0 -9999.0 -9999.0 -9999.0 -9999.0 -9999.0 -9999.0 -9999.0 00.36 00.36 00.20 00.34 00.45 00.74 00.80 01.80 01.14 01.17 00.81 00.80 00.86 01.21 01.71 02.70 -9999.00 -9999.00 -9999.00 -9999.00 08.84 06.22 04.19 03.96 03.79 04.13 04.40 03.89 03.90 04.03 03.80 03.01 00.50 01.05 01.09 -9999.0 -9999.0 -9999.0 -9999.0 -9999.0 -9999.0 -9999.0 -9999.0 -9999.0 -9999.0 -9999.0 -9999.0 -9999.0 -9999.0 -9999.0 -9999.0 -9999.0 -9999.0 -9999.0 -9999.0 -9999.0 -9999.0
-9999.0 -9999.0 -9999.0 -9999.0 -9999.0 -9999.0 -9999.0 -9999.0 -9999.0 -9999.0 -9999.0 -9999.0 00.37 00.26 00.35 00.46 00.46 00.87 00.98 00.87 00.83 00.85 01.04 01.40 02.05 02.29 01.90 01.89 03.46 08.98 10.88 07.78 04.96 05.17 04.41 05.39 04.75 04.20 04.23 03.65 03.53 02.25 00.68 01.01 01.11 -9999.0 -9999.0 -9999.0 -9999.0 -9999.0 -9999.0 -9999.0 -9999.0 -9999.0 -9999.0 -9999.0 -9999.0 -9999.0 -9999.0 -9999.0 -9999.0 -9999.0 -9999.0 -9999.0 -9999.0 -9999.0 -9999.0
-9999.0 -9999.0 -9999.0 -9999.0 -9999.0 -9999.0 -9999.0 -9999.0 -9999.0 -9999.0 -9999.0 -9999.0 -9999.0 00.37 00.32 00.35 00.37 00.57 00.40 00.72 00.70 00.44 00.72 02.17 04.67 04.98 04.07 07.21 08.18 08.82 11.84 08.27 01.74 03.04 01.66 01.41 01.28 01.07 01.60 00.59 00.53 00.67 00.78 00.97 01.21 -9999.0 -9999.0 -9999.0 -9999.0 -9999.0 -9999.0 -9999.0 -9999.0 -9999.0 -9999.0 -9999.0 -9999.0 -9999.0 -9999.0 -9999.0 -9999.0 -9999.0 -9999.0 -9999.0 -9999.0 -9999.0 -9999.0
-9999.0 -9999.0 -9999.0 -9999.0 -9999.0 -9999.0 -9999.0 -9999.0 -9999.0 -9999.0 -9999.0 -9999.0 -9999.0 -9999.0 00.44 00.32 00.37 00.84 01.02 01.04 01.22 00.79 01.09 02.03 04.03 05.80 08.39 09.82 05.20 08.05 06.91 03.44 00.86 00.87 00.65 00.04 00.57 00.69 00.75 00.93 01.18 01.00 00.82 00.71 -9999.0 -9999.0 -9999.0 -9999.0 -9999.0 -9999.0 -9999.0 -9999.0 -9999.0 -9999.0 -9999.0 -9999.0 -9999.0 -9999.0 -9999.0 -9999.0 -9999.0 -9999.0 -9999.0 -9999.0 -9999.0 -9999.0 -9999.0
