tests/Case_5_Intensity.asc
NCOLS 354
NROWS 235
XLLCORNER 2900300.000000
YLLCORNER 2159500.000000
CELLSIZE 100.000000
NODATA_VALUE -9999.0
[rows 87 to 115 of 235, columns 65 to 129 of 354]
00070.526 00086.288 00030.037 00016.575 00014.190 00009.338 00003.825 00029.635 00031.228 00034.500 00039.332 00070.470 00120.091 00129.238 00078.353 00109.398 00088.960 00181.956 00438.458 00232.976 00098.432 00071.150 00059.482 00073.859 00094.215 00214.436 -9999.000 -9999.0 -9999.0 -9999.0 -9999.0 -9999.0 -9999.0 -9999.0 -9999.0 -9999.0 -9999.0 -9999.0 -9999.0 -9999.0 -9999.0 -9999.0 -9999.0 -9999.0 -9999.0 -9999.0 -9999.0 -9999.0 -9999.0 -9999.0 -9999.0 -9999.0 -9999.0 -9999.0 -9999.0 -9999.0 -9999.0 -9999.0 -9999.0 -9999.0 -9999.0 -9999.0 -9999.0 -9999.0 -9999.0
00055.700 00073.651 00044.699 00072.747 00026.639 00022.370 00014.492 00011.116 00000.744 00023.972 00010.762 00040.111 00093.536 00103.748 00102.402 00101.744 00059.083 00315.512 00357.954 00222.838 00196.669 00075.576 00047.222 00069.101 00086.337 00187.104 00306.223 -9999.000 -9999.0 -9999.0 -9999.0 -9999.0 -9999.0 -9999.0 -9999.0 -9999.0 -9999.0 -9999.0 -9999.0 -9999.0 -9999.0 -9999.0 -9999.0 -9999.0 -9999.0 -9999.0 -9999.0 -9999.0 -9999.0 -9999.0 -9999.0 -9999.0 -9999.0 -9999.0 -9999.0 -9999.0 -9999.0 -9999.0 -9999.0 -9999.0 -9999.0 -9999.0 -9999.0 -9999.0 -9999.0
00046.253 00057.621 00073.821 00057.040 00054.432 00020.687 00022.718 00017.964 00012.955 00020.945 00019.481 00004.050 00007.361 00017.000 00038.003 00034.347 00036.085 00310.457 00308.640 00414.197 00302.317 00095.748 00030.950 00036.790 00055.054 00143.343 00128.167 -9999.000 -9999.0 -9999.0 -9999.0 -9999.0 -9999.0 -9999.0 -9999.0 -9999.0 -9999.0 -9999.0 -9999.0 -9999.0 -9999.0 -9999.0 -9999.0 -9999.0 -9999.0 -9999.0 -9999.0 -9999.0 -9999.0 -9999.0 -9999.0 -9999.0 -9999.0 -9999.0 -9999.0 -9999.0 -9999.0 -9999.0 -9999.0 -9999.0 -9999.0 -9999.0 -9999.0 -9999.0 -9999.0
00048.505 00057.508 00067.330 00067.483 00096.451 00034.149 00021.339 00031.175 00024.795 00022.474 00062.576 00060.990 00056.263 00047.739 00060.364 00089.206 00081.816 00198.386 00305.834 00283.807 00212.898 00208.757 00167.363 00134.356 00128.695 00111.460 00103.686 00118.151 -9999.000 -9999.0 -9999.0 -9999.0 -9999.0 -9999.0 -9999.0 -9999.0 -9999.0 -9999.0 -9999.0 -9999.0 -9999.0 -9999.0 -9999.0 -9999.0 -9999.0 -9999.0 -9999.0 -9999.0 -9999.0 -9999.0 -9999.0 -9999.0 -9999.0 -9999.0 -9999.0 -9999.0 -9999.0 -9999.0 -9999.0 -9999.0 -9999.0 -9999.0 -9999.0 -9999.0 -9999.0
00058.960 00054.795 00062.672 00063.635 00056.812 00063.736 00024.287 00023.319 00030.469 00033.478 00088.832 00066.283 00069.512 00057.806 00037.547 00004.894 00023.435 00109.326 00299.380 00340.840 00278.445 00360.142 00280.013 00296.984 00272.520 00083.760 00126.174 00169.455 -9999.000 -9999.000 -9999.0 -9999.0 -9999.0 -9999.0 -9999.0 -9999.0 -9999.0 -9999.0 -9999.0 -9999.0 -9999.0 -9999.0 -9999.0 -9999.0 -9999.0 -9999.0 -9999.0 -9999.0 -9999.0 -9999.0 -9999.0 -9999.0 -9999.0 -9999.0 -9999.0 -9999.0 -9999.0 -9999.0 -9999.0 -9999.0 -9999.0 -9999.0 -9999.0 -9999.0 -9999.0
00087.784 00065.760 00047.900 00040.717 00053.326 00042.600 00041.955 00040.364 00024.691 00026.827 00061.563 00049.464 00018.519 00022.428 00029.291 00060.324 00040.510 00031.046 00180.239 00289.255 00386.596 00471.135 00421.406 00378.386 00184.035 00131.173 00200.422 00161.688 00215.308 -9999.000 -9999.0 -9999.0 -9999.0 -9999.0 -9999.0 -9999.0 -9999.0 -9999.0 -9999.0 -9999.0 -9999.0 -9999.0 -9999.0 -9999.0 -9999.0 -9999.0 -9999.0 -9999.0 -9999.0 -9999.0 -9999.0 -9999.0 -9999.0 -9999.0 -9999.0 -9999.0 -9999.0 -9999.0 -9999.0 -9999.0 -9999.0 -9999.0 -9999.0 -9999.0 -9999.0
00059.048 00053.678 00047.374 00050.437 00049.424 00036.881 00062.022 00081.719 00049.033 00048.378 00045.997 00040.550 00025.646 00028.683 00040.359 00077.736 00042.523 00018.379 00080.863 00196.111 00418.639 00418.624 00481.128 00389.315 00149.406 00184.080 00281.594 00166.609 00236.156 00232.490 -9999.000 -9999.0 -9999.0 -9999.0 -9999.0 -9999.0 -9999.0 -9999.0 -9999.0 -9999.0 -9999.0 -9999.0 -9999.0 -9999.0 -9999.0 -9999.0 -9999.0 -9999.0 -9999.0 -9999.0 -9999.0 -9999.0 -9999.0 -9999.0 -9999.0 -9999.0 -9999.0 -9999.0 -9999.0 -9999.0 -9999.0 -9999.0 -9999.0 -9999.0 -9999.0
00030.625 00062.447 00077.499 00089.212 00060.143 00045.220 00048.203 00083.126 00079.985 00065.805 00041.038 00026.331 00029.608 00036.935 00049.638 00078.266 00047.580 00039.968 00009.004 00087.406 00172.377 00299.914 00393.667 00219.287 00186.954 00247.562 00315.420 00160.843 00214.326 00207.247 00170.607 -9999.000 -9999.0 -9999.0 -9999.0 -9999.0 -9999.0 -9999.0 -9999.0 -9999.0 -9999.0 -9999.0 -9999.0 -9999.0 -9999.0 -9999.0 -9999.0 -9999.0 -9999.0 -9999.0 -9999.0 -9999.0 -9999.0 -9999.0 -9999.0 -9999.0 -9999.0 -9999.0 -9999.0 -9999.0 -9999.0 -9999.0 -9999.0 -9999.0 -9999.0
00023.157 00064.385 00127.415 00132.841 00075.157 00043.510 00030.136 00059.426 00089.777 00066.391 00040.866 00025.939 00039.973 00038.184 00045.285 00061.419 00031.392 00017.377 00013.264 00013.071 00011.938 00039.308 00185.073 00231.507 00183.925 00271.308 00370.823 01549.303 01425.306 01777.988 00154.046 00120.775 -9999.000 -9999.0 -9999.0 -9999.0 -9999.0 -9999.0 -9999.0 -9999.0 -9999.0 -9999.0 -9999.0 -9999.0 -9999.0 -9999.0 -9999.0 -9999.0 -9999.0 -9999.0 -9999.0 -9999.0 -9999.0 -9999.0 -9999.0 -9999.0 -9999.0 -9999.0 -9999.0 -9999.0 -9999.0 -9999.0 -9999.0 -9999.0 -9999.0
00046.401 00048.295 00124.913 00118.539 00117.208 00054.744 00032.685 00038.535 00057.821 00065.672 00049.882 00029.536 00035.447 00035.537 00019.496 00022.732 00033.854 00036.475 00034.933 00027.046 00016.570 00001.276 00207.960 00235.553 00178.562 00191.149 00240.061 02259.774 01839.902 01331.757 00182.214 00121.801 00111.064 -9999.000 -9999.0 -9999.0 -9999.0 -9999.0 -9999.0 -9999.0 -9999.0 -9999.0 -9999.0 -9999.0 -9999.0 -9999.0 -9999.0 -9999.0 -9999.0 -9999.0 -9999.0 -9999.0 -9999.0 -9999.0 -9999.0 -9999.0 -9999.0 -9999.0 -9999.0 -9999.0 -9999.0 -9999.0 -9999.0 -9999.0 -9999.0
00048.378 00043.424 00036.000 00108.396 00136.488 00083.523 00047.440 00040.504 00038.796 00046.407 00033.281 00021.436 00022.349 00030.867 00024.731 00598.851 00852.941 00068.982 00072.551 00035.611 00022.532 00015.524 01044.597 01320.246 01261.308 01217.190 01844.429 03526.218 03035.956 02212.499 01027.971 01268.292 01333.778 -9999.000 -9999.0 -9999.0 -9999.0 -9999.0 -9999.0 -9999.0 -9999.0 -9999.0 -9999.0 -9999.0 -9999.0 -9999.0 -9999.0 -9999.0 -9999.0 -9999.0 -9999.0 -9999.0 -9999.0 -9999.0 -9999.0 -9999.0 -9999.0 -9999.0 -9999.0 -9999.0 -9999.0 -9999.0 -9999.0 -9999.0 -9999.0
00047.183 00038.507 00028.354 00035.816 00074.812 00065.751 00039.075 00051.867 00029.513 00023.239 00032.550 00027.148 00025.592 00027.013 00028.733 00878.284 00791.389 00046.778 00023.895 00020.954 00028.254 00014.261 01112.341 01383.526 01270.924 01521.422 02003.870 02967.144 01533.401 01621.884 01510.742 01354.816 01646.195 -9999.000 -9999.0 -9999.0 -9999.0 -9999.0 -9999.0 -9999.0 -9999.0 -9999.0 -9999.0 -9999.0 -9999.0 -9999.0 -9999.0 -9999.0 -9999.0 -9999.0 -9999.0 -9999.0 -9999.0 -9999.0 -9999.0 -9999.0 -9999.0 -9999.0 -9999.0 -9999.0 -9999.0 -9999.0 -9999.0 -9999.0 -9999.0
00049.172 00030.961 00028.637 00019.439 00066.848 00050.198 00034.298 00024.198 00031.596 00032.198 00039.341 00035.083 00031.566 00027.819 00027.644 00935.197 00735.975 00014.010 00013.691 00012.644 00016.540 00012.249 01052.489 01273.902 01200.075 01480.759 01581.797 01552.312 02785.648 01988.791 02024.695 02070.778 01954.882 01708.808 -9999.0 -9999.0 -9999.0 -9999.0 -9999.0 -9999.0 -9999.0 -9999.0 -9999.0 -9999.0 -9999.0 -9999.0 -9999.0 -9999.0 -9999.0 -9999.0 -9999.0 -9999.0 -9999.0 -9999.0 -9999.0 -9999.0 -9999.0 -9999.0 -9999.0 -9999.0 -9999.0 -9999.0 -9999.0 -9999.0 -9999.0
00060.125 00049.938 00024.932 00019.515 00048.945 00051.236 00034.310 00042.341 00047.329 00049.360 00054.471 00054.521 00049.525 00040.779 00021.466 00938.468 00842.605 00624.635 00649.363 00036.615 00484.863 00777.150 01056.809 01058.012 01133.399 01279.806 01302.091 01578.822 03137.022 02281.673 02378.264 02541.589 02202.089 01544.558 -9999.000 -9999.0 -9999.0 -9999.0 -9999.0 -9999.0 -9999.0 -9999.0 -9999.0 -9999.0 -9999.0 -9999.0 -9999.0 -9999.0 -9999.0 -9999.0 -9999.0 -9999.0 -9999.0 -9999.0 -9999.0 -9999.0 -9999.0 -9999.0 -9999.0 -9999.0 -9999.0 -9999.0 -9999.0 -9999.0 -9999.0
00056.400 00077.800 00060.543 00030.462 00087.839 00052.792 00034.913 00038.830 00050.963 00055.625 00060.487 00052.521 00050.138 00040.460 00020.811 01060.555 00952.745 00592.919 00176.065 00002.912 00566.667 00957.703 00946.439 01018.420 01066.407 01240.219 01277.313 01560.014 02907.951 02671.739 02567.652 02330.742 01985.199 01299.955 00625.403 -9999.0 -9999.0 -9999.0 -9999.0 -9999.0 -9999.0 -9999.0 -9999.0 -9999.0 -9999.0 -9999.0 -9999.0 -9999.0 -9999.0 -9999.0 -9999.0 -9999.0 -9999.0 -9999.0 -9999.0 -9999.0 -9999.0 -9999.0 -9999.0 -9999.0 -9999.0 -9999.0 -9999.0 -9999.0 -9999.0
00038.827 00044.854 00031.186 00047.772 00084.863 00063.502 00027.442 00033.957 00043.414 00049.424 01506.810 01244.577 01460.013 01442.374 01323.643 01106.569 00898.401 00631.036 00201.424 00023.053 00392.178 00889.026 00930.100 00953.144 01100.038 01296.481 01207.083 01265.303 01839.729 01550.478 01417.077 01241.461 01263.814 01206.587 01100.726 -9999.000 -9999.000 -9999.0 -9999.0 -9999.0 -9999.0 -9999.0 -9999.0 -9999.0 -9999.0 -9999.0 -9999.0 -9999.0 -9999.0 -9999.0 -9999.0 -9999.0 -9999.0 -9999.0 -9999.0 -9999.0 -9999.0 -9999.0 -9999.0 -9999.0 -9999.0 -9999.0 -9999.0 -9999.0 -9999.0
00021.908 00018.834 00024.556 00035.989 00089.389 00074.775 00021.611 00034.947 00043.312 00032.002 01021.462 01412.304 01602.818 01211.265 01150.485 01019.500 00789.492 00590.220 00259.626 00061.841 00142.229 00884.323 00963.875 01035.998 01033.318 01137.257 01162.466 01156.562 01359.155 01486.391 01442.359 00947.526 01041.128 00866.863 00883.194 00873.975 01084.960 -9999.000 -9999.0 -9999.0 -9999.0 -9999.0 -9999.0 -9999.0 -9999.0 -9999.0 -9999.0 -9999.0 -9999.0 -9999.0 -9999.0 -9999.0 -9999.0 -9999.0 -9999.0 -9999.0 -9999.0 -9999.0 -9999.0 -9999.0 -9999.0 -9999.0 -9999.0 -9999.0 -9999.0
-9999.0 -9999.0 00020.473 00030.024 00080.380 00091.322 00025.509 00028.101 00040.888 00036.054 00657.034 00737.207 00713.864 00722.325 00897.542 00722.850 00646.669 00609.070 00467.023 00113.159 00128.345 00773.363 00961.385 01063.005 01031.381 01012.596 00978.468 00976.237 01220.561 01350.316 01432.042 01342.479 01328.701 01353.777 00886.057 01030.628 01157.725 01172.761 -9999.000 -9999.0 -9999.0 -9999.0 -9999.0 -9999.0 -9999.0 -9999.0 -9999.0 -9999.0 -9999.0 -9999.0 -9999.0 -9999.0 -9999.0 -9999.0 -9999.0 -9999.0 -9999.0 -9999.0 -9999.0 -9999.0 -9999.0 -9999.0 -9999.0 -9999.0 -9999.0
-9999.0 -9999.0 00018.318 00037.443 00083.418 02269.650 02001.540 00763.194 01171.357 01278.692 00988.140 00804.652 00706.911 00654.126 00598.035 00621.299 00707.065 00691.351 00549.570 00426.928 00019.681 00512.889 00933.545 01036.089 01186.647 00010.060 00004.263 01109.729 01317.885 01464.137 01625.177 01569.106 01378.696 01134.097 00998.892 01133.970 01232.998 01225.537 01122.006 -9999.000 -9999.0 -9999.0 -9999.0 -9999.0 -9999.0 -9999.0 -9999.0 -9999.0 -9999.0 -9999.0 -9999.0 -9999.0 -9999.0 -9999.0 -9999.0 -9999.0 -9999.0 -9999.0 -9999.0 -9999.0 -9999.0 -9999.0 -9999.0 -9999.0 -9999.0
-9999.0 -9999.0 00021.522 00036.786 00066.435 02535.084 02887.744 01061.169 00892.277 01211.301 01093.929 00929.425 00849.835 00801.536 00754.495 00777.384 00685.261 00722.155 00647.597 00508.785 00141.681 00100.195 00645.931 00986.753 01527.412 00009.730 00012.262 01147.665 01382.424 01521.082 01665.400 01788.060 01372.943 01114.307 01191.695 00971.678 00984.865 00967.840 00900.647 00978.491 -9999.000 -9999.000 -9999.0 -9999.0 -9999.0 -9999.0 -9999.0 -9999.0 -9999.0 -9999.0 -9999.0 -9999.0 -9999.0 -9999.0 -9999.0 -9999.0 -9999.0 -9999.0 -9999.0 -9999.0 -9999.0 -9999.0 -9999.0 -9999.0 -9999.0
-9999.0 -9999.0 00710.031 00893.288 00934.853 00676.558 01584.738 01400.292 00965.751 01030.425 01137.898 00937.647 00947.927 00982.821 00866.091 00777.316 00703.976 00813.244 00667.863 00636.485 00643.359 00216.230 00012.222 00010.825 00011.888 00016.463 00017.063 00010.620 00000.131 00014.425 00023.471 00067.272 01184.637 01173.736 00932.761 00118.170 00109.585 00116.801 00127.867 00102.440 00967.950 01098.107 -9999.000 -9999.000 -9999.000 -9999.000 -9999.000 00116.635 00117.269 00113.076 -9999.000 -9999.000 -9999.000 -9999.0 -9999.0 -9999.0 -9999.0 -9999.0 -9999.0 -9999.0 -9999.0 -9999.0 -9999.0 -9999.0 -9999.0
-9999.0 -9999.0 00792.022 00860.471 00740.383 00630.499 00751.459 01124.300 01417.086 01155.334 01053.308 00867.865 00941.052 00949.121 01006.615 00814.344 00844.442 00912.226 00965.893 00904.729 00816.625 00640.620 00014.654 00021.433 00016.465 00017.351 00016.724 00017.072 00016.961 00015.285 00012.067 00008.465 01048.920 01181.252 01517.929 00086.737 00026.517 00018.010 00015.902 00080.436 01054.319 01201.299 01214.080 01200.193 00753.581 00080.663 00111.488 00076.730 00073.513 00109.477 01495.372 01485.280 01102.965 00886.091 -9999.000 -9999.000 -9999.0 -9999.0 -9999.0 -9999.0 -9999.0 -9999.0 -9999.0 -9999.0 -9999.0
-9999.0 -9999.0 00796.091 00808.315 00907.935 00799.863 00947.025 01118.005 01574.423 02183.118 01663.786 01060.414 00838.583 00810.155 00789.819 00767.186 00926.532 00971.469 01006.862 00908.075 00731.239 00655.203 00020.412 00020.542 00020.958 00019.505 00018.646 00020.563 00020.808 00022.063 00028.030 00014.782 00964.934 01126.140 01580.515 00026.557 00022.092 00005.871 00003.149 00067.781 01088.422 01044.441 01039.314 01019.773 01273.498 00200.078 00232.702 00097.307 00061.565 00115.336 01581.053 01443.229 01003.308 00938.755 01046.723 01016.387 00989.633 00028.565 00023.317 -9999.000 -9999.000 -9999.000 -9999.0 -9999.0 -9999.0
-9999.0 -9999.0 -9999.0 -9999.0 -9999.0 -9999.0 00319.660 01027.185 01390.189 02293.144 02519.647 01157.911 01029.908 00898.685 00868.023 00706.376 00618.311 00669.201 00662.438 00611.623 00668.479 00907.705 00662.213 00637.789 00653.058 00031.918 00031.062 00086.225 00072.436 00051.806 00052.594 00030.378 00005.819 00015.048 00017.323 00016.812 00001.244 00042.624 00020.514 00023.705 01230.207 01410.383 01444.003 01367.484 01154.155 00868.171 00220.138 00091.053 00010.719 00082.293 00102.512 00098.792 00098.449 00128.677 00084.969 00091.563 00096.846 00100.261 00094.703 00090.389 00092.270 00081.916 00074.249 -9999.000 -9999.0
-9999.0 -9999.0 -9999.0 -9999.0 -9999.0 -9999.0 -9999.0 00967.417 01190.968 01467.395 01407.902 01172.062 01612.749 01102.508 01092.942 01074.746 01063.038 00803.996 00752.802 00855.729 00851.169 00794.201 00691.444 00628.734 01356.374 00040.008 00046.814 00106.835 00060.578 00055.639 00066.923 00057.002 00048.334 00036.655 00035.538 00038.081 00044.641 00071.705 00004.495 00010.613 01186.205 01384.049 01458.437 01444.951 01597.627 00301.400 00124.571 00025.270 00005.292 00010.354 00022.933 00017.171 00013.695 00014.328 00032.981 00043.563 00060.878 00055.790 00055.941 00050.204 00057.679 00081.463 00085.730 00089.247 -9999.000
-9999.0 -9999.0 -9999.0 -9999.0 -9999.0 -9999.0 00673.931 00869.627 00976.634 01106.896 00025.869 00037.314 01401.812 01015.799 01227.424 01526.224 01811.669 01340.107 00911.136 00886.489 00757.227 00673.088 00031.506 00029.066 00033.631 00112.183 00090.165 00024.016 00026.579 00036.930 00029.751 00031.151 00028.495 00027.684 00025.650 00105.111 00083.364 00061.338 00009.693 00008.325 00025.949 00067.410 00065.390 00061.790 00060.644 00037.961 00021.537 00013.177 00012.256 00012.902 00008.331 00001.633 00001.432 00002.050 00002.322 00001.262 00002.343 00002.090 00002.167 00008.444 00008.246 00000.569 00009.332 00011.607 00146.692
-9999.0 -9999.0 -9999.0 -9999.0 -9999.0 00390.753 00858.129 00903.395 00912.661 01009.035 00014.221 00031.026 00812.656 01004.650 01305.846 01319.214 02077.063 02198.177 01219.043 01176.152 01076.089 01130.511 00030.156 00042.660 00044.108 00112.194 00105.574 00021.978 00016.036 00018.589 00019.678 00018.914 00021.923 00023.526 00030.722 00109.286 00091.013 00061.631 00053.565 00013.371 00002.728 00012.018 00013.466 00013.745 00007.308 00004.279 00002.354 00009.622 00069.014 00063.356 00057.633 00046.015 00052.161 00061.185 00056.813 00055.912 00043.379 00041.416 00036.501 00045.536 00064.281 00060.305 00013.366 00010.898 00096.052
-9999.0 -9999.0 -9999.0 -9999.0 -9999.0 -9999.0 00739.244 00940.908 00966.069 00987.482 -9999.0 00027.800 00821.612 01057.503 01074.518 01181.163 01425.543 01725.482 01545.189 01292.772 01191.507 01213.974 00167.532 00043.115 00040.428 00098.617 00096.652 00012.016 00004.804 00020.029 00025.208 00031.261 00044.880 00046.592 00040.693 00101.925 00075.295 00034.709 00066.580 00058.335 00040.704 00033.874 00033.834 00034.053 00036.198 00035.650 00046.612 00056.005 00090.030 00106.926 00116.371 00091.315 00074.210 00079.729 00082.224 00088.736 00119.706 00149.499 00129.504 00082.185 00070.280 00059.688 00009.496 00008.477 00080.367
-9999.0 -9999.0 -9999.0 -9999.0 -9999.0 -9999.0 -9999.0 -9999.0 -9999.0 -9999.0 -9999.0 00007.384 00017.917 00027.641 00022.025 00023.980 00031.732 00076.849 00089.236 00043.837 00033.430 00028.966 00109.287 00099.062 00090.765 00094.027 00091.850 00062.631 -9999.0 00057.412 00075.771 00087.976 00064.156 00051.437 00041.171 00085.118 00079.248 00047.490 00082.944 00105.501 00024.815 00019.272 00019.924 00020.952 00022.422 00020.252 00021.782 00026.430 00036.723 00046.983 00177.746 00135.255 00052.919 00063.239 00062.490 00060.016 00085.310 00091.151 00113.157 00084.852 00054.670 00062.056 00040.938 00002.903 00037.740
