tests/Case_5_FlameLength.asc
NCOLS 354
NROWS 235
XLLCORNER 2900300.000000
YLLCORNER 2159500.000000
CELLSIZE 100.000000
NODATA_VALUE -9999.0
[rows 124 to 154 of 235, columns 136 to 203 of 354]
00.23 00.55 00.63 00.57 00.47 00.42 00.37 00.37 00.31 00.24 00.12 00.18 00.22 00.21 00.12 00.22 03.44 04.25 05.01 01.00 00.83 00.60 00.44 00.45 00.44 00.47 00.63 00.64 00.63 00.50 00.39 00.38 00.54 00.60 00.61 00.59 00.62 00.61 00.59 00.63 00.66 00.70 00.58 00.65 00.40 00.33 00.84 -9999.00 -9999.0 -9999.0 -9999.0 -9999.0 -9999.0 -9999.0 -9999.0 -9999.0 -9999.0 -9999.0 -9999.0 -9999.0 -9999.0 -9999.0 -9999.0 -9999.0 -9999.0 -9999.0 -9999.0 -9999.0
00.18 00.52 00.59 00.49 01.82 01.72 02.28 01.79 00.58 00.65 00.88 02.51 02.25 02.61 02.17 02.53 03.01 03.68 04.32 01.19 00.99 05.95 05.68 04.66 00.59 00.53 00.60 00.66 00.89 00.63 00.57 00.51 00.45 00.39 00.40 00.35 00.24 00.25 00.24 00.24 00.15 00.36 00.37 00.37 00.33 00.33 00.78 00.48 -9999.00 -9999.0 -9999.0 -9999.0 -9999.0 -9999.0 -9999.0 -9999.0 -9999.0 -9999.0 -9999.0 -9999.0 -9999.0 -9999.0 -9999.0 -9999.0 -9999.0 -9999.0 -9999.0 -9999.0
00.49 00.53 00.51 00.48 02.03 01.89 01.79 01.27 00.53 00.69 00.97 01.66 02.64 03.67 04.09 02.87 02.93 03.54 04.22 00.87 00.87 03.16 04.61 04.90 00.73 00.49 00.73 00.72 00.58 00.58 00.73 00.63 00.64 00.61 00.59 00.55 00.29 00.32 00.29 00.28 00.10 00.32 00.37 00.40 00.41 00.48 00.81 00.74 00.50 -9999.00 -9999.00 -9999.0 -9999.0 -9999.0 -9999.0 -9999.0 -9999.0 -9999.0 -9999.0 -9999.0 -9999.0 -9999.0 -9999.0 -9999.0 -9999.0 -9999.0 -9999.0 -9999.0
02.66 02.13 02.15 02.21 01.98 01.78 01.48 00.68 00.55 00.83 01.22 02.10 02.78 04.49 05.33 04.62 03.14 03.41 04.03 04.99 04.81 00.80 00.21 00.50 00.36 00.65 01.93 02.50 02.55 02.16 01.70 02.03 01.98 02.37 00.41 00.40 00.37 00.34 00.35 00.28 00.22 00.28 00.36 00.41 00.44 00.53 00.79 00.71 00.48 00.40 00.35 -9999.00 -9999.00 -9999.0 -9999.0 -9999.0 -9999.0 -9999.0 -9999.0 -9999.0 -9999.0 -9999.0 -9999.0 -9999.0 -9999.0 -9999.0 -9999.0 -9999.0
02.67 02.75 02.35 02.04 01.98 01.92 01.52 00.66 00.57 00.76 00.98 01.94 02.54 03.05 05.39 03.66 03.14 03.17 03.84 04.46 04.89 00.70 00.33 00.56 01.84 02.18 02.67 02.77 02.74 02.81 03.19 03.11 02.33 02.17 00.30 00.37 00.43 00.39 00.39 00.30 00.30 00.18 00.30 00.37 00.39 00.41 00.76 00.68 00.49 00.38 00.36 00.36 00.38 00.43 -9999.00 -9999.00 -9999.00 -9999.00 -9999.00 -9999.00 -9999.0 -9999.0 -9999.0 -9999.0 -9999.0 -9999.0 -9999.0 -9999.0
03.01 03.39 03.09 02.62 02.26 02.29 01.68 00.88 00.62 00.62 00.78 01.58 02.19 01.97 02.74 02.73 03.09 03.08 03.69 04.37 05.23 00.61 00.41 00.48 02.00 02.15 02.53 03.01 03.22 03.26 03.53 04.00 03.40 02.83 00.42 00.34 00.35 00.35 00.80 00.30 00.32 00.29 00.23 00.20 00.29 00.33 00.75 00.69 00.48 00.35 00.38 00.35 00.37 00.41 00.38 00.38 00.40 00.42 00.39 00.38 -9999.00 -9999.00 -9999.0 -9999.0 -9999.0 -9999.0 -9999.0 -9999.0
03.10 04.03 03.70 03.00 03.05 02.71 00.49 00.47 00.49 00.49 00.47 00.89 01.61 02.65 02.35 02.70 02.94 03.24 03.69 04.07 04.32 02.00 00.44 00.61 00.68 00.49 00.52 00.55 00.56 02.47 03.14 03.62 03.74 03.63 04.32 03.99 03.32 03.40 02.48 00.30 00.32 00.31 00.31 00.29 00.26 00.25 00.44 00.39 00.47 00.37 00.41 00.37 00.39 00.41 00.36 00.37 00.38 00.40 00.39 00.38 00.37 00.36 00.39 -9999.00 -9999.00 -9999.0 -9999.0 -9999.0
02.91 03.89 03.67 02.83 02.80 02.32 00.52 00.51 00.50 00.53 00.39 00.82 01.01 01.50 02.30 02.01 02.61 02.88 03.27 03.31 03.78 02.40 00.48 00.47 00.56 00.57 00.56 00.50 00.50 02.06 02.38 02.80 03.11 03.47 04.01 04.17 03.31 03.55 02.17 00.30 00.30 00.32 00.33 00.33 00.35 00.27 00.50 00.34 00.43 00.36 00.39 00.36 00.38 00.39 00.35 00.43 00.41 00.38 00.38 00.35 00.35 00.38 00.35 00.33 00.72 -9999.00 -9999.0 -9999.0
00.48 00.61 00.70 00.67 00.58 00.51 00.47 00.50 00.60 00.53 00.45 00.69 00.77 00.86 00.96 01.47 02.21 02.43 02.77 03.13 03.37 03.83 03.87 03.76 00.44 00.52 00.53 00.59 00.65 00.63 00.62 00.62 00.61 00.59 00.60 00.60 00.62 00.59 00.57 00.51 00.54 00.30 00.34 00.34 00.33 00.32 00.31 00.40 00.25 00.56 00.64 00.35 00.41 00.45 00.48 00.53 00.85 00.70 00.68 00.65 00.66 00.62 00.59 00.55 00.49 00.83 -9999.00 -9999.0
00.55 00.57 00.67 00.69 00.61 00.54 00.61 00.50 00.52 00.52 00.47 00.60 00.56 00.71 00.78 01.25 01.83 02.66 02.43 02.96 03.30 03.60 04.17 04.63 00.41 00.61 00.62 00.61 00.68 00.66 00.63 00.62 00.67 00.64 00.66 00.60 00.56 00.51 -9999.0 -9999.0 00.44 00.31 00.33 00.34 00.34 00.34 00.32 00.32 00.27 00.26 00.44 00.32 00.38 00.42 00.47 00.60 00.83 00.77 00.61 00.60 00.55 00.42 00.37 00.40 00.44 00.56 00.71 00.72
00.47 00.52 00.54 00.56 00.63 00.53 00.49 00.47 00.47 00.51 00.47 00.96 00.67 00.61 00.70 01.02 01.71 01.53 01.30 01.40 02.03 02.67 02.68 00.13 00.57 00.62 00.64 00.70 00.68 00.60 00.56 -9999.0 00.47 00.46 00.46 -9999.0 -9999.0 -9999.0 -9999.0 -9999.0 00.43 00.33 00.35 00.32 00.33 00.34 00.31 00.28 00.31 00.51 00.37 00.09 00.30 00.35 00.39 00.51 00.77 00.74 00.39 00.41 00.43 00.45 00.47 00.48 00.53 00.54 00.94 00.89
02.07 00.49 00.53 00.55 00.47 00.53 02.62 02.00 02.47 03.32 02.89 02.00 01.24 00.78 00.63 00.82 01.35 01.02 00.72 00.52 00.52 00.50 00.42 00.68 00.65 00.79 00.57 00.56 00.63 00.53 00.61 00.30 00.35 00.40 00.43 00.37 00.28 -9999.0 -9999.0 -9999.0 00.39 00.37 00.32 00.36 00.52 00.51 00.29 00.28 00.30 00.28 00.24 00.50 00.31 00.50 00.52 00.55 00.67 00.35 00.44 00.62 00.61 00.62 00.53 00.50 00.53 00.64 00.85 00.85
01.82 00.39 00.48 00.45 00.47 00.49 02.47 02.44 02.67 03.71 03.37 02.02 01.20 00.65 00.53 00.86 00.90 00.81 00.67 00.82 00.74 00.65 00.73 00.90 00.66 00.60 00.57 00.46 00.49 00.51 00.52 00.37 00.35 00.40 00.44 00.47 00.48 00.35 -9999.0 -9999.0 -9999.0 00.33 00.35 00.43 00.51 00.53 00.36 00.31 00.34 00.36 00.35 00.55 00.51 00.48 00.45 00.46 00.40 00.45 00.54 00.69 00.67 00.52 00.59 00.53 00.45 00.61 00.75 00.76
02.78 -9999.0 -9999.0 00.44 00.47 00.46 02.06 02.55 02.01 00.28 00.27 02.21 01.23 01.03 00.75 00.60 00.85 00.83 00.84 00.85 01.38 02.03 02.32 03.47 02.77 03.55 02.75 01.62 02.06 00.51 00.58 00.37 00.36 00.37 00.42 00.42 00.42 00.29 -9999.0 -9999.0 -9999.0 00.22 00.34 00.40 00.54 00.50 00.52 00.52 00.52 00.54 00.54 00.55 00.54 00.51 00.48 00.52 00.55 00.62 00.66 00.70 00.62 00.47 00.55 00.51 00.43 00.54 00.69 00.72
02.81 -9999.0 -9999.0 00.34 00.46 00.46 02.10 02.85 03.15 00.52 00.45 02.25 02.34 01.26 00.84 00.70 00.61 00.40 00.99 00.93 01.45 02.08 02.56 03.65 03.25 03.26 02.00 02.20 02.63 00.66 00.63 00.43 00.41 00.43 00.41 00.41 00.39 00.17 -9999.0 -9999.0 -9999.0 -9999.0 -9999.0 -9999.0 -9999.0 00.34 00.48 00.52 00.53 00.54 00.52 00.49 00.50 00.53 00.58 00.62 00.69 00.60 00.57 00.53 -9999.0 -9999.0 00.47 00.52 00.45 00.43 00.39 00.31
-9999.0 -9999.0 -9999.0 -9999.0 00.46 00.48 02.07 02.47 02.53 00.54 00.52 02.42 02.33 02.10 01.69 01.33 00.94 00.69 00.98 00.98 02.09 02.41 02.09 02.83 02.73 02.06 01.84 02.38 02.67 00.68 00.64 00.41 00.41 00.42 00.42 00.40 00.35 -9999.0 -9999.0 -9999.0 -9999.0 -9999.0 -9999.0 -9999.0 -9999.0 -9999.0 -9999.0 00.47 00.51 00.50 00.49 00.45 00.48 00.52 00.57 00.58 00.67 00.61 -9999.0 -9999.0 -9999.0 -9999.0 -9999.0 00.46 00.51 00.49 00.47 00.47
-9999.0 -9999.0 -9999.0 -9999.0 00.40 00.55 00.57 00.47 00.47 00.59 00.57 00.48 00.44 00.35 02.26 01.81 01.63 01.27 00.79 01.82 02.96 02.82 01.73 03.03 02.94 02.47 02.48 02.47 02.01 00.52 00.61 00.36 00.39 00.43 00.70 00.66 00.55 -9999.0 -9999.0 -9999.0 -9999.0 -9999.0 -9999.0 -9999.0 -9999.0 -9999.0 -9999.0 -9999.0 -9999.0 -9999.0 -9999.0 -9999.0 -9999.0 00.44 00.52 00.55 00.63 -9999.0 -9999.0 -9999.0 -9999.0 -9999.0 -9999.0 -9999.0 -9999.0 00.49 00.54 00.58
-9999.0 -9999.0 -9999.0 -9999.0 -9999.0 00.48 00.59 00.60 00.59 00.50 00.56 00.64 00.65 00.44 01.78 01.61 01.90 01.99 01.93 02.00 03.58 03.33 02.30 02.49 02.79 02.68 02.29 02.05 02.70 00.61 00.64 00.37 00.41 00.49 00.63 00.56 -9999.0 -9999.0 -9999.0 -9999.0 -9999.0 -9999.0 -9999.0 -9999.0 -9999.0 -9999.0 -9999.0 -9999.0 -9999.0 -9999.0 -9999.0 -9999.0 -9999.0 -9999.0 -9999.0 -9999.0 -9999.0 -9999.0 -9999.0 -9999.0 -9999.0 -9999.0 -9999.0 -9999.0 -9999.0 -9999.0 -9999.0 00.56
-9999.0 -9999.0 -9999.0 -9999.0 -9999.0 -9999.0 00.23 00.32 00.31 00.31 00.54 00.58 00.59 00.52 00.46 00.44 01.95 02.23 02.42 02.20 02.66 03.26 02.57 02.09 02.34 02.15 00.60 00.83 00.93 00.88 00.76 00.64 00.53 00.52 00.53 -9999.0 -9999.0 -9999.0 -9999.0 -9999.0 -9999.0 -9999.0 -9999.0 -9999.0 -9999.0 -9999.0 -9999.0 -9999.0 -9999.0 -9999.0 -9999.0 -9999.0 -9999.0 -9999.0 -9999.0 -9999.0 -9999.0 -9999.0 -9999.0 -9999.0 -9999.0 -9999.0 -9999.0 -9999.0 -9999.0 -9999.0 -9999.0 -9999.0
-9999.0 -9999.0 -9999.0 -9999.0 -9999.0 -9999.0 -9999.0 -9999.0 -9999.0 -9999.0 -9999.0 00.24 00.22 00.51 00.59 00.43 01.87 02.49 02.69 02.68 02.97 03.13 02.22 03.76 03.96 03.40 00.76 00.77 00.99 00.91 00.80 00.65 -9999.0 -9999.0 -9999.0 -9999.0 -9999.0 -9999.0 -9999.0 -9999.0 -9999.0 -9999.0 -9999.0 -9999.0 -9999.0 -9999.0 -9999.0 -9999.0 -9999.0 -9999.0 -9999.0 -9999.0 -9999.0 -9999.0 -9999.0 -9999.0 -9999.0 -9999.0 -9999.0 -9999.0 -9999.0 -9999.0 -9999.0 -9999.0 -9999.0 -9999.0 -9999.0 -9999.0
-9999.0 -9999.0 -9999.0 -9999.0 -9999.0 -9999.0 -9999.0 -9999.0 -9999.0 -9999.0 -9999.0 -9999.0 -9999.0 00.16 00.45 00.48 01.24 02.64 03.36 03.07 02.98 02.38 02.27 04.44 05.17 04.65 00.84 00.85 00.79 00.79 00.71 -9999.0 -9999.0 -9999.0 -9999.0 -9999.0 -9999.0 -9999.0 -9999.0 -9999.0 -9999.0 -9999.0 -9999.0 -9999.0 -9999.0 -9999.0 -9999.0 -9999.0 -9999.0 -9999.0 -9999.0 -9999.0 -9999.0 -9999.0 -9999.0 -9999.0 -9999.0 -9999.0 -9999.0 -9999.0 -9999.0 -9999.0 -9999.0 -9999.0 -9999.0 -9999.0 -9999.0 -9999.0
-9999.0 -9999.0 -9999.0 -9999.0 -9999.0 -9999.0 -9999.0 -9999.0 -9999.0 -9999.0 -9999.0 -9999.0 -9999.0 -9999.0 00.31 00.52 00.45 00.46 00.50 03.61 03.00 02.12 03.20 03.92 04.79 05.07 00.76 00.85 00.78 00.62 -9999.0 -9999.0 -9999.0 -9999.0 -9999.0 -9999.0 -9999.0 -9999.0 -9999.0 -9999.0 -9999.0 -9999.0 -9999.0 -9999.0 -9999.0 -9999.0 -9999.0 -9999.0 -9999.0 -9999.0 -9999.0 -9999.0 -9999.0 -9999.0 -9999.0 -9999.0 -9999.0 -9999.0 -9999.0 -9999.0 -9999.0 -9999.0 -9999.0 -9999.0 -9999.0 -9999.0 -9999.0 -9999.0
-9999.0 -9999.0 -9999.0 -9999.0 -9999.0 -9999.0 -9999.0 -9999.0 -9999.0 -9999.0 -9999.0 -9999.0 -9999.0 -9999.0 -9999.0 00.48 00.50 00.65 00.52 03.13 02.74 02.32 03.65 03.64 03.98 03.46 00.61 00.70 00.65 00.60 -9999.0 -9999.0 -9999.0 -9999.0 -9999.0 -9999.0 -9999.0 -9999.0 -9999.0 -9999.0 -9999.0 -9999.0 -9999.0 -9999.0 -9999.0 -9999.0 -9999.0 -9999.0 -9999.0 -9999.0 -9999.0 -9999.0 -9999.0 -9999.0 -9999.0 -9999.0 -9999.0 -9999.0 -9999.0 -9999.0 -9999.0 -9999.0 -9999.0 -9999.0 -9999.0 -9999.0 -9999.0 -9999.0
-9999.0 -9999.0 -9999.0 -9999.0 -9999.0 -9999.0 -9999.0 -9999.0 -9999.0 -9999.0 -9999.0 -9999.0 -9999.0 -9999.0 -9999.0 -9999.0 00.30 00.48 00.56 00.48 00.49 02.50 03.67 03.22 02.95 02.62 00.57 00.65 00.65 00.65 00.51 -9999.0 -9999.0 -9999.0 -9999.0 -9999.0 -9999.0 -9999.0 -9999.0 -9999.0 -9999.0 -9999.0 -9999.0 -9999.0 -9999.0 -9999.0 -9999.0 -9999.0 -9999.0 -9999.0 -9999.0 -9999.0 -9999.0 -9999.0 -9999.0 -9999.0 -9999.0 -9999.0 -9999.0 -9999.0 -9999.0 -9999.0 -9999.0 -9999.0 -9999.0 -9999.0 -9999.0 -9999.0
-9999.0 -9999.0 -9999.0 -9999.0 -9999.0 -9999.0 -9999.0 -9999.0 -9999.0 -9999.0 -9999.0 -9999.0 -9999.0 -9999.0 -9999.0 -9999.0 -9999.0 00.18 00.42 00.54 00.49 02.75 03.07 02.51 02.38 02.36 00.55 00.63 00.64 00.64 00.60 00.59 -9999.0 -9999.0 -9999.0 -9999.0 -9999.0 -9999.0 -9999.0 -9999.0 -9999.0 -9999.0 -9999.0 -9999.0 -9999.0 -9999.0 -9999.0 -9999.0 -9999.0 -9999.0 -9999.0 -9999.0 -9999.0 -9999.0 -9999.0 -9999.0 -9999.0 -9999.0 -9999.0 -9999.0 -9999.0 -9999.0 -9999.0 -9999.0 -9999.0 -9999.0 -9999.0 -9999.0
-9999.0 -9999.0 -9999.0 -9999.0 -9999.0 -9999.0 -9999.0 -9999.0 -9999.0 -9999.0 -9999.0 -9999.0 -9999.0 -9999.0 -9999.0 -9999.0 -9999.0 -9999.0 00.19 00.50 00.49 02.54 02.27 02.16 02.13 02.16 00.62 00.68 00.63 00.68 00.67 00.67 -9999.0 -9999.0 -9999.0 -9999.0 -9999.0 -9999.0 -9999.0 -9999.0 -9999.0 -9999.0 -9999.0 -9999.0 -9999.0 -9999.0 -9999.0 -9999.0 -9999.0 -9999.0 -9999.0 -9999.0 -9999.0 -9999.0 -9999.0 -9999.0 -9999.0 -9999.0 -9999.0 -9999.0 -9999.0 -9999.0 -9999.0 -9999.0 -9999.0 -9999.0 -9999.0 -9999.0
-9999.0 -9999.0 -9999.0 -9999.0 -9999.0 -9999.0 -9999.0 -9999.0 -9999.0 -9999.0 -9999.0 -9999.0 -9999.0 -9999.0 -9999.0 -9999.0 -9999.0 -9999.0 00.40 02.26 02.36 02.24 02.25 02.25 02.21 02.99 03.44 03.50 03.46 00.70 00.78 00.68 -9999.0 -9999.0 -9999.0 -9999.0 -9999.0 -9999.0 -9999.0 -9999.0 -9999.0 -9999.0 -9999.0 -9999.0 -9999.0 -9999.0 -9999.0 -9999.0 -9999.0 -9999.0 -9999.0 -9999.0 -9999.0 -9999.0 -9999.0 -9999.0 -9999.0 -9999.0 -9999.0 -9999.0 -9999.0 -9999.0 -9999.0 -9999.0 -9999.0 -9999.0 -9999.0 -9999.0
-9999.0 -9999.0 -9999.0 -9999.0 -9999.0 -9999.0 -9999.0 -9999.0 -9999.0 -9999.0 -9999.0 -9999.0 -9999.0 -9999.0 -9999.0 -9999.0 -9999.0 -9999.0 00.40 02.43 02.54 02.72 02.96 03.10 03.04 03.22 03.36 03.46 03.57 00.71 00.76 00.67 -9999.0 -9999.0 -9999.0 -9999.0 -9999.0 -9999.0 -9999.0 -9999.0 -9999.0 -9999.0 -9999.0 -9999.0 -9999.0 -9999.0 -9999.0 -9999.0 -9999.0 -9999.0 -9999.0 -9999.0 -9999.0 -9999.0 -9999.0 -9999.0 -9999.0 -9999.0 -9999.0 -9999.0 -9999.0 -9999.0 -9999.0 -9999.0 -9999.0 -9999.0 -9999.0 -9999.0
-9999.0 -9999.0 -9999.0 -9999.0 -9999.0 -9999.0 -9999.0 -9999.0 -9999.0 -9999.0 -9999.0 -9999.0 -9999.0 -9999.0 -9999.0 -9999.0 01.95 01.48 02.28 02.49 02.60 02.72 03.03 03.19 03.18 03.22 03.27 03.35 03.41 00.68 00.71 00.61 -9999.0 -9999.0 -9999.0 -9999.0 -9999.0 -9999.0 -9999.0 -9999.0 -9999.0 -9999.0 -9999.0 -9999.0 -9999.0 -9999.0 -9999.0 -9999.0 -9999.0 -9999.0 -9999.0 -9999.0 -9999.0 -9999.0 -9999.0 -9999.0 -9999.0 -9999.0 -9999.0 -9999.0 -9999.0 -9999.0 -9999.0 -9999.0 -9999.0 01.51 01.69 02.22
-9999.0 -9999.0 -9999.0 -9999.0 -9999.0 -9999.0 -9999.0 -9999.0 -9999.0 -9999.0 -9999.0 -9999.0 -9999.0 -9999.0 -9999.0 -9999.0 02.05 02.18 02.33 02.47 02.59 02.72 02.94 03.04 03.11 02.99 03.10 03.18 03.25 00.67 00.64 00.46 -9999.0 -9999.0 -9999.0 -9999.0 -9999.0 -9999.0 -9999.0 -9999.0 -9999.0 -9999.0 -9999.0 -9999.0 -9999.0 -9999.0 -9999.0 -9999.0 -9999.0 -9999.0 -9999.0 -9999.0 -9999.0 -9999.0 -9999.0 -9999.0 -9999.0 -9999.0 -9999.0 -9999.0 -9999.0 -9999.0 -9999.0 -9999.0 00.61 02.03 02.11 02.22
-9999.0 -9999.0 -9999.0 -9999.0 -9999.0 -9999.0 -9999.0 -9999.0 -9999.0 -9999.0 -9999.0 -9999.0 -9999.0 -9999.0 -9999.0 -9999.0 02.16 02.20 02.35 02.49 02.63 02.64 02.80 02.93 02.99 02.91 02.97 03.06 03.25 00.65 00.58 -9999.0 -9999.0 -9999.0 -9999.0 -9999.0 -9999.0 -9999.0 -9999.0 -9999.0 -9999.0 -9999.0 -9999.0 -9999.0 -9999.0 -9999.0 -9999.0 -9999.0 -9999.0 -9999.0 -9999.0 -9999.0 -9999.0 -9999.0 -9999.0 -9999.0 -9999.0 -9999.0 -9999.0 -9999.0 -9999.0 -9999.0 -9999.0 -9999.0 01.61 02.05 02.15 02.36
