tests/Case_5_SpreadRate.asc
NCOLS 354
NROWS 235
XLLCORNER 2900300.000000
YLLCORNER 2159500.000000
CELLSIZE 100.000000
NODATA_VALUE -9999.0
[rows 93 to 123 of 235, columns 68 to 135 of 354]
02.90 02.84 02.12 03.57 04.73 02.83 02.79 02.65 02.34 01.50 01.71 01.09 00.87 00.49 00.37 01.10 02.38 04.86 04.82 05.49 04.46 01.68 02.03 03.08 01.79 02.52 02.49 -9999.00 -9999.0 -9999.0 -9999.0 -9999.0 -9999.0 -9999.0 -9999.0 -9999.0 -9999.0 -9999.0 -9999.0 -9999.0 -9999.0 -9999.0 -9999.0 -9999.0 -9999.0 -9999.0 -9999.0 -9999.0 -9999.0 -9999.0 -9999.0 -9999.0 -9999.0 -9999.0 -9999.0 -9999.0 -9999.0 -9999.0 -9999.0 -9999.0 -9999.0 -9999.0 -9999.0 -9999.0 -9999.0 -9999.0 -9999.0 -9999.0
05.13 03.46 02.59 02.78 04.80 04.61 03.79 02.35 01.51 01.72 02.15 01.37 00.85 00.53 00.48 00.41 01.14 02.11 03.53 04.54 02.52 02.11 02.75 03.49 01.74 02.28 02.21 01.83 -9999.00 -9999.0 -9999.0 -9999.0 -9999.0 -9999.0 -9999.0 -9999.0 -9999.0 -9999.0 -9999.0 -9999.0 -9999.0 -9999.0 -9999.0 -9999.0 -9999.0 -9999.0 -9999.0 -9999.0 -9999.0 -9999.0 -9999.0 -9999.0 -9999.0 -9999.0 -9999.0 -9999.0 -9999.0 -9999.0 -9999.0 -9999.0 -9999.0 -9999.0 -9999.0 -9999.0 -9999.0 -9999.0 -9999.0 -9999.0
07.67 04.34 02.49 01.73 03.43 05.18 03.82 02.35 01.49 02.31 02.21 02.62 01.72 00.86 01.08 01.04 01.12 01.43 03.75 03.68 02.71 02.09 03.03 04.15 03.07 02.76 03.42 01.63 01.28 -9999.00 -9999.0 -9999.0 -9999.0 -9999.0 -9999.0 -9999.0 -9999.0 -9999.0 -9999.0 -9999.0 -9999.0 -9999.0 -9999.0 -9999.0 -9999.0 -9999.0 -9999.0 -9999.0 -9999.0 -9999.0 -9999.0 -9999.0 -9999.0 -9999.0 -9999.0 -9999.0 -9999.0 -9999.0 -9999.0 -9999.0 -9999.0 -9999.0 -9999.0 -9999.0 -9999.0 -9999.0 -9999.0 -9999.0
06.85 06.78 03.15 01.87 02.21 03.32 03.78 02.87 01.69 02.04 02.05 01.12 01.32 02.00 02.25 02.28 01.73 01.44 00.42 02.33 02.81 02.05 02.17 02.69 04.53 03.63 02.89 01.93 01.28 01.19 -9999.00 -9999.0 -9999.0 -9999.0 -9999.0 -9999.0 -9999.0 -9999.0 -9999.0 -9999.0 -9999.0 -9999.0 -9999.0 -9999.0 -9999.0 -9999.0 -9999.0 -9999.0 -9999.0 -9999.0 -9999.0 -9999.0 -9999.0 -9999.0 -9999.0 -9999.0 -9999.0 -9999.0 -9999.0 -9999.0 -9999.0 -9999.0 -9999.0 -9999.0 -9999.0 -9999.0 -9999.0 -9999.0
06.27 07.89 04.83 02.73 02.32 02.22 02.67 01.91 01.23 01.29 01.79 01.45 01.53 01.76 04.19 04.44 02.27 01.66 01.67 02.24 02.80 02.64 02.51 03.76 07.11 06.09 04.36 01.99 02.50 02.68 -9999.00 -9999.0 -9999.0 -9999.0 -9999.0 -9999.0 -9999.0 -9999.0 -9999.0 -9999.0 -9999.0 -9999.0 -9999.0 -9999.0 -9999.0 -9999.0 -9999.0 -9999.0 -9999.0 -9999.0 -9999.0 -9999.0 -9999.0 -9999.0 -9999.0 -9999.0 -9999.0 -9999.0 -9999.0 -9999.0 -9999.0 -9999.0 -9999.0 -9999.0 -9999.0 -9999.0 -9999.0 -9999.0
02.05 04.32 03.78 02.25 02.97 01.69 01.33 01.88 01.57 01.48 01.59 01.73 01.84 01.82 01.79 01.53 01.31 01.91 01.36 02.38 02.94 02.66 03.13 04.08 06.02 03.09 03.25 02.98 02.66 03.23 -9999.00 -9999.0 -9999.0 -9999.0 -9999.0 -9999.0 -9999.0 -9999.0 -9999.0 -9999.0 -9999.0 -9999.0 -9999.0 -9999.0 -9999.0 -9999.0 -9999.0 -9999.0 -9999.0 -9999.0 -9999.0 -9999.0 -9999.0 -9999.0 -9999.0 -9999.0 -9999.0 -9999.0 -9999.0 -9999.0 -9999.0 -9999.0 -9999.0 -9999.0 -9999.0 -9999.0 -9999.0 -9999.0
01.11 03.83 02.88 01.97 01.39 01.82 01.86 02.28 02.04 01.85 01.66 01.77 02.00 01.73 01.18 01.17 01.03 01.21 01.16 02.26 02.71 02.51 03.04 03.22 03.14 05.60 03.97 04.00 04.10 03.86 03.42 -9999.0 -9999.0 -9999.0 -9999.0 -9999.0 -9999.0 -9999.0 -9999.0 -9999.0 -9999.0 -9999.0 -9999.0 -9999.0 -9999.0 -9999.0 -9999.0 -9999.0 -9999.0 -9999.0 -9999.0 -9999.0 -9999.0 -9999.0 -9999.0 -9999.0 -9999.0 -9999.0 -9999.0 -9999.0 -9999.0 -9999.0 -9999.0 -9999.0 -9999.0 -9999.0 -9999.0 -9999.0
01.12 02.81 02.96 01.98 02.45 02.75 02.89 03.20 03.23 02.98 02.48 01.65 02.04 01.86 01.50 01.71 00.40 01.42 02.02 02.30 02.27 02.38 02.64 02.64 03.19 06.32 04.56 04.72 05.04 04.36 03.05 -9999.00 -9999.0 -9999.0 -9999.0 -9999.0 -9999.0 -9999.0 -9999.0 -9999.0 -9999.0 -9999.0 -9999.0 -9999.0 -9999.0 -9999.0 -9999.0 -9999.0 -9999.0 -9999.0 -9999.0 -9999.0 -9999.0 -9999.0 -9999.0 -9999.0 -9999.0 -9999.0 -9999.0 -9999.0 -9999.0 -9999.0 -9999.0 -9999.0 -9999.0 -9999.0 -9999.0 -9999.0
01.75 05.08 03.05 02.01 02.26 02.98 03.28 03.59 03.16 03.07 02.59 01.74 02.32 02.13 01.51 00.98 00.18 01.61 02.18 02.07 02.19 02.25 02.56 02.59 03.14 05.87 05.34 05.10 04.59 03.91 02.55 01.32 -9999.0 -9999.0 -9999.0 -9999.0 -9999.0 -9999.0 -9999.0 -9999.0 -9999.0 -9999.0 -9999.0 -9999.0 -9999.0 -9999.0 -9999.0 -9999.0 -9999.0 -9999.0 -9999.0 -9999.0 -9999.0 -9999.0 -9999.0 -9999.0 -9999.0 -9999.0 -9999.0 -9999.0 -9999.0 -9999.0 -9999.0 -9999.0 -9999.0 -9999.0 -9999.0 -9999.0
02.77 04.92 03.68 01.58 01.97 02.53 02.90 03.09 03.45 03.07 03.08 02.85 02.42 02.02 01.69 01.12 00.43 01.39 02.05 02.05 02.05 02.32 02.68 02.47 02.56 03.70 03.08 02.79 02.43 02.46 02.34 02.13 -9999.00 -9999.00 -9999.0 -9999.0 -9999.0 -9999.0 -9999.0 -9999.0 -9999.0 -9999.0 -9999.0 -9999.0 -9999.0 -9999.0 -9999.0 -9999.0 -9999.0 -9999.0 -9999.0 -9999.0 -9999.0 -9999.0 -9999.0 -9999.0 -9999.0 -9999.0 -9999.0 -9999.0 -9999.0 -9999.0 -9999.0 -9999.0 -9999.0 -9999.0 -9999.0 -9999.0
02.09 05.19 04.34 01.24 02.02 02.52 01.87 02.09 02.93 03.35 02.56 02.46 02.21 01.76 01.49 01.12 00.67 00.85 02.09 02.13 02.24 02.20 02.38 02.40 02.37 02.73 02.96 02.85 01.87 02.04 01.69 01.71 01.69 02.11 -9999.00 -9999.0 -9999.0 -9999.0 -9999.0 -9999.0 -9999.0 -9999.0 -9999.0 -9999.0 -9999.0 -9999.0 -9999.0 -9999.0 -9999.0 -9999.0 -9999.0 -9999.0 -9999.0 -9999.0 -9999.0 -9999.0 -9999.0 -9999.0 -9999.0 -9999.0 -9999.0 -9999.0 -9999.0 -9999.0 -9999.0 -9999.0 -9999.0 -9999.0
01.75 04.70 05.33 01.47 01.62 02.37 02.09 01.32 01.50 01.47 01.51 01.90 01.55 01.40 01.36 01.16 00.65 01.01 01.91 02.16 02.32 02.22 02.16 02.06 02.03 02.50 02.73 02.88 02.69 02.64 02.68 01.72 01.99 02.24 02.27 -9999.00 -9999.0 -9999.0 -9999.0 -9999.0 -9999.0 -9999.0 -9999.0 -9999.0 -9999.0 -9999.0 -9999.0 -9999.0 -9999.0 -9999.0 -9999.0 -9999.0 -9999.0 -9999.0 -9999.0 -9999.0 -9999.0 -9999.0 -9999.0 -9999.0 -9999.0 -9999.0 -9999.0 -9999.0 -9999.0 -9999.0 -9999.0 -9999.0
02.21 04.89 04.75 03.98 01.66 02.30 02.52 01.96 01.60 01.42 01.33 01.23 01.29 01.49 01.49 01.22 01.06 00.22 01.54 02.16 02.30 02.59 00.82 00.55 02.34 02.74 03.02 03.34 03.22 02.81 02.27 01.96 02.20 02.39 02.37 02.17 -9999.00 -9999.0 -9999.0 -9999.0 -9999.0 -9999.0 -9999.0 -9999.0 -9999.0 -9999.0 -9999.0 -9999.0 -9999.0 -9999.0 -9999.0 -9999.0 -9999.0 -9999.0 -9999.0 -9999.0 -9999.0 -9999.0 -9999.0 -9999.0 -9999.0 -9999.0 -9999.0 -9999.0 -9999.0 -9999.0 -9999.0 -9999.0
02.20 03.90 05.09 05.81 02.10 01.76 02.38 02.15 01.83 01.68 01.60 01.52 01.58 01.42 01.53 01.40 01.14 00.63 00.79 01.71 02.26 03.42 00.78 01.00 02.45 02.92 03.20 03.47 03.72 02.85 02.26 02.36 01.91 01.93 01.88 01.74 01.89 -9999.00 -9999.00 -9999.0 -9999.0 -9999.0 -9999.0 -9999.0 -9999.0 -9999.0 -9999.0 -9999.0 -9999.0 -9999.0 -9999.0 -9999.0 -9999.0 -9999.0 -9999.0 -9999.0 -9999.0 -9999.0 -9999.0 -9999.0 -9999.0 -9999.0 -9999.0 -9999.0 -9999.0 -9999.0 -9999.0 -9999.0
01.84 01.90 01.36 03.18 02.79 01.90 01.99 02.19 01.83 01.86 01.93 01.71 01.56 01.45 01.71 01.43 01.39 01.49 00.83 01.11 00.80 00.95 01.11 01.12 00.98 00.09 01.52 01.99 02.36 02.50 02.43 02.11 01.09 00.99 01.03 01.08 00.85 01.87 02.12 -9999.00 -9999.00 -9999.00 -9999.00 -9999.00 00.97 00.97 00.94 -9999.00 -9999.00 -9999.00 -9999.0 -9999.0 -9999.0 -9999.0 -9999.0 -9999.0 -9999.0 -9999.0 -9999.0 -9999.0 -9999.0 -9999.0 -9999.0 -9999.0 -9999.0 -9999.0 -9999.0 -9999.0
01.81 01.54 01.30 01.54 02.27 02.84 02.28 02.05 01.71 01.84 01.86 01.99 01.64 01.74 01.91 02.05 01.95 01.77 01.41 01.13 01.32 00.99 01.03 01.00 01.06 01.14 01.12 00.94 00.82 02.24 02.48 03.15 01.12 00.64 00.42 00.37 00.68 02.04 02.32 02.34 02.32 01.61 00.65 00.93 00.65 00.62 00.89 02.91 02.90 02.15 01.72 -9999.00 -9999.00 -9999.0 -9999.0 -9999.0 -9999.0 -9999.0 -9999.0 -9999.0 -9999.0 -9999.0 -9999.0 -9999.0 -9999.0 -9999.0 -9999.0 -9999.0
01.74 01.95 01.71 01.97 02.29 03.19 04.39 03.34 02.10 01.64 01.56 01.56 01.54 01.89 02.02 02.12 01.93 01.56 01.40 01.34 01.24 01.23 01.13 01.08 01.21 01.24 01.34 01.81 01.34 02.08 02.39 03.33 00.62 00.60 00.14 00.10 00.62 02.14 02.03 02.02 01.98 02.47 01.64 02.02 01.12 00.63 00.93 03.07 02.80 01.94 01.81 02.02 01.97 01.92 01.63 01.33 -9999.00 -9999.00 -9999.00 -9999.0 -9999.0 -9999.0 -9999.0 -9999.0 -9999.0 -9999.0 -9999.0 -9999.0
-9999.0 -9999.0 -9999.0 01.68 02.14 02.84 04.65 05.10 02.33 02.03 01.76 01.69 01.39 01.23 01.35 01.37 01.27 01.40 01.91 01.61 01.30 01.30 01.84 01.39 00.72 00.60 00.44 00.47 00.36 00.21 00.38 00.43 00.45 00.06 00.38 00.28 00.36 02.45 02.79 02.86 02.70 02.27 02.92 01.98 01.20 00.25 00.69 00.83 00.81 00.83 01.08 00.69 00.73 00.77 00.80 00.76 00.73 00.74 00.65 00.59 -9999.00 -9999.0 -9999.0 -9999.0 -9999.0 -9999.0 -9999.0 -9999.0
-9999.0 -9999.0 -9999.0 -9999.0 02.04 02.48 03.04 02.90 02.56 03.22 02.18 02.16 02.12 02.10 01.60 01.53 01.74 01.74 01.63 01.41 01.26 02.68 02.31 02.70 00.89 00.55 00.48 00.56 00.49 00.49 00.43 00.35 00.34 00.39 00.61 00.13 00.25 02.42 02.76 02.93 02.91 03.20 01.76 01.32 00.60 00.21 00.25 00.38 00.33 00.32 00.34 00.49 00.55 00.66 00.63 00.64 00.62 00.64 00.79 00.78 00.73 -9999.00 -9999.00 -9999.00 -9999.00 -9999.00 -9999.00 -9999.00
-9999.0 -9999.0 -9999.0 01.51 01.88 02.06 02.31 01.57 02.19 02.82 02.03 02.44 03.02 03.59 02.67 01.82 01.78 01.52 01.35 01.33 01.68 01.94 01.21 00.98 01.40 01.57 01.21 01.71 01.80 01.64 01.60 01.47 00.85 00.67 00.50 00.17 00.26 00.43 00.76 00.74 00.71 00.72 00.59 00.51 00.40 00.29 00.27 00.19 00.07 00.07 00.11 00.12 00.07 00.11 00.11 00.11 00.23 00.22 00.06 00.26 00.27 01.20 03.61 04.06 03.98 03.86 -9999.00 -9999.00
-9999.0 -9999.0 01.28 01.95 01.97 01.96 02.15 00.99 01.86 01.64 02.00 02.59 02.62 04.11 04.37 02.41 02.33 02.13 02.23 01.74 02.46 02.54 01.22 01.17 01.34 01.00 01.09 01.14 01.09 01.26 01.35 01.77 00.89 00.82 00.51 00.44 00.19 00.14 00.34 00.37 00.38 00.21 00.14 00.10 00.23 00.63 00.53 00.49 00.41 00.47 00.59 00.56 00.55 00.45 00.39 00.33 00.41 00.56 00.57 00.34 00.26 00.80 03.39 03.57 04.25 03.92 03.39 01.35
-9999.0 -9999.0 -9999.0 01.94 02.15 02.14 02.16 -9999.0 01.79 01.66 02.10 02.13 02.33 02.83 03.43 03.07 02.53 02.35 02.39 02.55 02.48 02.33 01.08 01.10 01.10 00.58 01.21 01.47 01.80 02.59 02.69 02.34 00.85 00.77 00.38 00.54 00.47 00.35 00.32 00.33 00.34 00.33 00.33 00.42 00.47 00.72 00.87 00.96 00.75 00.61 00.66 00.67 00.73 01.01 01.25 01.07 00.66 00.56 00.54 00.23 00.25 00.71 02.79 03.48 03.76 03.13 02.86 01.41
-9999.0 -9999.0 -9999.0 -9999.0 -9999.0 -9999.0 -9999.0 -9999.0 00.70 01.10 01.62 01.28 01.39 01.83 02.58 03.24 02.53 01.93 01.67 01.19 01.08 01.00 01.05 01.06 00.91 -9999.0 00.68 00.85 00.96 02.09 02.97 02.37 00.94 00.91 00.58 00.92 01.14 01.42 01.10 01.14 01.20 01.28 01.16 01.24 01.50 02.08 02.67 01.43 01.28 00.56 00.56 00.55 00.51 00.68 00.74 00.96 00.79 00.45 00.51 00.46 00.16 00.46 01.58 01.64 02.49 02.35 02.15 02.86
-9999.0 -9999.0 -9999.0 -9999.0 -9999.0 -9999.0 -9999.0 -9999.0 -9999.0 01.10 01.55 01.32 01.28 01.51 02.72 02.65 02.34 01.95 01.74 01.26 01.21 00.93 00.85 00.81 -9999.0 -9999.0 -9999.0 00.66 00.74 01.86 01.97 02.10 01.05 00.95 00.79 01.29 01.80 02.40 01.38 01.16 01.12 01.26 01.17 01.18 01.22 01.33 01.82 01.14 01.02 00.44 -9999.0 -9999.0 00.20 00.53 00.57 00.34 00.47 00.55 00.44 00.49 00.15 00.25 01.79 01.79 01.64 01.97 01.32 01.47
-9999.0 -9999.0 -9999.0 -9999.0 -9999.0 -9999.0 -9999.0 -9999.0 -9999.0 -9999.0 00.95 01.22 01.35 01.37 02.40 02.23 02.14 01.52 01.71 01.25 01.10 00.77 -9999.0 -9999.0 -9999.0 -9999.0 -9999.0 -9999.0 00.68 00.90 00.96 01.10 01.11 00.82 00.67 01.04 01.99 02.13 01.49 01.66 01.20 01.22 01.70 01.59 01.72 01.67 01.68 00.81 00.46 -9999.0 -9999.0 -9999.0 -9999.0 01.24 03.19 04.53 02.61 03.11 02.70 00.46 00.42 00.07 00.30 00.33 00.61 00.66 00.34 00.22
-9999.0 -9999.0 -9999.0 -9999.0 -9999.0 -9999.0 -9999.0 -9999.0 -9999.0 -9999.0 -9999.0 -9999.0 00.41 01.23 01.52 01.72 01.48 01.58 01.45 01.17 01.01 -9999.0 -9999.0 -9999.0 -9999.0 -9999.0 -9999.0 -9999.0 -9999.0 00.71 00.79 00.85 00.90 00.66 00.07 01.07 01.42 01.65 01.83 02.41 01.37 01.43 01.73 01.76 01.90 02.35 02.00 00.40 -9999.0 -9999.0 -9999.0 -9999.0 -9999.0 -9999.0 02.26 03.22 03.01 03.12 03.33 00.48 00.61 00.24 00.22 00.17 00.10 00.15 00.15 00.30
-9999.0 -9999.0 -9999.0 -9999.0 -9999.0 -9999.0 -9999.0 -9999.0 -9999.0 -9999.0 -9999.0 -9999.0 -9999.0 00.76 01.40 01.14 00.73 00.98 -9999.0 -9999.0 -9999.0 -9999.0 -9999.0 -9999.0 -9999.0 -9999.0 -9999.0 -9999.0 -9999.0 -9999.0 -9999.0 -9999.0 -9999.0 -9999.0 -9999.0 00.74 00.93 00.98 01.72 02.38 01.40 00.82 01.34 01.66 01.75 01.50 00.36 -9999.0 -9999.0 -9999.0 -9999.0 -9999.0 -9999.0 -9999.0 01.15 01.76 01.71 01.73 01.40 00.52 00.67 00.70 00.71 00.61 00.54 00.56 00.42 00.55
-9999.0 -9999.0 -9999.0 -9999.0 -9999.0 -9999.0 -9999.0 -9999.0 -9999.0 -9999.0 -9999.0 -9999.0 -9999.0 -9999.0 -9999.0 -9999.0 -9999.0 -9999.0 -9999.0 -9999.0 -9999.0 -9999.0 -9999.0 -9999.0 -9999.0 -9999.0 -9999.0 -9999.0 -9999.0 -9999.0 -9999.0 -9999.0 -9999.0 -9999.0 -9999.0 -9999.0 00.40 01.00 01.13 -9999.0 -9999.0 -9999.0 -9999.0 -9999.0 -9999.0 -9999.0 -9999.0 -9999.0 -9999.0 -9999.0 -9999.0 -9999.0 -9999.0 -9999.0 -9999.0 -9999.0 -9999.0 00.29 00.28 00.46 00.51 00.61 00.52 00.55 00.51 00.66 00.56 00.50
-9999.0 -9999.0 -9999.0 -9999.0 -9999.0 -9999.0 -9999.0 -9999.0 -9999.0 -9999.0 -9999.0 -9999.0 -9999.0 -9999.0 -9999.0 -9999.0 -9999.0 -9999.0 -9999.0 -9999.0 -9999.0 -9999.0 -9999.0 -9999.0 -9999.0 -9999.0 -9999.0 -9999.0 -9999.0 -9999.0 -9999.0 -9999.0 -9999.0 -9999.0 -9999.0 -9999.0 -9999.0 -9999.0 -9999.0 -9999.0 -9999.0 -9999.0 -9999.0 -9999.0 -9999.0 -9999.0 -9999.0 -9999.0 -9999.0 -9999.0 -9999.0 -9999.0 -9999.0 -9999.0 -9999.0 -9999.0 -9999.0 -9999.0 -9999.0 00.29 00.50 00.61 00.81 00.86 00.56 00.62 00.84 01.11
-9999.0 -9999.0 -9999.0 -9999.0 -9999.0 -9999.0 -9999.0 -9999.0 -9999.0 -9999.0 -9999.0 -9999.0 -9999.0 -9999.0 -9999.0 -9999.0 -9999.0 -9999.0 -9999.0 -9999.0 -9999.0 -9999.0 -9999.0 -9999.0 -9999.0 -9999.0 -9999.0 -9999.0 -9999.0 -9999.0 -9999.0 -9999.0 -9999.0 -9999.0 -9999.0 -9999.0 -9999.0 -9999.0 -9999.0 -9999.0 -9999.0 -9999.0 -9999.0 -9999.0 -9999.0 -9999.0 -9999.0 -9999.0 -9999.0 -9999.0 -9999.0 -9999.0 -9999.0 -9999.0 -9999.0 -9999.0 -9999.0 -9999.0 -9999.0 -9999.0 00.34 00.92 01.56 01.06 00.74 00.84 01.56 01.29
-9999.0 -9999.0 -9999.0 -9999.0 -9999.0 -9999.0 -9999.0 -9999.0 -9999.0 -9999.0 -9999.0 -9999.0 -9999.0 -9999.0 -9999.0 -9999.0 -9999.0 -9999.0 -9999.0 -9999.0 -9999.0 -9999.0 -9999.0 -9999.0 -9999.0 -9999.0 -9999.0 -9999.0 -9999.0 -9999.0 -9999.0 -9999.0 -9999.0 -9999.0 -9999.0 -9999.0 -9999.0 -9999.0 -9999.0 -9999.0 -9999.0 -9999.0 -9999.0 -9999.0 -9999.0 -9999.0 -9999.0 -9999.0 -9999.0 -9999.0 -9999.0 -9999.0 -9999.0 -9999.0 -9999.0 -9999.0 -9999.0 -9999.0 -9999.0 -9999.0 -9999.0 00.58 00.69 00.60 00.74 01.22 01.81 01.22
