tests/Case_5_SpreadRate.asc
NCOLS 354
NROWS 235
XLLCORNER 2900300.000000
YLLCORNER 2159500.000000
CELLSIZE 100.000000
NODATA_VALUE -9999.0
[rows 31 to 61 of 235, columns 68 to 135 of 354]
-9999.0 -9999.0 -9999.0 -9999.0 -9999.0 -9999.0 -9999.0 -9999.0 -9999.0 -9999.0 -9999.0 -9999.0 -9999.0 -9999.0 -9999.0 -9999.0 -9999.0 -9999.0 -9999.0 -9999.0 -9999.0 -9999.0 -9999.0 -9999.0 -9999.0 -9999.0 -9999.0 00.75 00.79 00.93 01.11 00.83 01.28 02.18 03.12 02.79 02.65 02.23 01.99 01.48 01.16 01.39 01.49 01.74 00.88 01.39 02.13 01.50 01.36 01.27 01.18 01.19 -9999.0 -9999.0 -9999.0 -9999.0 -9999.0 -9999.0 -9999.0 -9999.0 -9999.0 -9999.0 00.70 01.58 02.01 01.74 01.46 01.08
-9999.0 -9999.0 -9999.0 -9999.0 -9999.0 -9999.0 -9999.0 -9999.0 -9999.0 -9999.0 -9999.0 -9999.0 -9999.0 -9999.0 -9999.0 -9999.0 -9999.0 -9999.0 -9999.0 -9999.0 -9999.0 -9999.0 -9999.0 -9999.0 -9999.0 -9999.0 00.79 01.00 01.05 02.36 01.96 01.16 01.97 02.21 02.23 02.54 02.80 02.67 02.02 02.00 01.08 01.25 01.91 02.11 01.13 01.06 02.18 02.99 01.87 01.32 01.40 01.23 00.44 -9999.0 -9999.0 -9999.0 -9999.0 -9999.0 -9999.0 -9999.0 -9999.0 -9999.0 01.30 01.47 01.55 01.67 01.22 01.10
-9999.0 -9999.0 -9999.0 -9999.0 -9999.0 -9999.0 -9999.0 -9999.0 -9999.0 -9999.0 -9999.0 -9999.0 -9999.0 -9999.0 -9999.0 -9999.0 -9999.0 -9999.0 -9999.0 -9999.0 -9999.0 -9999.0 -9999.0 -9999.0 -9999.0 00.69 00.91 01.07 00.87 01.44 01.30 02.36 02.46 02.05 02.06 02.31 02.57 02.47 02.28 01.12 01.15 01.65 01.62 01.28 01.04 01.25 01.19 01.93 01.73 01.39 01.34 01.15 00.95 -9999.0 -9999.0 -9999.0 -9999.0 -9999.0 -9999.0 -9999.0 -9999.0 00.50 01.31 01.11 01.15 01.41 01.50 01.30
-9999.0 -9999.0 -9999.0 -9999.0 -9999.0 -9999.0 -9999.0 -9999.0 -9999.0 -9999.0 -9999.0 -9999.0 -9999.0 -9999.0 -9999.0 -9999.0 -9999.0 -9999.0 -9999.0 -9999.0 -9999.0 -9999.0 -9999.0 -9999.0 00.30 00.80 00.77 00.99 01.86 05.05 04.14 03.99 01.99 01.70 02.05 02.13 02.57 02.74 02.08 01.14 01.09 01.65 01.43 01.25 01.01 01.23 01.35 01.16 01.16 01.41 01.20 01.06 00.93 -9999.0 -9999.0 -9999.0 -9999.0 00.80 01.07 01.18 01.20 00.58 01.42 01.14 01.22 01.55 01.73 01.21
-9999.0 -9999.0 -9999.0 -9999.0 -9999.0 -9999.0 -9999.0 -9999.0 -9999.0 -9999.0 -9999.0 -9999.0 -9999.0 -9999.0 -9999.0 -9999.0 -9999.0 -9999.0 -9999.0 -9999.0 -9999.0 -9999.0 -9999.0 -9999.0 00.65 00.90 00.73 01.91 04.38 06.62 07.58 04.22 01.82 01.76 01.72 01.75 02.63 02.08 01.05 01.26 01.41 01.37 01.11 01.29 00.97 01.30 01.17 01.25 01.03 00.96 01.01 00.88 00.79 -9999.0 00.37 00.84 01.14 01.45 02.18 02.60 02.43 00.70 01.70 01.35 01.21 01.25 01.29 01.07
-9999.0 -9999.0 -9999.0 -9999.0 -9999.0 -9999.0 -9999.0 -9999.0 -9999.0 -9999.0 -9999.0 -9999.0 -9999.0 -9999.0 -9999.0 -9999.0 -9999.0 -9999.0 -9999.0 -9999.0 -9999.0 -9999.0 -9999.0 -9999.0 00.60 00.91 00.87 02.50 03.83 05.27 06.33 02.62 02.06 02.69 02.19 01.96 01.39 01.25 01.51 01.87 01.82 01.62 01.54 01.58 01.22 01.15 01.14 01.17 01.10 00.95 00.85 00.75 00.72 00.89 00.87 01.27 01.72 01.92 01.84 01.79 01.72 00.60 01.18 01.20 01.18 01.12 01.11 01.18
-9999.0 -9999.0 -9999.0 -9999.0 -9999.0 -9999.0 -9999.0 -9999.0 -9999.0 -9999.0 -9999.0 -9999.0 -9999.0 -9999.0 -9999.0 -9999.0 -9999.0 -9999.0 -9999.0 -9999.0 00.44 00.61 00.72 -9999.0 00.46 00.73 00.84 00.95 01.29 04.11 02.60 02.44 02.75 01.78 01.27 01.29 01.64 01.53 01.30 01.57 01.84 01.92 01.61 01.87 03.61 03.44 03.51 01.26 01.16 00.99 00.98 00.81 00.85 01.12 00.94 01.22 01.33 01.33 01.59 01.84 01.59 00.58 01.22 01.20 01.20 01.33 01.14 01.24
-9999.0 -9999.0 -9999.0 -9999.0 -9999.0 -9999.0 -9999.0 -9999.0 -9999.0 -9999.0 -9999.0 -9999.0 -9999.0 -9999.0 -9999.0 -9999.0 00.96 00.44 -9999.0 00.53 01.44 01.68 01.17 00.87 00.71 01.03 00.73 01.06 01.34 01.94 02.19 02.56 03.10 03.04 02.14 01.99 01.97 01.27 00.92 01.09 01.25 01.43 01.45 01.67 02.76 03.53 03.09 01.16 01.29 01.57 01.09 00.90 00.83 01.12 00.88 01.14 01.31 01.53 01.94 02.16 01.68 00.60 01.25 01.30 01.27 01.30 01.01 00.76
-9999.0 -9999.0 -9999.0 -9999.0 -9999.0 -9999.0 -9999.0 -9999.0 -9999.0 -9999.0 -9999.0 -9999.0 -9999.0 -9999.0 -9999.0 01.69 02.26 01.03 00.70 00.79 01.18 01.40 01.16 00.79 00.68 00.75 00.95 01.20 00.63 01.57 02.27 02.53 04.49 03.80 01.89 01.80 00.98 00.83 00.61 00.88 01.28 00.83 00.73 00.46 01.61 01.78 02.02 01.00 01.03 01.17 01.03 00.83 01.05 00.73 00.84 01.21 01.40 01.89 02.43 02.31 01.45 00.58 01.25 01.10 00.90 00.72 01.03 01.79
-9999.0 -9999.0 -9999.0 -9999.0 -9999.0 -9999.0 -9999.0 -9999.0 -9999.0 -9999.0 -9999.0 -9999.0 -9999.0 -9999.0 -9999.0 01.83 03.24 03.70 02.36 01.46 01.29 01.44 01.19 01.03 01.31 01.48 01.23 01.10 01.55 00.72 01.07 01.18 03.40 03.03 01.48 00.52 01.03 01.43 01.87 01.77 01.56 01.58 02.02 02.24 00.50 01.01 00.93 01.05 01.01 01.19 00.94 00.62 01.35 00.79 01.01 01.21 01.46 01.82 02.14 02.21 01.01 00.73 01.62 00.95 00.45 01.26 01.57 02.07
-9999.0 -9999.0 -9999.0 -9999.0 -9999.0 -9999.0 -9999.0 -9999.0 -9999.0 -9999.0 -9999.0 -9999.0 -9999.0 -9999.0 01.00 02.52 03.80 02.82 02.71 02.71 02.51 02.21 01.68 01.49 01.83 02.34 02.18 01.70 01.46 01.04 01.02 00.91 02.36 02.17 01.21 02.11 02.89 02.89 02.47 02.33 01.86 02.11 02.85 03.09 00.62 00.84 00.87 00.55 00.90 01.08 00.85 00.57 00.78 00.95 01.35 01.43 01.44 01.73 01.48 02.28 01.10 00.78 01.31 00.69 01.22 01.53 01.69 02.04
-9999.0 -9999.0 -9999.0 -9999.0 -9999.0 -9999.0 -9999.0 -9999.0 -9999.0 -9999.0 00.90 01.04 01.03 00.86 01.09 02.15 02.61 02.71 02.83 02.77 03.25 02.01 01.88 01.92 02.00 02.06 02.65 02.45 02.03 01.17 01.33 01.66 02.11 02.00 01.98 03.26 03.80 04.19 02.90 02.01 01.50 02.42 01.92 01.94 00.73 01.47 01.19 00.73 00.31 00.74 00.83 00.59 00.73 00.98 01.57 01.98 02.37 01.75 01.26 00.93 00.91 00.86 01.25 01.06 01.41 01.65 01.71 01.38
-9999.0 -9999.0 -9999.0 -9999.0 -9999.0 -9999.0 -9999.0 00.61 00.97 01.25 01.50 01.69 02.01 01.52 01.06 01.30 02.33 02.57 02.87 03.99 03.47 01.83 02.15 02.72 02.35 01.91 03.33 03.23 02.45 01.45 01.10 01.67 01.98 01.82 01.47 02.58 03.50 03.96 03.21 01.66 02.88 01.93 02.11 01.35 00.90 01.59 01.54 01.08 00.87 00.69 00.59 00.52 00.67 00.86 01.05 01.50 01.72 01.36 01.04 00.63 00.55 00.83 00.95 01.43 01.48 01.57 01.63 01.64
-9999.0 -9999.0 -9999.0 -9999.0 -9999.0 -9999.0 00.57 01.26 01.53 01.43 01.59 03.37 02.64 01.97 01.18 01.19 01.15 02.06 02.92 03.89 03.28 01.94 02.67 02.57 01.98 01.93 04.11 04.05 02.52 01.60 01.03 01.31 01.63 01.97 00.20 02.15 02.84 02.95 03.13 01.87 02.35 02.03 00.96 01.50 01.29 01.50 01.39 01.32 01.10 00.83 00.88 01.13 00.98 00.36 00.96 01.24 01.40 01.27 01.03 00.64 00.42 00.68 01.29 01.56 01.45 01.40 02.16 03.11
-9999.0 -9999.0 -9999.0 -9999.0 -9999.0 00.34 00.80 02.60 02.45 01.89 01.48 01.76 01.10 00.94 01.31 01.02 00.81 00.71 00.92 01.57 01.37 01.48 02.09 01.57 02.10 03.21 04.24 03.53 02.73 02.05 01.57 01.18 01.37 01.32 00.80 01.37 01.95 02.26 04.23 02.36 01.89 02.80 02.35 03.07 01.33 01.65 02.00 01.44 01.32 01.01 01.32 00.72 01.35 01.52 01.15 01.07 01.69 02.93 01.30 00.54 01.30 01.62 01.42 01.50 01.74 02.29 02.71 03.02
-9999.0 -9999.0 -9999.0 -9999.0 -9999.0 00.93 01.06 02.93 01.74 01.91 01.74 01.61 00.99 00.94 01.74 02.10 01.50 01.09 01.17 01.85 02.05 01.27 01.87 01.05 01.86 04.50 04.24 03.61 02.71 02.31 02.00 01.90 01.15 01.33 01.17 00.86 01.59 01.99 02.99 03.03 01.87 05.38 06.83 04.86 02.54 02.80 02.11 01.53 01.56 01.33 01.41 01.56 01.80 02.06 01.84 00.79 00.42 01.76 00.68 01.56 01.87 02.32 01.36 02.51 04.50 04.15 02.39 02.46
00.60 -9999.0 -9999.0 -9999.0 -9999.0 00.73 00.85 01.30 01.15 01.44 01.12 01.56 01.61 01.53 02.16 03.58 05.28 04.61 02.83 00.88 01.18 00.81 01.36 01.32 00.78 00.57 00.73 03.79 02.97 02.25 01.67 01.49 01.32 00.86 01.19 00.88 01.51 01.88 02.32 01.59 01.68 04.35 12.92 07.25 06.14 05.55 04.99 03.29 02.20 02.25 02.97 02.62 02.44 01.40 01.47 01.56 01.45 01.53 00.57 01.46 01.88 02.04 01.18 02.94 03.49 03.57 02.45 01.85
00.81 -9999.0 -9999.0 -9999.0 -9999.0 00.48 00.67 01.15 01.20 02.19 02.03 01.83 01.55 01.42 01.51 02.15 05.09 05.69 02.47 01.07 00.69 00.61 01.10 01.39 01.41 00.98 00.31 00.74 00.36 00.72 00.80 01.61 01.42 01.03 01.28 00.86 01.75 02.38 02.68 01.27 01.85 03.86 11.28 08.07 04.62 05.06 04.15 03.14 01.28 02.54 01.23 01.59 01.67 01.89 02.12 01.87 01.27 01.66 01.26 01.35 01.68 01.70 02.09 03.19 03.55 02.96 02.50 03.23
01.07 00.71 00.13 00.43 00.62 00.72 01.06 01.35 01.21 02.58 02.93 03.26 02.53 01.93 01.74 01.80 02.10 02.67 01.97 01.12 00.67 00.97 00.79 00.94 01.18 00.94 00.91 02.26 01.66 02.06 01.45 02.45 01.82 02.08 01.82 00.89 01.61 01.99 03.08 00.80 01.71 02.06 05.16 06.04 04.51 02.75 02.87 02.14 01.14 01.00 01.46 02.59 02.88 03.15 02.54 02.97 02.86 06.48 02.02 01.68 01.46 02.20 02.83 03.45 03.10 01.97 02.28 08.99
01.49 01.09 00.91 00.76 00.67 00.70 00.69 00.72 01.16 01.24 01.35 01.44 02.66 01.95 01.72 01.68 01.49 01.38 01.65 01.25 00.58 01.27 00.81 00.78 00.88 00.59 00.92 01.37 02.02 01.20 00.87 01.07 02.29 02.89 01.38 02.04 00.75 02.00 03.43 00.81 01.23 02.08 -9999.00 -9999.00 -9999.0 -9999.0 -9999.0 -9999.00 -9999.00 00.94 01.03 00.93 01.57 02.12 02.21 02.15 02.52 03.33 01.12 01.47 01.22 02.29 04.03 03.17 02.34 02.27 01.90 08.16
01.94 01.44 01.67 01.55 01.30 01.16 01.05 00.80 00.79 00.73 01.17 01.38 02.85 02.96 02.31 01.91 01.59 01.12 01.68 00.81 00.82 01.20 00.98 00.71 00.73 00.15 00.82 01.00 01.70 02.33 01.52 01.01 03.26 01.93 01.66 02.34 00.75 03.38 03.69 00.95 01.08 -9999.0 -9999.0 -9999.0 -9999.0 -9999.0 -9999.0 -9999.0 -9999.0 -9999.0 -9999.00 -9999.00 -9999.00 00.73 00.68 00.74 01.36 01.42 00.97 01.53 02.55 04.48 05.23 03.48 02.05 01.83 02.39 06.63
01.61 01.77 01.26 01.19 01.28 01.87 01.90 01.40 01.09 01.01 01.10 01.04 00.84 00.86 01.00 01.05 01.12 00.89 00.92 00.66 01.01 01.31 00.94 00.96 00.66 00.41 00.66 00.75 01.71 02.14 01.30 01.18 01.28 01.14 01.52 01.01 00.78 02.73 02.19 01.03 -9999.00 -9999.0 -9999.0 -9999.0 -9999.0 -9999.0 -9999.0 -9999.0 -9999.0 -9999.0 -9999.0 -9999.0 -9999.0 -9999.0 -9999.0 -9999.00 -9999.00 -9999.00 00.68 01.26 02.58 03.99 03.99 03.88 05.28 03.56 04.02 -9999.00
01.39 01.39 01.03 00.77 00.91 01.37 01.68 01.83 02.56 02.53 02.41 01.88 01.63 01.96 01.96 02.20 01.17 01.12 00.89 00.96 00.88 00.77 00.71 00.81 00.79 00.50 00.62 00.72 01.23 02.44 02.70 02.36 01.42 01.12 00.98 01.02 01.10 01.85 02.15 -9999.00 -9999.0 -9999.0 -9999.0 -9999.0 -9999.0 -9999.0 -9999.0 -9999.0 -9999.0 -9999.0 -9999.0 -9999.0 -9999.0 -9999.0 -9999.0 -9999.0 -9999.0 -9999.0 -9999.0 -9999.0 -9999.00 -9999.00 -9999.00 -9999.0 -9999.0 -9999.0 -9999.0 -9999.0
01.18 01.39 00.99 00.88 00.64 00.97 00.93 01.25 02.20 02.50 01.71 01.63 01.47 02.00 02.27 01.94 00.77 00.38 00.43 00.76 00.94 00.82 00.77 00.11 00.64 00.47 00.81 00.77 00.99 01.97 03.86 03.96 02.59 01.42 00.92 00.82 01.08 01.74 -9999.00 -9999.0 -9999.0 -9999.0 -9999.0 -9999.0 -9999.0 -9999.0 -9999.0 -9999.0 -9999.0 -9999.0 -9999.0 -9999.0 -9999.0 -9999.0 -9999.0 -9999.0 -9999.0 -9999.0 -9999.0 -9999.0 -9999.0 -9999.0 -9999.0 -9999.0 -9999.0 -9999.0 -9999.0 -9999.0
00.86 01.38 01.27 01.04 00.67 00.80 00.80 00.99 01.35 01.37 01.17 00.87 00.71 00.83 00.46 00.51 00.69 00.69 00.75 00.79 00.88 00.89 00.87 00.96 00.57 00.80 00.80 00.88 01.10 01.22 03.00 03.23 02.44 01.45 -9999.00 -9999.00 -9999.00 -9999.00 -9999.0 -9999.0 -9999.0 -9999.0 -9999.0 -9999.0 -9999.0 -9999.0 -9999.0 -9999.0 -9999.0 -9999.0 -9999.0 -9999.0 -9999.0 -9999.0 -9999.0 -9999.0 -9999.0 -9999.0 -9999.0 -9999.0 -9999.0 -9999.0 -9999.0 -9999.0 -9999.0 -9999.0 -9999.0 -9999.0
00.86 01.10 01.24 01.07 00.73 00.95 00.92 01.40 01.38 00.50 00.40 00.55 00.50 00.56 00.65 00.74 00.82 00.88 00.92 00.92 00.86 00.91 00.94 00.85 00.65 00.77 00.73 01.05 01.12 -9999.00 -9999.0 -9999.0 -9999.0 -9999.0 -9999.0 -9999.0 -9999.0 -9999.0 -9999.0 -9999.0 -9999.0 -9999.0 -9999.0 -9999.0 -9999.0 -9999.0 -9999.0 -9999.0 -9999.0 -9999.0 -9999.0 -9999.0 -9999.0 -9999.0 -9999.0 -9999.0 -9999.0 -9999.0 -9999.0 -9999.0 -9999.0 -9999.0 -9999.0 -9999.0 -9999.0 -9999.0 -9999.0 -9999.0
00.66 00.78 00.99 00.83 00.65 00.98 01.04 01.21 00.88 02.05 02.10 02.21 02.14 02.27 02.36 02.57 02.60 02.47 02.34 02.27 02.44 03.45 01.30 00.75 00.85 00.96 00.96 01.06 -9999.00 -9999.0 -9999.0 -9999.0 -9999.0 -9999.0 -9999.0 -9999.0 -9999.0 -9999.0 -9999.0 -9999.0 -9999.0 -9999.0 -9999.0 -9999.0 -9999.0 -9999.0 -9999.0 -9999.0 -9999.0 -9999.0 -9999.0 -9999.0 -9999.0 -9999.0 -9999.0 -9999.0 -9999.0 -9999.0 -9999.0 -9999.0 -9999.0 -9999.0 -9999.0 -9999.0 -9999.0 -9999.0 -9999.0 -9999.0
00.34 00.50 00.57 00.90 00.92 00.96 01.05 01.08 00.47 02.02 02.12 02.20 02.18 02.22 02.32 02.37 02.13 02.19 03.09 03.84 02.84 02.25 00.91 00.99 01.18 01.21 01.23 -9999.00 -9999.0 -9999.0 -9999.0 -9999.0 -9999.0 -9999.0 -9999.0 -9999.0 -9999.0 -9999.0 -9999.0 -9999.0 -9999.0 -9999.0 -9999.0 -9999.0 -9999.0 -9999.0 -9999.0 -9999.0 -9999.0 -9999.0 -9999.0 -9999.0 -9999.0 -9999.0 -9999.0 -9999.0 -9999.0 -9999.0 -9999.0 -9999.0 -9999.0 -9999.0 -9999.0 -9999.0 -9999.0 -9999.0 -9999.0 -9999.0
00.73 00.64 00.40 00.42 00.71 00.67 00.66 01.24 00.34 02.11 02.09 02.19 02.30 02.60 03.00 03.18 03.60 02.22 04.03 06.03 03.49 02.20 01.18 01.17 01.15 -9999.00 -9999.00 -9999.0 -9999.0 -9999.0 -9999.0 -9999.0 -9999.0 -9999.0 -9999.0 -9999.0 -9999.0 -9999.0 -9999.0 -9999.0 -9999.0 -9999.0 -9999.0 -9999.0 -9999.0 -9999.0 -9999.0 -9999.0 -9999.0 -9999.0 -9999.0 -9999.0 -9999.0 -9999.0 -9999.0 -9999.0 -9999.0 -9999.0 -9999.0 -9999.0 -9999.0 -9999.0 -9999.0 -9999.0 -9999.0 -9999.0 -9999.0 -9999.0
02.25 01.45 00.82 00.64 00.24 00.30 00.60 00.89 00.84 02.09 02.16 02.27 02.52 02.67 02.88 03.39 04.27 02.02 01.82 02.42 02.16 02.15 02.30 -9999.00 -9999.00 -9999.0 -9999.0 -9999.0 -9999.0 -9999.0 -9999.0 -9999.0 -9999.0 -9999.0 -9999.0 -9999.0 -9999.0 -9999.0 -9999.0 -9999.0 -9999.0 -9999.0 -9999.0 -9999.0 -9999.0 -9999.0 -9999.0 -9999.0 -9999.0 -9999.0 -9999.0 -9999.0 -9999.0 -9999.0 -9999.0 -9999.0 -9999.0 -9999.0 -9999.0 -9999.0 -9999.0 -9999.0 -9999.0 -9999.0 -9999.0 -9999.0 -9999.0 -9999.0
02.20 02.69 01.55 01.04 00.87 00.90 00.97 00.82 00.70 01.88 02.29 02.77 02.63 02.85 05.08 04.11 04.03 01.85 01.77 01.89 01.93 -9999.00 -9999.00 -9999.0 -9999.0 -9999.0 -9999.0 -9999.0 -9999.0 -9999.0 -9999.0 -9999.0 -9999.0 -9999.0 -9999.0 -9999.0 -9999.0 -9999.0 -9999.0 -9999.0 -9999.0 -9999.0 -9999.0 -9999.0 -9999.0 -9999.0 -9999.0 -9999.0 -9999.0 -9999.0 -9999.0 -9999.0 -9999.0 -9999.0 -9999.0 -9999.0 -9999.0 -9999.0 -9999.0 -9999.0 -9999.0 -9999.0 -9999.0 -9999.0 -9999.0 -9999.0 -9999.0 -9999.0
