tests/Case_5_SpreadRate.asc
NCOLS 354
NROWS 235
XLLCORNER 2900300.000000
YLLCORNER 2159500.000000
CELLSIZE 100.000000
NODATA_VALUE -9999.0
[rows 124 to 154 of 235, columns 136 to 203 of 354]
00.24 00.57 00.75 00.63 00.47 00.60 00.69 00.72 00.48 00.33 00.12 00.24 00.31 00.28 00.13 00.25 03.03 04.12 05.27 01.13 00.81 00.42 00.22 00.23 00.23 00.24 00.40 00.41 00.40 00.26 00.17 00.19 00.33 00.40 00.42 00.38 00.43 00.41 00.38 00.42 00.46 00.52 00.34 00.69 01.46 01.30 00.74 -9999.00 -9999.0 -9999.0 -9999.0 -9999.0 -9999.0 -9999.0 -9999.0 -9999.0 -9999.0 -9999.0 -9999.0 -9999.0 -9999.0 -9999.0 -9999.0 -9999.0 -9999.0 -9999.0 -9999.0 -9999.0
00.15 00.57 00.67 00.48 01.19 01.14 01.80 01.41 00.48 00.92 01.36 02.82 01.78 02.14 01.66 01.99 02.53 03.38 04.28 03.13 03.24 07.24 06.75 05.02 00.39 00.33 00.40 00.45 00.82 00.39 00.34 00.27 00.23 00.19 00.19 00.16 01.01 00.92 00.85 00.80 00.56 01.12 01.78 01.71 01.33 01.36 00.63 00.24 -9999.00 -9999.0 -9999.0 -9999.0 -9999.0 -9999.0 -9999.0 -9999.0 -9999.0 -9999.0 -9999.0 -9999.0 -9999.0 -9999.0 -9999.0 -9999.0 -9999.0 -9999.0 -9999.0 -9999.0
00.45 00.53 00.50 00.48 01.43 01.32 01.28 01.12 00.49 01.02 01.51 01.47 02.27 03.52 04.11 02.42 02.46 03.24 04.21 02.30 02.45 03.48 05.00 05.51 00.63 00.33 00.61 00.55 00.33 00.33 00.54 00.39 00.42 00.40 00.36 00.30 01.03 01.29 01.08 01.02 00.31 01.31 01.78 02.07 02.21 03.06 00.69 00.63 00.26 -9999.00 -9999.00 -9999.0 -9999.0 -9999.0 -9999.0 -9999.0 -9999.0 -9999.0 -9999.0 -9999.0 -9999.0 -9999.0 -9999.0 -9999.0 -9999.0 -9999.0 -9999.0 -9999.0
01.99 01.54 01.49 01.59 01.38 01.24 01.07 00.73 00.65 01.35 01.77 01.90 02.47 04.78 06.12 04.97 02.76 03.10 03.97 05.47 06.10 02.23 00.37 00.79 00.29 00.58 01.59 02.03 02.03 01.55 01.13 01.36 01.29 01.69 01.12 01.98 01.79 01.46 01.56 00.99 00.73 01.15 01.76 02.27 02.52 03.38 00.67 00.58 00.24 02.04 01.56 -9999.00 -9999.00 -9999.0 -9999.0 -9999.0 -9999.0 -9999.0 -9999.0 -9999.0 -9999.0 -9999.0 -9999.0 -9999.0 -9999.0 -9999.0 -9999.0 -9999.0
02.03 02.15 01.71 01.41 01.38 01.38 01.11 00.66 00.72 01.23 01.55 01.92 02.20 02.72 06.26 03.53 02.79 02.81 03.73 04.65 05.35 01.78 00.76 00.92 01.38 01.81 02.28 02.33 02.24 02.30 02.75 02.61 01.67 01.48 01.13 01.76 02.47 01.97 01.96 01.15 01.15 00.63 01.39 01.90 02.14 02.32 00.64 00.55 00.24 01.80 01.60 01.60 01.87 02.37 -9999.00 -9999.00 -9999.00 -9999.00 -9999.00 -9999.00 -9999.0 -9999.0 -9999.0 -9999.0 -9999.0 -9999.0 -9999.0 -9999.0
02.49 02.98 02.60 02.06 01.69 01.82 01.31 00.80 00.68 00.85 01.10 01.90 02.00 01.51 02.34 02.27 02.77 02.72 03.55 04.55 05.96 01.48 00.53 00.60 01.40 01.57 02.01 02.59 02.83 02.86 03.20 03.82 02.96 02.23 02.28 01.47 01.51 01.49 01.30 01.13 01.28 01.13 00.86 00.91 01.44 01.77 00.63 00.58 00.24 01.52 01.82 01.54 01.75 02.11 01.83 01.77 01.98 02.24 01.92 01.80 -9999.00 -9999.00 -9999.0 -9999.0 -9999.0 -9999.0 -9999.0 -9999.0
02.60 03.89 03.44 02.55 02.65 02.46 00.84 00.73 00.81 00.88 00.83 01.40 02.10 03.18 02.14 02.52 02.66 03.00 03.58 04.13 04.51 02.20 00.57 01.03 01.30 00.63 00.72 00.83 00.86 01.85 02.65 03.27 03.41 03.22 04.17 03.66 02.75 02.83 01.78 01.11 01.24 01.25 01.28 01.18 01.01 00.98 00.27 00.21 00.24 01.79 02.18 01.69 01.89 02.12 01.59 01.77 01.80 02.06 01.94 01.77 01.70 01.66 01.93 -9999.00 -9999.00 -9999.0 -9999.0 -9999.0
02.35 03.65 03.41 02.33 02.33 01.83 00.74 00.70 00.66 00.75 00.54 01.32 01.82 02.21 02.86 01.99 02.40 02.60 03.05 03.07 03.74 02.43 00.85 00.72 00.89 00.86 00.81 00.62 00.63 01.37 01.73 02.20 02.56 03.00 03.70 03.90 02.75 03.03 01.56 01.13 01.08 01.23 01.37 01.41 01.57 01.04 00.27 00.22 00.25 01.77 02.04 01.66 01.81 01.96 01.53 02.41 02.21 01.80 01.82 01.49 01.53 01.85 01.54 01.32 00.52 -9999.00 -9999.0 -9999.0
00.46 01.01 01.39 01.26 00.92 00.70 00.56 00.64 00.95 00.76 00.62 01.05 01.25 01.41 01.66 02.19 02.37 02.22 02.49 02.93 03.24 03.97 04.28 04.44 00.66 00.73 00.71 00.89 01.12 00.38 00.36 00.36 00.35 00.34 00.34 00.35 00.37 00.34 00.32 00.26 00.27 01.07 01.43 01.48 01.40 01.35 01.38 00.92 01.21 00.35 00.44 01.63 02.20 02.66 03.14 03.79 00.77 00.52 00.48 00.44 00.45 00.40 00.36 00.32 00.25 00.69 -9999.00 -9999.0
00.58 00.84 01.22 01.31 01.01 00.76 00.97 00.64 00.71 00.71 00.66 00.59 00.69 01.14 01.29 02.26 03.36 03.24 02.38 02.94 03.38 03.84 04.88 05.92 00.73 01.08 01.05 00.98 01.23 00.43 00.43 00.41 00.49 00.45 00.48 00.40 00.35 00.31 -9999.0 -9999.0 00.19 01.13 01.33 01.48 01.43 01.47 01.31 01.34 01.21 00.21 00.22 01.44 01.95 02.32 02.99 02.62 00.75 00.69 00.42 00.42 00.36 00.21 00.18 00.21 00.22 00.30 01.34 01.37
00.47 00.67 00.76 00.83 01.06 00.74 00.62 00.59 00.59 00.73 00.75 00.85 00.65 00.74 01.10 01.98 03.25 02.63 01.96 01.42 02.00 02.85 02.92 00.12 01.19 01.13 01.12 01.34 01.23 00.37 00.34 -9999.0 00.24 00.24 00.24 -9999.0 -9999.0 -9999.0 -9999.0 -9999.0 00.19 01.32 01.52 01.26 01.36 01.41 01.18 01.01 01.33 00.27 00.18 00.32 01.51 01.79 02.12 01.89 00.65 00.65 00.17 00.18 00.19 00.21 00.23 00.26 00.38 00.30 02.51 02.21
01.47 00.63 00.73 00.77 00.55 00.74 02.07 01.57 01.93 03.02 02.53 01.57 01.20 01.07 00.90 01.47 02.57 02.02 01.11 00.57 00.54 00.48 00.36 00.96 01.93 02.04 00.92 00.82 01.04 00.73 01.06 01.18 01.66 02.23 02.55 02.09 01.43 -9999.0 -9999.0 -9999.0 00.17 00.92 01.27 01.12 00.68 00.66 01.00 00.99 01.09 01.05 00.82 00.67 00.40 00.87 00.87 00.89 00.60 00.16 00.20 00.37 00.36 00.37 00.28 00.28 00.37 00.44 00.76 00.75
01.46 00.59 00.64 00.52 00.56 00.63 01.89 01.88 02.15 03.58 03.23 01.90 01.63 00.82 00.96 01.74 01.86 01.52 01.04 01.17 00.92 00.61 00.67 01.23 01.98 01.34 01.01 00.55 00.62 00.65 00.68 01.04 01.53 02.10 02.59 03.04 03.42 02.41 -9999.0 -9999.0 -9999.0 01.46 01.57 01.24 00.68 00.72 01.39 01.21 01.48 01.65 01.61 00.80 00.71 00.64 00.57 00.58 00.17 00.21 00.28 00.47 00.50 00.27 00.36 00.32 00.33 00.42 00.63 00.64
02.34 -9999.0 -9999.0 00.51 00.56 00.55 01.43 01.99 01.56 00.36 00.36 01.85 01.56 01.55 01.12 01.04 01.73 01.64 01.51 01.27 01.94 01.82 02.06 03.96 03.57 04.17 02.33 01.14 01.42 00.67 00.87 01.31 01.61 01.77 02.26 02.36 02.51 01.68 -9999.0 -9999.0 -9999.0 00.98 01.56 01.34 00.83 00.64 00.68 00.69 00.70 00.76 00.74 00.77 00.76 00.68 00.58 00.45 00.29 00.36 00.43 00.50 00.44 00.22 00.29 00.27 00.24 00.40 00.57 00.61
02.51 -9999.0 -9999.0 00.36 00.53 00.53 01.45 02.35 02.73 00.62 00.64 01.74 02.17 01.28 01.02 00.78 01.01 00.86 01.89 01.50 01.57 01.68 02.32 04.17 04.05 03.17 01.41 01.59 02.05 01.20 01.03 02.39 02.15 02.36 02.18 02.25 02.21 00.84 -9999.0 -9999.0 -9999.0 -9999.0 -9999.0 -9999.0 -9999.0 00.41 00.61 00.69 00.72 00.73 00.68 00.59 00.62 00.72 00.87 01.03 00.47 00.38 00.35 00.33 -9999.0 -9999.0 00.22 00.25 00.20 00.20 00.20 00.18
-9999.0 -9999.0 -9999.0 -9999.0 00.51 00.59 01.41 01.87 02.04 00.64 00.83 01.88 01.85 01.66 01.30 00.99 00.92 00.94 01.60 01.45 02.26 02.00 01.64 02.78 02.41 01.49 01.21 01.75 02.03 01.26 01.08 02.16 02.18 02.26 02.28 02.11 01.78 -9999.0 -9999.0 -9999.0 -9999.0 -9999.0 -9999.0 -9999.0 -9999.0 -9999.0 -9999.0 00.63 00.69 00.67 00.64 00.53 00.61 00.69 00.84 00.90 00.46 00.43 -9999.0 -9999.0 -9999.0 -9999.0 -9999.0 00.22 00.24 00.23 00.21 00.23
-9999.0 -9999.0 -9999.0 -9999.0 00.39 00.58 00.65 00.43 00.44 00.72 00.81 00.55 00.44 00.31 01.70 01.22 01.14 01.16 00.83 01.82 03.13 02.51 01.21 02.65 02.54 01.90 01.88 01.82 01.32 00.67 00.95 01.56 01.96 02.44 01.34 01.21 00.98 -9999.0 -9999.0 -9999.0 -9999.0 -9999.0 -9999.0 -9999.0 -9999.0 -9999.0 -9999.0 -9999.0 -9999.0 -9999.0 -9999.0 -9999.0 -9999.0 00.57 00.74 00.85 00.45 -9999.0 -9999.0 -9999.0 -9999.0 -9999.0 -9999.0 -9999.0 -9999.0 00.25 00.29 00.32
-9999.0 -9999.0 -9999.0 -9999.0 -9999.0 00.51 00.69 00.70 00.68 00.48 00.63 00.83 00.85 00.37 01.20 01.03 01.32 01.47 01.60 01.99 03.65 03.14 01.76 01.95 02.28 02.12 01.65 01.38 02.06 00.89 01.05 01.79 02.22 01.97 01.10 00.88 -9999.0 -9999.0 -9999.0 -9999.0 -9999.0 -9999.0 -9999.0 -9999.0 -9999.0 -9999.0 -9999.0 -9999.0 -9999.0 -9999.0 -9999.0 -9999.0 -9999.0 -9999.0 -9999.0 -9999.0 -9999.0 -9999.0 -9999.0 -9999.0 -9999.0 -9999.0 -9999.0 -9999.0 -9999.0 -9999.0 -9999.0 00.34
-9999.0 -9999.0 -9999.0 -9999.0 -9999.0 -9999.0 00.24 00.36 00.36 00.33 00.61 00.68 00.72 00.53 00.45 00.40 01.35 01.66 01.95 01.83 02.24 02.98 02.07 01.49 01.73 01.50 00.35 00.71 00.92 00.81 00.58 00.43 00.30 00.29 00.31 -9999.0 -9999.0 -9999.0 -9999.0 -9999.0 -9999.0 -9999.0 -9999.0 -9999.0 -9999.0 -9999.0 -9999.0 -9999.0 -9999.0 -9999.0 -9999.0 -9999.0 -9999.0 -9999.0 -9999.0 -9999.0 -9999.0 -9999.0 -9999.0 -9999.0 -9999.0 -9999.0 -9999.0 -9999.0 -9999.0 -9999.0 -9999.0 -9999.0
-9999.0 -9999.0 -9999.0 -9999.0 -9999.0 -9999.0 -9999.0 -9999.0 -9999.0 -9999.0 -9999.0 00.27 00.24 00.54 00.68 00.36 01.25 01.95 02.21 02.22 02.56 02.75 01.64 03.62 03.91 03.09 00.63 00.60 01.05 00.87 00.69 00.47 -9999.0 -9999.0 -9999.0 -9999.0 -9999.0 -9999.0 -9999.0 -9999.0 -9999.0 -9999.0 -9999.0 -9999.0 -9999.0 -9999.0 -9999.0 -9999.0 -9999.0 -9999.0 -9999.0 -9999.0 -9999.0 -9999.0 -9999.0 -9999.0 -9999.0 -9999.0 -9999.0 -9999.0 -9999.0 -9999.0 -9999.0 -9999.0 -9999.0 -9999.0 -9999.0 -9999.0
-9999.0 -9999.0 -9999.0 -9999.0 -9999.0 -9999.0 -9999.0 -9999.0 -9999.0 -9999.0 -9999.0 -9999.0 -9999.0 00.16 00.45 00.45 00.77 02.12 03.04 02.63 02.54 01.82 01.70 04.65 05.85 04.97 00.80 00.77 00.63 00.66 00.56 -9999.0 -9999.0 -9999.0 -9999.0 -9999.0 -9999.0 -9999.0 -9999.0 -9999.0 -9999.0 -9999.0 -9999.0 -9999.0 -9999.0 -9999.0 -9999.0 -9999.0 -9999.0 -9999.0 -9999.0 -9999.0 -9999.0 -9999.0 -9999.0 -9999.0 -9999.0 -9999.0 -9999.0 -9999.0 -9999.0 -9999.0 -9999.0 -9999.0 -9999.0 -9999.0 -9999.0 -9999.0
-9999.0 -9999.0 -9999.0 -9999.0 -9999.0 -9999.0 -9999.0 -9999.0 -9999.0 -9999.0 -9999.0 -9999.0 -9999.0 -9999.0 00.29 00.52 00.40 00.46 00.70 03.34 02.54 01.52 02.83 03.87 05.19 05.64 00.63 00.75 00.61 00.42 -9999.0 -9999.0 -9999.0 -9999.0 -9999.0 -9999.0 -9999.0 -9999.0 -9999.0 -9999.0 -9999.0 -9999.0 -9999.0 -9999.0 -9999.0 -9999.0 -9999.0 -9999.0 -9999.0 -9999.0 -9999.0 -9999.0 -9999.0 -9999.0 -9999.0 -9999.0 -9999.0 -9999.0 -9999.0 -9999.0 -9999.0 -9999.0 -9999.0 -9999.0 -9999.0 -9999.0 -9999.0 -9999.0
-9999.0 -9999.0 -9999.0 -9999.0 -9999.0 -9999.0 -9999.0 -9999.0 -9999.0 -9999.0 -9999.0 -9999.0 -9999.0 -9999.0 -9999.0 00.50 00.49 00.87 00.66 02.67 02.21 01.72 03.41 03.41 03.91 03.16 00.44 00.49 00.43 00.40 -9999.0 -9999.0 -9999.0 -9999.0 -9999.0 -9999.0 -9999.0 -9999.0 -9999.0 -9999.0 -9999.0 -9999.0 -9999.0 -9999.0 -9999.0 -9999.0 -9999.0 -9999.0 -9999.0 -9999.0 -9999.0 -9999.0 -9999.0 -9999.0 -9999.0 -9999.0 -9999.0 -9999.0 -9999.0 -9999.0 -9999.0 -9999.0 -9999.0 -9999.0 -9999.0 -9999.0 -9999.0 -9999.0
-9999.0 -9999.0 -9999.0 -9999.0 -9999.0 -9999.0 -9999.0 -9999.0 -9999.0 -9999.0 -9999.0 -9999.0 -9999.0 -9999.0 -9999.0 -9999.0 00.26 00.45 00.65 00.51 00.51 01.97 03.40 02.81 02.47 02.05 00.83 01.13 01.12 01.15 00.71 -9999.0 -9999.0 -9999.0 -9999.0 -9999.0 -9999.0 -9999.0 -9999.0 -9999.0 -9999.0 -9999.0 -9999.0 -9999.0 -9999.0 -9999.0 -9999.0 -9999.0 -9999.0 -9999.0 -9999.0 -9999.0 -9999.0 -9999.0 -9999.0 -9999.0 -9999.0 -9999.0 -9999.0 -9999.0 -9999.0 -9999.0 -9999.0 -9999.0 -9999.0 -9999.0 -9999.0 -9999.0
-9999.0 -9999.0 -9999.0 -9999.0 -9999.0 -9999.0 -9999.0 -9999.0 -9999.0 -9999.0 -9999.0 -9999.0 -9999.0 -9999.0 -9999.0 -9999.0 -9999.0 00.14 00.34 00.56 00.47 02.17 02.58 01.89 01.75 01.71 00.79 01.04 01.08 01.11 01.04 00.41 -9999.0 -9999.0 -9999.0 -9999.0 -9999.0 -9999.0 -9999.0 -9999.0 -9999.0 -9999.0 -9999.0 -9999.0 -9999.0 -9999.0 -9999.0 -9999.0 -9999.0 -9999.0 -9999.0 -9999.0 -9999.0 -9999.0 -9999.0 -9999.0 -9999.0 -9999.0 -9999.0 -9999.0 -9999.0 -9999.0 -9999.0 -9999.0 -9999.0 -9999.0 -9999.0 -9999.0
-9999.0 -9999.0 -9999.0 -9999.0 -9999.0 -9999.0 -9999.0 -9999.0 -9999.0 -9999.0 -9999.0 -9999.0 -9999.0 -9999.0 -9999.0 -9999.0 -9999.0 -9999.0 00.18 00.53 00.46 01.90 01.60 01.48 01.45 01.47 01.01 01.23 01.06 01.24 01.26 00.51 -9999.0 -9999.0 -9999.0 -9999.0 -9999.0 -9999.0 -9999.0 -9999.0 -9999.0 -9999.0 -9999.0 -9999.0 -9999.0 -9999.0 -9999.0 -9999.0 -9999.0 -9999.0 -9999.0 -9999.0 -9999.0 -9999.0 -9999.0 -9999.0 -9999.0 -9999.0 -9999.0 -9999.0 -9999.0 -9999.0 -9999.0 -9999.0 -9999.0 -9999.0 -9999.0 -9999.0
-9999.0 -9999.0 -9999.0 -9999.0 -9999.0 -9999.0 -9999.0 -9999.0 -9999.0 -9999.0 -9999.0 -9999.0 -9999.0 -9999.0 -9999.0 -9999.0 -9999.0 -9999.0 00.38 01.54 01.65 01.54 01.55 01.54 01.50 02.36 02.90 02.96 02.92 01.32 01.71 00.51 -9999.0 -9999.0 -9999.0 -9999.0 -9999.0 -9999.0 -9999.0 -9999.0 -9999.0 -9999.0 -9999.0 -9999.0 -9999.0 -9999.0 -9999.0 -9999.0 -9999.0 -9999.0 -9999.0 -9999.0 -9999.0 -9999.0 -9999.0 -9999.0 -9999.0 -9999.0 -9999.0 -9999.0 -9999.0 -9999.0 -9999.0 -9999.0 -9999.0 -9999.0 -9999.0 -9999.0
-9999.0 -9999.0 -9999.0 -9999.0 -9999.0 -9999.0 -9999.0 -9999.0 -9999.0 -9999.0 -9999.0 -9999.0 -9999.0 -9999.0 -9999.0 -9999.0 -9999.0 -9999.0 00.38 01.72 01.84 02.04 02.31 02.47 02.41 02.62 02.80 02.92 03.06 01.37 01.60 00.49 -9999.0 -9999.0 -9999.0 -9999.0 -9999.0 -9999.0 -9999.0 -9999.0 -9999.0 -9999.0 -9999.0 -9999.0 -9999.0 -9999.0 -9999.0 -9999.0 -9999.0 -9999.0 -9999.0 -9999.0 -9999.0 -9999.0 -9999.0 -9999.0 -9999.0 -9999.0 -9999.0 -9999.0 -9999.0 -9999.0 -9999.0 -9999.0 -9999.0 -9999.0 -9999.0 -9999.0
-9999.0 -9999.0 -9999.0 -9999.0 -9999.0 -9999.0 -9999.0 -9999.0 -9999.0 -9999.0 -9999.0 -9999.0 -9999.0 -9999.0 -9999.0 -9999.0 01.37 00.99 01.60 01.80 01.90 02.03 02.39 02.58 02.57 02.62 02.69 02.79 02.87 01.23 01.39 01.11 -9999.0 -9999.0 -9999.0 -9999.0 -9999.0 -9999.0 -9999.0 -9999.0 -9999.0 -9999.0 -9999.0 -9999.0 -9999.0 -9999.0 -9999.0 -9999.0 -9999.0 -9999.0 -9999.0 -9999.0 -9999.0 -9999.0 -9999.0 -9999.0 -9999.0 -9999.0 -9999.0 -9999.0 -9999.0 -9999.0 -9999.0 -9999.0 -9999.0 01.05 01.13 01.61
-9999.0 -9999.0 -9999.0 -9999.0 -9999.0 -9999.0 -9999.0 -9999.0 -9999.0 -9999.0 -9999.0 -9999.0 -9999.0 -9999.0 -9999.0 -9999.0 01.46 01.55 01.67 01.80 01.91 02.04 02.29 02.41 02.50 02.35 02.48 02.58 02.67 01.21 01.15 00.80 -9999.0 -9999.0 -9999.0 -9999.0 -9999.0 -9999.0 -9999.0 -9999.0 -9999.0 -9999.0 -9999.0 -9999.0 -9999.0 -9999.0 -9999.0 -9999.0 -9999.0 -9999.0 -9999.0 -9999.0 -9999.0 -9999.0 -9999.0 -9999.0 -9999.0 -9999.0 -9999.0 -9999.0 -9999.0 -9999.0 -9999.0 -9999.0 00.53 01.48 01.51 01.59
-9999.0 -9999.0 -9999.0 -9999.0 -9999.0 -9999.0 -9999.0 -9999.0 -9999.0 -9999.0 -9999.0 -9999.0 -9999.0 -9999.0 -9999.0 -9999.0 01.60 01.60 01.73 01.85 01.98 01.97 02.15 02.29 02.36 02.27 02.35 02.45 02.75 01.16 01.00 -9999.0 -9999.0 -9999.0 -9999.0 -9999.0 -9999.0 -9999.0 -9999.0 -9999.0 -9999.0 -9999.0 -9999.0 -9999.0 -9999.0 -9999.0 -9999.0 -9999.0 -9999.0 -9999.0 -9999.0 -9999.0 -9999.0 -9999.0 -9999.0 -9999.0 -9999.0 -9999.0 -9999.0 -9999.0 -9999.0 -9999.0 -9999.0 -9999.0 01.26 01.48 01.54 01.71
