tests/Case_5_HeatPerUnitArea.asc
NCOLS 354
NROWS 235
XLLCORNER 2900300.000000
YLLCORNER 2159500.000000
CELLSIZE 100.000000
NODATA_VALUE -9999.0
[rows 29 to 57 of 235, columns 65 to 129 of 354]
-9999.0 -9999.0 -9999.0 -9999.0 -9999.0 -9999.0 -9999.0 -9999.0 -9999.0 -9999.0 -9999.0 -9999.0 -9999.0 -9999.0 -9999.0 -9999.0 -9999.0 -9999.0 -9999.0 -9999.0 -9999.0 -9999.0 -9999.0 -9999.0 -9999.0 -9999.0 -9999.0 -9999.0 -9999.0 -9999.0 -9999.0 -9999.0 00609.463 00806.656 00793.183 00993.137 01011.889 01019.712 01013.928 00994.989 00964.439 00798.717 -9999.0 -9999.0 00736.634 00898.540 00945.169 05067.197 04958.729 05160.772 05227.647 05178.203 04923.754 02917.454 -9999.0 -9999.0 -9999.0 -9999.0 -9999.0 -9999.0 -9999.0 -9999.0 -9999.0 -9999.0 -9999.0
-9999.0 -9999.0 -9999.0 -9999.0 -9999.0 -9999.0 -9999.0 -9999.0 -9999.0 -9999.0 -9999.0 -9999.0 -9999.0 -9999.0 -9999.0 -9999.0 -9999.0 -9999.0 -9999.0 -9999.0 -9999.0 -9999.0 -9999.0 -9999.0 -9999.0 -9999.0 -9999.0 -9999.0 -9999.0 -9999.0 -9999.0 05107.286 05322.923 05375.297 05333.450 01318.410 01039.236 01038.577 01036.134 01034.694 01023.332 00990.661 00813.429 00867.086 00993.511 01016.432 01019.469 05272.140 05352.919 05429.981 05359.951 05308.814 05205.741 04903.469 04025.304 -9999.0 -9999.0 -9999.0 -9999.0 -9999.0 -9999.0 -9999.0 -9999.0 -9999.0 -9999.0
-9999.0 -9999.0 -9999.0 -9999.0 -9999.0 -9999.0 -9999.0 -9999.0 -9999.0 -9999.0 -9999.0 -9999.0 -9999.0 -9999.0 -9999.0 -9999.0 -9999.0 -9999.0 -9999.0 -9999.0 -9999.0 -9999.0 -9999.0 -9999.0 -9999.0 -9999.0 -9999.0 -9999.0 -9999.0 -9999.0 05101.625 05386.782 05488.489 05501.523 05472.004 01049.465 01048.227 01048.016 01050.677 01045.041 01039.773 01029.315 00989.209 01000.122 01033.226 01036.087 01035.369 05404.761 05499.980 05565.130 05552.607 05485.741 05351.772 05202.179 04865.351 -9999.0 -9999.0 -9999.0 -9999.0 -9999.0 -9999.0 -9999.0 -9999.0 -9999.0 -9999.0
-9999.0 -9999.0 -9999.0 -9999.0 -9999.0 -9999.0 -9999.0 -9999.0 -9999.0 -9999.0 -9999.0 -9999.0 -9999.0 -9999.0 -9999.0 -9999.0 -9999.0 -9999.0 -9999.0 -9999.0 -9999.0 -9999.0 -9999.0 -9999.0 -9999.0 -9999.0 -9999.0 -9999.0 -9999.0 05194.994 05392.352 05456.451 01037.011 01043.119 01047.070 01049.735 01051.879 01050.164 01050.347 01050.510 01048.912 01040.169 01021.917 01033.889 01044.649 01049.745 01044.585 05503.209 05550.871 05584.388 05674.170 05627.311 05462.040 05323.674 05084.714 03384.281 -9999.0 -9999.0 -9999.0 -9999.0 -9999.0 -9999.0 -9999.0 -9999.0 -9999.0
-9999.0 -9999.0 -9999.0 -9999.0 -9999.0 -9999.0 -9999.0 -9999.0 -9999.0 -9999.0 -9999.0 -9999.0 -9999.0 -9999.0 -9999.0 -9999.0 -9999.0 -9999.0 -9999.0 -9999.0 -9999.0 -9999.0 -9999.0 -9999.0 -9999.0 -9999.0 -9999.0 -9999.0 05018.526 05400.413 05489.556 05472.936 01039.868 01041.688 01045.194 01049.140 01051.744 01050.858 01051.600 01052.702 01049.815 01047.011 01041.047 01045.457 01048.665 01048.494 01128.592 05510.326 05495.096 05580.134 05644.427 05648.995 05586.139 05395.912 05190.419 04541.452 -9999.0 -9999.0 -9999.0 -9999.0 -9999.0 -9999.0 -9999.0 -9999.0 04176.918
-9999.0 -9999.0 -9999.0 -9999.0 -9999.0 -9999.0 -9999.0 -9999.0 -9999.0 -9999.0 -9999.0 -9999.0 -9999.0 -9999.0 -9999.0 -9999.0 -9999.0 -9999.0 -9999.0 -9999.0 -9999.0 -9999.0 -9999.0 -9999.0 -9999.0 -9999.0 -9999.0 02731.605 05348.836 05520.892 05535.042 02921.424 01041.748 01040.915 01042.662 01046.501 01046.659 01046.615 01049.152 01050.058 01050.800 01047.971 01047.019 01047.244 01043.560 01039.769 01037.243 05442.261 05412.618 05442.989 05533.194 05622.167 05637.942 05503.232 05244.021 04633.699 -9999.0 -9999.0 -9999.0 -9999.0 04364.131 04997.895 05055.933 04925.952 05129.838
-9999.0 -9999.0 -9999.0 -9999.0 -9999.0 -9999.0 -9999.0 -9999.0 -9999.0 -9999.0 -9999.0 -9999.0 -9999.0 -9999.0 -9999.0 -9999.0 -9999.0 -9999.0 -9999.0 -9999.0 -9999.0 -9999.0 -9999.0 -9999.0 -9999.0 -9999.0 -9999.0 04891.852 05457.579 05570.692 01833.780 01042.097 01040.128 01038.111 01039.467 01039.070 01032.354 01032.503 01041.607 01042.150 01044.148 01047.654 01044.883 01040.584 01035.847 01025.646 01017.018 05154.539 05319.174 05350.539 05402.157 05501.455 05606.540 05562.284 05297.701 04551.298 -9999.0 02142.351 04374.683 05053.264 05221.752 05322.032 05307.115 05265.329 05334.951
-9999.0 -9999.0 -9999.0 -9999.0 -9999.0 -9999.0 -9999.0 -9999.0 -9999.0 -9999.0 -9999.0 -9999.0 -9999.0 -9999.0 -9999.0 -9999.0 -9999.0 -9999.0 -9999.0 -9999.0 -9999.0 -9999.0 -9999.0 -9999.0 -9999.0 -9999.0 -9999.0 04926.282 05496.507 05592.006 01047.778 01090.097 01039.933 01035.697 01030.381 01022.421 01017.500 01023.372 01031.305 01039.803 01042.868 01041.965 01036.509 01030.332 01027.618 01011.429 02105.637 05172.920 05150.800 05246.557 05322.826 05424.776 05564.109 05569.129 05427.204 05203.143 04572.691 04938.322 05279.121 05308.018 05389.301 05449.917 05433.305 05366.498 05380.833
-9999.0 -9999.0 -9999.0 -9999.0 -9999.0 -9999.0 -9999.0 -9999.0 -9999.0 -9999.0 -9999.0 -9999.0 -9999.0 -9999.0 -9999.0 -9999.0 -9999.0 -9999.0 -9999.0 -9999.0 -9999.0 -9999.0 -9999.0 03484.464 04441.194 04058.161 -9999.0 04662.130 05367.082 05626.321 05769.951 05624.273 01038.191 01030.339 01011.889 00984.601 01000.692 01016.579 01026.501 01030.652 01032.807 01030.613 01025.309 01016.804 01007.140 00997.542 00907.658 00840.233 00804.417 00948.322 05280.253 05393.653 05535.218 05601.967 05571.803 05406.058 05235.042 05305.765 05444.144 05496.355 05499.534 05508.119 05492.000 05459.146 05486.779
-9999.0 -9999.0 -9999.0 -9999.0 -9999.0 -9999.0 -9999.0 -9999.0 -9999.0 -9999.0 -9999.0 -9999.0 -9999.0 -9999.0 -9999.0 -9999.0 -9999.0 -9999.0 -9999.0 00563.857 03638.733 -9999.0 03208.277 05098.869 05201.162 05112.773 05130.211 05302.092 05480.470 05621.718 05773.327 05703.092 01036.616 01022.050 00986.701 00981.915 00974.928 01004.522 01008.210 01015.073 01010.299 01006.751 00973.523 00968.413 00932.403 00913.950 00873.079 00736.543 00835.968 00881.311 05225.052 05371.024 05468.684 05541.278 05621.137 05552.462 05356.514 05531.976 05617.327 05527.123 05520.936 05523.618 05553.062 05545.992 05563.029
-9999.0 -9999.0 -9999.0 -9999.0 -9999.0 -9999.0 -9999.0 -9999.0 -9999.0 -9999.0 -9999.0 -9999.0 -9999.0 -9999.0 -9999.0 -9999.0 -9999.0 -9999.0 00790.905 00958.776 05253.862 05196.691 05266.333 05361.587 05403.461 05385.763 05502.602 05598.917 05707.212 05719.125 05718.967 05730.519 01037.313 01017.971 01331.587 00962.086 00949.091 00944.627 00933.505 00915.610 00824.956 00718.900 00683.876 00757.223 00557.631 00341.569 00402.847 00611.510 00569.601 01086.156 05139.663 05266.823 05360.366 05452.321 05607.862 05591.749 05549.359 05589.834 05579.730 05528.109 05505.599 05512.144 05550.837 05553.102 05534.664
-9999.0 -9999.0 -9999.0 -9999.0 -9999.0 -9999.0 -9999.0 -9999.0 -9999.0 -9999.0 -9999.0 -9999.0 -9999.0 -9999.0 -9999.0 -9999.0 -9999.0 -9999.0 00908.273 00990.330 01011.182 01021.315 01026.322 01034.359 01042.159 01045.172 01052.143 01047.571 01047.666 01054.046 01054.832 01058.469 05684.142 05514.089 05349.696 00943.478 00818.711 00692.066 00375.932 00635.365 00796.955 00802.429 00775.455 00624.144 00835.109 00900.385 00824.532 03932.855 03397.674 03696.497 04685.118 05125.184 05224.076 05361.216 05552.753 05628.020 05573.894 05500.620 05429.098 05419.438 05427.525 05494.766 05544.306 05531.921 05444.182
-9999.0 -9999.0 -9999.0 -9999.0 -9999.0 -9999.0 -9999.0 -9999.0 -9999.0 -9999.0 -9999.0 -9999.0 -9999.0 -9999.0 -9999.0 -9999.0 -9999.0 00715.548 00964.013 00999.008 01019.885 01029.456 01037.025 01040.779 01043.034 01045.834 01047.101 01044.952 01040.755 01039.102 01041.222 01049.815 05721.606 05585.545 05369.471 00916.285 00672.049 00524.643 00863.067 00959.013 00986.173 00958.459 00967.119 00940.892 00992.573 00996.683 00951.019 04674.932 04243.653 03902.178 02568.495 04540.325 04967.140 05251.586 05439.047 05504.471 05434.519 05382.618 05323.593 05353.094 05391.925 05488.585 05556.522 05450.776 05344.463
-9999.0 -9999.0 -9999.0 -9999.0 -9999.0 -9999.0 -9999.0 -9999.0 -9999.0 -9999.0 -9999.0 -9999.0 -9999.0 00725.323 00940.531 00946.537 00818.269 00871.540 00969.011 01011.096 01026.184 01033.784 01039.693 01043.555 01045.906 01043.834 01040.903 01037.679 01033.352 01032.182 01033.263 01037.560 02080.179 01037.872 01006.221 00933.787 00649.388 00715.919 00938.730 00999.261 01014.619 01020.968 01012.175 01009.700 01026.187 05375.738 04715.802 04879.616 05078.597 04924.720 04502.754 02369.285 03665.365 05077.998 05254.894 05277.788 05224.605 05256.753 05222.167 05288.401 05363.499 05458.538 05495.208 05357.754 05167.095
-9999.0 -9999.0 -9999.0 -9999.0 -9999.0 -9999.0 -9999.0 -9999.0 -9999.0 -9999.0 00636.238 00875.015 00920.075 01005.223 01031.198 01029.388 01017.327 01020.127 01018.719 01020.139 01030.676 01037.774 01042.142 01044.153 01043.077 01040.553 01030.432 01030.271 01022.515 01025.064 01023.258 01029.516 01036.707 01040.689 01022.192 00961.499 00730.011 00642.139 00937.089 01007.136 01028.260 01034.671 01037.779 01035.658 01038.082 05452.353 05447.404 05314.962 05270.227 05210.179 05146.860 04779.444 03780.327 03876.671 04479.606 04642.751 04781.192 04933.132 05071.775 05186.388 05275.158 05353.465 05287.050 05081.485 03801.407
-9999.0 -9999.0 -9999.0 -9999.0 -9999.0 -9999.0 -9999.0 -9999.0 -9999.0 04906.413 01046.028 01019.272 01021.549 01033.624 01043.651 01543.669 01043.980 01048.407 01045.149 01037.775 01036.773 01039.165 01042.356 01042.299 01041.765 01036.231 01029.676 01023.818 01016.356 01022.986 01021.770 01020.896 01021.336 01026.868 01031.508 00987.057 00829.358 00231.477 00930.022 01012.387 01034.678 01045.581 01046.764 01048.163 01044.767 05558.943 05607.173 05508.164 05405.816 05365.672 05307.238 05200.290 04845.761 04116.821 03673.869 01956.529 01471.560 03803.924 04752.944 04792.040 05120.337 05209.733 04496.797 03176.180 04282.133
-9999.0 -9999.0 -9999.0 -9999.0 -9999.0 -9999.0 -9999.0 -9999.0 03165.494 05234.353 01027.868 01037.848 01040.950 01045.525 01047.818 05531.837 05658.827 05660.312 05635.476 05626.826 05621.532 05605.214 01049.134 01046.782 01042.082 01037.246 01028.729 01015.277 01007.417 01011.765 01003.537 00994.899 00982.061 00977.362 00994.058 01012.868 00926.025 00461.604 00869.092 01014.562 01040.024 01049.588 01053.903 01051.426 01048.913 01050.743 01060.212 05673.294 05587.604 05489.827 05428.539 05347.777 05194.260 05010.050 04591.190 04435.771 04215.047 02928.140 03294.721 04453.369 00718.634 00803.345 00372.819 00880.286 00958.040
00849.679 00746.876 03133.199 -9999.0 -9999.0 -9999.0 -9999.0 -9999.0 04715.526 05273.501 01028.959 01843.715 01047.863 01050.993 01711.100 05632.085 05641.540 05602.568 05561.886 05549.844 05543.637 05563.773 01660.523 01052.626 01830.042 01739.815 01032.456 01197.824 00994.373 00963.704 00956.990 00934.805 00909.378 00862.937 00877.321 00926.991 00998.037 00897.915 00657.019 01003.273 01038.785 01400.745 01059.089 01057.448 01052.816 01055.982 01057.495 05706.384 03803.962 05268.185 05549.474 05460.968 05354.369 05277.970 05199.853 05052.245 04807.821 04080.438 02809.893 02255.983 00586.395 00468.460 00936.304 01013.894 01021.651
01006.346 01012.554 05254.774 04300.465 -9999.0 -9999.0 -9999.0 -9999.0 04438.879 05281.512 05442.147 05496.715 01125.119 01045.689 01043.523 01043.524 01044.121 01040.887 01037.127 01032.990 01034.204 01037.071 05621.818 05634.942 05622.557 04728.606 05358.718 05289.531 05202.746 04566.465 00887.399 00798.933 00779.858 00680.102 00627.365 00653.624 00825.888 00859.713 00646.967 00965.479 01026.460 01045.948 05721.072 05698.990 05720.190 01062.142 01063.890 01067.283 01114.282 01067.213 01056.269 01115.651 05553.984 05459.089 05366.954 05274.639 05114.863 05012.762 04822.010 04476.988 00597.300 00468.082 01005.144 01032.715 01896.208
01030.069 01038.122 05374.921 05198.541 -9999.0 -9999.0 -9999.0 -9999.0 04152.590 05322.768 05468.831 05496.451 01036.808 01032.039 01029.128 01029.126 01032.801 01030.560 01029.723 01029.766 01031.553 01037.323 05606.107 05631.359 05621.047 05456.266 05285.108 05123.489 04621.229 02709.658 00649.261 00332.342 00483.295 00421.135 00698.742 00717.882 00677.245 00497.030 00628.722 00965.529 01017.796 01029.677 05680.215 05757.238 05710.083 01064.491 01063.396 01064.787 01068.070 01068.569 01059.391 01049.218 05570.851 05517.581 05509.701 05450.261 05342.191 05271.929 05164.617 05085.530 00875.764 00936.545 01017.305 01043.050 01193.458
01039.667 01954.929 05473.882 05355.919 05051.707 01397.717 04332.396 05003.694 05219.980 05358.351 05460.738 05468.942 01033.260 01027.151 01021.843 01017.547 01014.558 01012.323 01011.766 01015.898 01028.017 01035.390 05563.544 05534.811 05460.274 05485.026 05276.287 05004.887 03773.651 04265.896 00756.968 00913.369 00908.832 00803.443 00890.367 00953.409 00940.624 01240.518 00735.657 01016.603 01032.354 01042.405 05670.258 05767.317 05757.573 01065.766 01066.036 01056.040 01056.519 01066.091 01533.345 01055.247 05633.936 05702.158 05663.914 05595.723 05421.787 05359.078 05301.491 05299.363 01463.746 01015.239 01039.442 01048.042 01547.575
01044.123 01045.355 05515.453 05469.398 05302.262 05285.749 05367.765 05439.280 05448.711 05467.373 05456.451 05482.722 05480.783 05438.159 05324.100 00995.781 00970.190 00959.273 00965.657 00976.430 01013.784 01026.054 05421.229 05447.285 05290.533 05400.882 05274.858 04765.975 02586.459 04510.008 05220.145 05434.245 05386.272 05321.834 05280.771 01372.539 00997.261 05045.042 05053.719 05473.964 01072.199 01367.040 05648.940 05748.931 05727.096 -9999.000 -9999.000 -9999.0 -9999.0 -9999.0 -9999.000 -9999.000 05734.954 05724.116 05705.591 05629.951 05641.567 05551.981 05423.907 05414.494 05378.618 05482.477 05632.877 05668.995 05693.277
01040.341 01040.750 05511.517 05492.366 05398.856 05411.139 05493.222 05496.048 05447.471 05487.975 05459.958 05460.227 05474.533 05425.107 05290.480 00959.165 00902.054 00835.897 00805.569 00858.579 00984.979 01002.196 05228.509 05211.266 05214.546 05379.564 05284.114 04801.337 00886.601 04615.590 05284.793 05580.238 05619.711 05502.290 05412.731 01455.868 02420.859 05279.881 05129.943 05545.800 01064.082 01444.171 05741.842 05748.083 -9999.0 -9999.0 -9999.0 -9999.0 -9999.0 -9999.0 -9999.0 -9999.0 -9999.0 -9999.000 -9999.000 -9999.000 05640.471 05631.540 05617.263 05521.166 05489.419 05569.267 05719.090 05724.281 05758.546
01033.885 01509.904 05494.530 05494.872 05482.797 05447.420 05512.010 05545.201 05479.178 05412.707 05349.826 05320.334 05357.713 05388.166 05313.640 05268.994 05127.819 04850.663 04854.961 04890.567 05172.101 05069.033 04506.447 04500.419 04899.138 05195.044 05235.883 04975.307 02348.853 04711.632 05323.430 05647.489 05721.701 05756.209 05631.821 05527.337 05373.984 05262.278 05188.684 05624.768 01064.432 01382.351 05680.409 -9999.000 -9999.0 -9999.0 -9999.0 -9999.0 -9999.0 -9999.0 -9999.0 -9999.0 -9999.0 -9999.0 -9999.0 -9999.0 -9999.0 -9999.0 -9999.000 -9999.000 -9999.000 05653.726 05709.480 05702.731 05749.519
01035.088 01037.770 05481.008 05570.174 05576.376 05408.087 05511.353 05575.014 05483.426 05375.940 05281.779 05233.407 05281.315 05315.723 05265.205 05118.907 04875.547 04337.808 04105.634 03631.586 04396.138 04033.916 03086.973 02650.288 03646.256 04320.904 04727.032 04864.698 03097.953 04636.376 05358.990 05699.508 05732.882 05799.618 05767.228 05667.112 05552.250 05405.409 05433.722 05671.467 01068.056 01066.833 -9999.000 -9999.0 -9999.0 -9999.0 -9999.0 -9999.0 -9999.0 -9999.0 -9999.0 -9999.0 -9999.0 -9999.0 -9999.0 -9999.0 -9999.0 -9999.0 -9999.0 -9999.0 -9999.0 -9999.0 -9999.0 -9999.000 -9999.000
02704.229 01031.584 05487.646 05559.235 05579.991 05528.712 05414.754 05512.514 05514.850 05379.449 05234.029 05091.230 05195.207 05281.300 05295.736 05136.076 04708.965 04042.678 03684.746 02156.702 02271.303 02429.408 03302.481 03682.953 03583.425 03284.410 01172.154 03628.168 03132.834 04886.530 05293.151 05728.549 05814.593 05787.939 05775.699 05758.086 05729.473 05652.519 05659.123 05406.178 01067.517 -9999.000 -9999.0 -9999.0 -9999.0 -9999.0 -9999.0 -9999.0 -9999.0 -9999.0 -9999.0 -9999.0 -9999.0 -9999.0 -9999.0 -9999.0 -9999.0 -9999.0 -9999.0 -9999.0 -9999.0 -9999.0 -9999.0 -9999.0 -9999.0
05347.925 05323.458 05353.567 05445.695 05550.225 05569.632 05552.982 05557.033 05453.736 05280.183 05058.581 04840.400 04913.500 05169.886 05080.663 04938.518 04904.027 03036.178 02943.905 04189.190 04622.436 04854.154 04932.969 04963.063 04986.819 04874.782 04545.382 03869.104 04828.852 05254.829 05461.667 05725.417 05789.229 05768.973 05760.828 05761.253 05767.078 -9999.000 -9999.000 -9999.000 -9999.000 -9999.0 -9999.0 -9999.0 -9999.0 -9999.0 -9999.0 -9999.0 -9999.0 -9999.0 -9999.0 -9999.0 -9999.0 -9999.0 -9999.0 -9999.0 -9999.0 -9999.0 -9999.0 -9999.0 -9999.0 -9999.0 -9999.0 -9999.0 -9999.0
05091.782 05186.138 05217.062 05354.568 05475.003 05502.976 05549.331 05542.890 05401.803 05219.452 04909.225 03838.898 02519.039 02367.886 03491.828 03671.467 04100.452 04454.872 04814.974 05070.791 05238.896 05295.859 05302.302 05307.876 05348.624 05310.524 05107.052 05079.363 05312.819 05461.563 05602.277 05724.815 -9999.000 -9999.0 -9999.0 -9999.0 -9999.0 -9999.0 -9999.0 -9999.0 -9999.0 -9999.0 -9999.0 -9999.0 -9999.0 -9999.0 -9999.0 -9999.0 -9999.0 -9999.0 -9999.0 -9999.0 -9999.0 -9999.0 -9999.0 -9999.0 -9999.0 -9999.0 -9999.0 -9999.0 -9999.0 -9999.0 -9999.0 -9999.0 -9999.0
01594.828 00818.835 04675.100 05173.739 05316.626 05375.724 05431.814 05538.524 05395.319 05246.380 04984.453 03544.832 26628.724 27691.150 27934.330 28117.698 28286.998 28443.678 28702.894 28648.759 29565.229 29928.280 29924.886 30245.210 30156.829 05418.868 05290.431 05366.260 05496.116 05611.499 05646.098 -9999.000 -9999.0 -9999.0 -9999.0 -9999.0 -9999.0 -9999.0 -9999.0 -9999.0 -9999.0 -9999.0 -9999.0 -9999.0 -9999.0 -9999.0 -9999.0 -9999.0 -9999.0 -9999.0 -9999.0 -9999.0 -9999.0 -9999.0 -9999.0 -9999.0 -9999.0 -9999.0 -9999.0 -9999.0 -9999.0 -9999.0 -9999.0 -9999.0 -9999.0
