tests/Case_4_SpreadDirection.asc
NCOLS 245
NROWS 163
XLLCORNER 4208400.000000
YLLCORNER 1880200.000000
CELLSIZE 100.000000
NODATA_VALUE -9999.0
[rows 108 to 143 of 163, columns 81 to 161 of 245]
160 -9999 -9999 -9999 278 278 278 278 278 278 276 275 275 268 268 268 267 269 270 239 231 231 230 230 230 230 230 230 -9999 -9999 -9999 -9999 -9999 -9999 -9999 -9999 -9999 -9999 -9999 -9999 -9999 -9999 -9999 -9999 -9999 -9999 -9999 -9999 -9999 -9999 -9999 -9999 -9999 -9999 -9999 -9999 119 123 119 119 092 093 128 094 096 106 074 078 080 080 080 032 035 076 112 -9999 -9999 -9999 -9999 -9999 -9999
-9999 -9999 -9999 281 279 279 278 278 269 268 268 268 268 265 265 265 242 241 256 255 231 230 230 230 227 228 228 229 239 -9999 -9999 -9999 -9999 -9999 -9999 -9999 -9999 -9999 -9999 -9999 -9999 -9999 -9999 -9999 -9999 -9999 -9999 -9999 -9999 -9999 -9999 -9999 -9999 -9999 -9999 -9999 157 126 127 127 101 023 028 016 071 076 079 080 080 075 074 070 071 071 083 -9999 -9999 -9999 -9999 -9999 -9999
-9999 -9999 -9999 273 272 269 269 269 257 263 263 263 263 263 247 243 257 256 258 258 230 230 226 226 212 214 230 234 235 191 -9999 -9999 -9999 -9999 -9999 -9999 -9999 -9999 -9999 -9999 -9999 -9999 -9999 -9999 -9999 -9999 -9999 -9999 -9999 -9999 -9999 -9999 -9999 -9999 -9999 153 152 119 118 134 093 091 060 069 107 102 133 143 079 079 079 077 076 092 084 -9999 -9999 -9999 333 027 031
-9999 -9999 -9999 268 258 258 258 257 260 260 261 261 252 251 241 258 258 264 264 266 226 225 212 212 201 228 229 206 189 139 230 -9999 -9999 -9999 -9999 -9999 -9999 -9999 -9999 -9999 -9999 -9999 -9999 -9999 -9999 -9999 -9999 -9999 -9999 -9999 -9999 -9999 -9999 -9999 -9999 140 153 143 141 137 128 125 104 098 102 102 099 096 091 086 081 036 016 077 102 -9999 -9999 -9999 341 033 031
-9999 -9999 -9999 258 256 257 259 259 255 241 229 251 239 279 316 262 259 260 228 227 198 174 195 202 198 189 196 205 189 177 248 241 -9999 -9999 -9999 -9999 -9999 -9999 -9999 -9999 -9999 -9999 -9999 -9999 -9999 -9999 -9999 -9999 -9999 -9999 -9999 -9999 -9999 -9999 159 082 090 129 144 145 172 165 138 135 118 115 114 080 074 053 047 046 051 074 071 -9999 -9999 -9999 347 030 031
-9999 -9999 -9999 -9999 287 281 281 281 281 281 276 311 278 278 276 275 218 231 225 200 195 175 202 173 199 198 234 234 308 353 315 248 250 -9999 -9999 -9999 -9999 -9999 -9999 -9999 -9999 -9999 -9999 -9999 -9999 -9999 -9999 -9999 -9999 151 175 173 236 155 157 143 136 129 105 147 167 133 152 137 138 135 125 109 113 078 077 081 102 088 086 -9999 -9999 -9999 353 041 030
-9999 -9999 -9999 278 277 277 276 276 276 275 275 269 262 261 258 245 172 229 225 201 195 171 182 201 190 283 283 285 287 290 315 330 253 225 -9999 -9999 -9999 -9999 -9999 -9999 -9999 -9999 -9999 -9999 -9999 -9999 -9999 142 197 165 130 233 228 176 158 155 144 136 108 109 142 137 124 163 148 151 133 128 144 121 119 121 117 083 087 -9999 -9999 -9999 343 055 058
-9999 -9999 -9999 273 274 274 273 272 271 261 261 261 258 259 246 244 243 222 204 197 209 156 211 150 258 257 256 275 252 248 251 239 226 224 222 -9999 -9999 -9999 -9999 -9999 -9999 -9999 -9999 -9999 -9999 -9999 120 107 119 169 115 231 186 178 176 171 164 167 104 103 109 105 122 229 164 155 134 114 099 162 123 123 107 111 107 060 091 079 056 072 086
-9999 -9999 -9999 271 271 264 264 263 263 258 258 257 258 247 241 247 234 212 337 255 209 202 206 136 272 245 245 245 233 233 228 227 227 222 222 219 -9999 -9999 -9999 -9999 -9999 -9999 -9999 -9999 153 148 125 128 120 169 108 193 188 178 176 171 163 163 156 102 097 101 104 098 168 202 146 146 121 119 118 068 117 108 103 099 057 036 046 055 053
-9999 -9999 -9999 263 262 263 260 260 260 255 256 242 246 242 239 277 277 276 318 271 181 199 288 348 270 246 261 261 245 246 222 222 219 219 216 217 199 -9999 -9999 -9999 -9999 -9999 158 138 172 166 169 162 165 164 110 195 178 176 171 163 161 154 168 161 148 103 097 096 093 197 170 148 147 121 122 141 148 134 130 088 126 121 109 080 084
-9999 -9999 -9999 260 260 256 256 255 255 243 242 245 237 256 259 260 261 263 260 146 087 061 275 331 345 245 245 245 223 243 219 219 217 214 201 199 190 186 198 185 164 159 151 114 174 166 170 199 191 128 114 106 185 176 177 170 157 156 152 161 153 129 113 099 100 092 195 173 168 149 113 105 131 136 123 124 144 127 128 086 078
-9999 -9999 -9999 -9999 256 255 255 244 244 238 273 272 270 288 265 264 261 258 319 350 000 338 330 336 359 349 246 268 241 230 217 214 214 203 202 199 190 184 198 181 165 164 156 108 186 166 170 235 150 128 098 115 117 173 181 168 152 154 155 143 144 142 149 140 101 104 132 171 168 154 147 142 136 098 130 125 125 156 142 135 089
-9999 -9999 -9999 -9999 254 243 243 230 267 269 270 266 266 266 262 262 261 262 316 318 298 282 287 293 294 299 305 233 237 184 185 213 182 175 199 189 187 182 197 181 140 172 144 141 111 165 286 165 154 133 100 100 100 084 181 188 166 158 123 111 071 142 146 155 100 098 123 133 150 157 158 131 136 135 148 096 161 156 172 161 101
-9999 -9999 -9999 -9999 241 266 266 267 250 252 280 280 279 279 278 278 279 279 279 274 276 279 243 243 242 232 229 225 191 150 213 186 182 220 256 188 181 198 183 177 113 176 148 140 136 234 261 183 165 151 112 101 101 100 092 191 165 137 186 123 120 126 000 000 094 106 098 103 139 118 164 139 112 144 124 151 108 129 174 141 141
-9999 -9999 -9999 -9999 -9999 250 250 276 270 271 272 271 270 269 268 268 267 270 273 252 250 243 220 216 203 210 209 185 179 147 189 187 257 243 243 185 199 184 176 170 103 174 149 168 085 056 203 195 183 166 149 148 115 115 099 099 354 023 192 179 081 090 084 078 118 123 148 113 108 143 126 143 132 091 152 136 157 166 187 169 135
-9999 -9999 -9999 -9999 295 290 290 290 291 290 294 300 308 267 263 263 264 254 253 250 243 243 219 216 204 207 187 168 175 148 114 186 242 232 232 176 198 185 176 144 106 106 174 195 168 151 141 201 110 178 165 149 135 118 120 349 029 027 035 042 171 167 096 100 099 098 096 079 112 106 097 117 156 139 131 131 138 177 176 113 150
-9999 346 351 357 012 292 293 294 298 305 004 257 243 315 321 314 263 274 249 243 240 220 195 133 203 207 189 184 169 172 124 330 356 241 244 198 186 176 167 143 107 024 021 016 028 151 152 195 126 103 161 160 010 006 009 353 036 042 042 043 059 058 058 082 082 082 082 083 103 103 089 089 089 087 130 128 127 145 177 167 142
328 345 345 352 011 015 266 265 239 272 282 273 296 292 288 277 266 207 241 205 135 170 152 152 200 207 188 181 171 181 139 280 294 283 201 186 185 176 166 144 084 084 053 087 084 077 075 074 052 124 330 035 026 032 038 039 041 061 061 060 063 063 065 070 098 110 114 104 107 110 097 099 094 085 082 082 124 123 170 164 165
301 324 325 353 004 058 270 271 273 270 270 270 270 262 262 259 272 270 202 203 097 097 198 156 145 183 211 189 161 181 320 242 238 216 202 187 176 176 164 145 136 132 090 092 094 096 096 126 085 093 051 047 037 067 067 066 063 063 071 070 070 073 122 120 120 122 119 108 107 107 094 112 104 101 099 096 092 087 139 153 165
292 299 299 342 347 064 356 280 280 267 273 272 264 256 263 264 257 212 206 164 115 120 106 196 161 179 213 189 187 278 274 264 239 202 188 184 176 167 163 146 145 136 129 127 126 124 148 171 119 066 059 058 076 088 095 094 070 071 072 073 100 135 170 164 143 127 123 118 104 120 105 097 085 080 079 098 103 098 107 153 169
284 283 289 330 038 059 341 007 304 303 262 262 262 263 255 255 256 219 203 175 161 158 123 121 163 147 214 311 350 267 248 239 207 203 189 184 176 174 166 160 146 145 137 137 130 083 079 150 119 114 107 071 074 076 069 070 070 070 071 070 082 094 086 138 163 137 129 118 115 111 138 119 117 097 096 102 098 091 092 088 165
284 284 285 311 297 008 337 005 010 298 344 245 251 256 248 250 224 217 204 177 176 157 156 127 127 165 275 306 358 308 238 237 211 202 190 188 184 173 166 166 160 147 147 145 137 114 112 034 135 115 107 107 101 103 097 096 094 094 093 092 091 101 105 095 093 159 136 132 128 133 091 074 123 127 123 124 118 116 113 078 163
259 262 263 283 292 288 298 015 291 313 349 345 008 240 247 228 225 217 205 202 179 151 148 140 140 105 275 307 324 239 235 236 214 202 190 188 183 175 173 166 163 160 159 147 145 078 062 069 067 136 115 113 113 086 085 085 136 098 098 099 097 098 122 120 123 128 132 141 148 115 129 125 113 098 135 135 124 123 113 104 096
348 340 288 251 249 283 289 279 320 296 353 004 008 000 231 228 221 218 205 204 189 174 149 137 117 093 271 273 242 234 234 218 214 202 191 190 184 183 175 172 166 163 160 159 148 142 134 125 077 082 076 069 040 124 111 111 110 084 084 084 121 106 112 105 093 091 083 085 078 151 117 120 147 121 127 125 137 142 128 112 -9999
299 309 288 348 241 185 311 316 281 280 282 277 310 288 265 248 238 236 214 260 218 190 170 145 149 150 263 214 198 231 212 218 209 202 201 190 188 182 176 172 166 166 163 160 158 148 142 122 116 111 084 085 085 084 084 083 083 083 082 107 069 033 128 128 110 098 099 098 106 115 128 154 139 122 154 129 122 127 131 140 -9999
254 252 302 291 006 300 305 314 352 272 273 273 266 265 253 251 241 236 217 228 222 189 174 126 126 255 226 222 198 269 212 205 214 202 201 191 188 184 182 175 172 166 166 160 158 149 141 129 122 111 111 108 101 098 098 084 084 085 085 085 111 073 069 066 076 117 120 125 104 104 105 104 135 140 139 151 130 136 129 -9999 -9999
225 260 273 265 262 279 302 305 354 347 265 266 254 254 250 242 236 220 230 229 221 319 341 019 054 354 297 306 348 275 201 181 201 223 193 190 188 185 183 175 172 167 166 160 158 149 141 129 122 123 116 117 108 109 098 098 098 096 096 096 070 070 097 101 101 084 084 076 106 141 139 142 105 098 089 132 126 133 -9999 -9999 -9999
343 256 189 098 308 278 275 271 268 257 256 254 250 250 242 236 233 220 289 289 301 320 320 064 343 339 343 265 323 251 190 171 194 235 198 190 188 182 176 175 172 167 163 160 158 149 141 139 129 129 122 122 137 137 110 110 109 109 098 099 099 086 068 068 069 098 090 032 073 076 086 027 037 039 050 052 053 -9999 -9999 -9999 -9999
312 321 040 304 302 334 328 275 261 254 254 250 249 243 242 233 233 286 286 286 288 301 298 000 345 339 331 328 270 196 168 184 228 219 197 188 185 182 176 173 172 167 163 160 157 149 148 139 139 131 116 114 113 118 134 134 112 113 110 110 111 084 083 068 066 058 059 062 054 046 084 089 088 068 027 040 058 058 -9999 -9999 -9999
308 355 346 280 276 275 265 277 254 249 249 246 243 241 236 280 280 273 279 279 278 278 286 276 274 311 302 259 214 200 164 177 222 106 204 188 185 182 176 173 172 166 163 160 157 149 148 141 141 139 130 129 112 112 115 139 133 132 113 170 116 118 091 090 066 056 059 068 073 066 062 058 056 098 095 090 080 089 -9999 -9999 -9999
306 313 328 266 266 265 248 247 246 238 244 243 241 231 273 273 274 269 269 269 269 269 268 268 268 262 253 220 213 193 164 210 175 081 275 189 182 182 175 173 167 165 162 160 160 157 149 148 142 141 144 144 129 127 113 113 113 133 098 099 107 163 130 102 103 108 084 090 089 082 081 080 083 104 126 113 108 110 -9999 -9999 -9999
296 314 009 246 259 248 245 245 237 237 243 235 269 269 269 268 268 268 268 267 267 268 260 260 261 250 227 224 205 186 157 216 177 099 100 192 182 176 176 173 172 166 165 162 161 160 157 150 145 140 141 143 142 129 127 127 114 114 065 070 074 077 165 165 143 135 107 095 099 081 073 073 073 059 054 056 056 048 -9999 -9999 -9999
269 300 300 305 268 245 238 237 238 267 267 269 269 269 268 268 266 266 259 258 258 258 251 250 205 207 175 184 174 188 187 188 183 178 276 212 195 185 176 173 171 163 165 168 159 163 162 162 150 145 139 139 139 142 142 130 127 127 087 133 137 146 142 131 117 147 114 137 094 072 063 072 055 066 069 102 105 101 -9999 -9999 -9999
267 264 263 255 245 234 268 268 268 268 268 268 268 266 266 265 259 259 259 258 249 250 240 197 199 112 171 173 182 187 191 184 155 175 261 219 197 188 184 170 162 171 167 176 167 157 168 162 161 150 144 139 139 139 144 142 131 131 107 107 113 112 110 106 127 138 141 148 155 089 103 095 083 096 097 099 095 095 -9999 -9999 -9999
260 256 249 244 268 265 265 272 273 273 272 266 265 260 260 259 257 256 250 250 249 240 230 185 173 141 145 221 169 158 247 201 183 107 267 223 198 197 193 177 166 162 172 183 175 166 165 168 163 161 150 144 139 139 139 144 142 142 093 092 097 096 096 096 084 079 120 155 147 114 146 126 125 114 115 100 098 096 -9999 -9999 -9999
254 247 271 271 271 271 272 263 262 262 261 260 260 259 257 258 256 248 252 250 235 229 225 191 164 149 114 114 167 260 224 206 182 119 251 220 198 197 197 182 167 167 173 168 175 166 157 166 168 163 160 150 144 144 139 140 139 131 094 101 106 100 101 098 099 097 075 077 074 159 124 137 126 124 120 120 102 102 -9999 -9999 -9999
