tests/Case_4_ReactionIntensity.asc
NCOLS 245
NROWS 163
XLLCORNER 4208400.000000
YLLCORNER 1880200.000000
CELLSIZE 100.000000
NODATA_VALUE -9999.0
[rows 87 to 115 of 163, columns 64 to 127 of 245]
00477.205 01036.714 00418.324 00484.714 00512.149 00704.693 00103.378 01988.338 00551.559 00750.381 01424.915 00066.599 01192.261 00795.761 00462.253 00569.491 01818.869 02114.288 02110.486 02108.923 02110.124 01473.725 01286.039 01916.407 01223.518 00945.106 01825.309 02139.396 01803.097 02232.882 02067.957 01694.045 00999.536 00682.601 01024.649 00694.510 00675.546 00519.914 -9999.000 -9999.0 -9999.0 -9999.0 -9999.0 -9999.0 -9999.0 -9999.0 -9999.0 -9999.0 -9999.0 -9999.0 -9999.0 -9999.0 -9999.0 -9999.0 -9999.0 -9999.0 -9999.0 -9999.0 -9999.0 -9999.0 -9999.0 -9999.0 -9999.0 -9999.0
00856.765 00562.907 00561.782 00314.804 01493.588 00414.303 00122.673 01967.383 01747.129 00117.826 00664.725 00846.828 01327.863 00537.679 00533.226 00565.796 00641.409 02117.858 02116.076 02114.661 02114.405 02116.078 01391.694 01014.445 00647.349 01818.012 01265.755 02141.701 01953.533 02228.077 02248.999 01348.763 00779.326 00680.298 00689.952 00695.555 00345.442 00262.327 -9999.000 -9999.0 -9999.0 -9999.0 -9999.0 -9999.0 -9999.0 -9999.0 -9999.0 -9999.0 -9999.0 -9999.0 -9999.0 -9999.0 -9999.0 -9999.0 -9999.0 -9999.0 -9999.0 -9999.0 -9999.0 -9999.0 -9999.0 -9999.0 -9999.0 -9999.0
00722.496 01466.106 00270.083 00469.503 00125.358 00494.694 00127.248 00217.407 02037.193 01709.467 00572.634 00500.272 00726.085 00436.431 00095.094 00497.757 01980.720 02119.908 02118.855 02117.978 02117.758 02118.064 02004.015 01255.075 00950.362 00766.135 00791.097 02125.508 02158.909 01865.622 02232.054 02028.208 00749.420 00677.159 01265.898 00693.498 00498.393 00486.362 -9999.000 -9999.0 -9999.0 -9999.0 -9999.0 -9999.0 -9999.0 -9999.0 -9999.0 -9999.0 -9999.0 -9999.0 -9999.0 -9999.0 -9999.0 -9999.0 -9999.0 -9999.0 -9999.0 -9999.0 -9999.0 -9999.0 -9999.0 -9999.0 -9999.0 -9999.0
00563.892 00556.136 00460.403 00157.167 00394.472 00201.025 00602.892 00125.187 00104.903 00103.387 00865.646 01330.141 00591.231 00374.133 00190.015 00423.663 01884.667 01198.631 01982.290 01532.987 00869.323 00627.646 00960.523 00596.858 00849.012 01715.181 01504.163 00504.735 00589.979 01070.844 01608.864 01096.158 01604.643 00790.369 00685.351 00689.142 01764.124 00635.093 -9999.000 -9999.0 -9999.0 -9999.0 -9999.0 -9999.0 -9999.0 -9999.0 -9999.0 -9999.0 -9999.0 -9999.0 -9999.0 -9999.0 -9999.0 -9999.0 -9999.0 -9999.0 -9999.0 -9999.0 -9999.0 -9999.0 -9999.0 -9999.0 -9999.0 -9999.0
00604.996 00554.590 00303.699 00361.663 00422.676 01646.487 01378.552 00607.163 01159.313 00536.169 01276.037 00208.132 01820.837 01410.583 00325.488 00513.894 00541.292 01856.883 01146.560 01195.637 00692.427 00880.742 01824.808 01871.686 00846.902 01940.917 01986.371 01770.707 01830.168 01598.106 01304.931 01802.952 01493.953 02236.027 00889.559 00689.647 01631.975 00695.266 -9999.000 -9999.0 -9999.0 -9999.0 -9999.0 -9999.0 -9999.0 -9999.0 -9999.0 -9999.0 -9999.0 -9999.0 -9999.0 -9999.0 -9999.0 -9999.0 -9999.0 -9999.0 -9999.0 -9999.0 -9999.0 -9999.0 -9999.0 -9999.0 -9999.0 -9999.0
00428.790 00312.674 00452.732 00176.667 00246.702 00557.666 02060.816 00260.747 00562.851 01158.982 00695.584 00163.403 02076.961 01278.999 01629.766 00229.417 00065.607 00513.218 00544.189 00586.909 00551.017 00571.204 01587.818 00561.410 00710.870 01053.512 01346.097 01873.614 00921.361 02003.386 01085.304 01039.830 02103.609 01344.497 01589.547 00673.194 00693.505 01343.893 00693.803 -9999.000 -9999.0 -9999.0 -9999.0 -9999.0 -9999.0 -9999.0 -9999.0 -9999.0 -9999.0 -9999.0 -9999.0 -9999.0 -9999.0 -9999.0 -9999.0 -9999.0 -9999.0 -9999.0 -9999.0 -9999.0 -9999.0 -9999.0 -9999.0 -9999.0
00274.253 00145.810 00357.872 00494.684 00127.567 00488.195 00181.837 00492.748 00157.092 01560.391 00171.284 01066.512 01054.950 01624.453 01677.406 01407.748 01955.758 00133.141 00266.360 00469.863 00513.365 00472.056 00480.400 00466.297 00477.419 00912.130 00966.631 01910.287 01246.716 01636.139 00860.159 01503.460 00828.714 00983.088 00765.593 01086.702 00680.003 00798.752 01528.212 00305.736 -9999.000 -9999.0 -9999.0 -9999.0 -9999.0 -9999.0 -9999.0 -9999.0 -9999.0 -9999.0 -9999.0 -9999.0 -9999.0 -9999.0 -9999.0 -9999.0 -9999.0 -9999.0 -9999.0 -9999.0 -9999.0 -9999.0 -9999.0 -9999.0
-9999.0 00580.819 00338.671 00505.283 00549.219 00391.117 00319.310 00242.745 00448.245 00387.878 00148.773 00328.441 01986.562 00732.647 01921.356 02108.132 00287.556 01134.559 00785.837 00653.373 00091.359 01323.746 00832.769 00966.198 01285.752 00524.308 01104.630 00591.696 01478.675 01330.523 00969.477 00808.409 01359.640 02076.817 02008.264 01517.197 00680.024 00703.895 01328.274 00693.801 00471.679 -9999.0 -9999.0 -9999.0 -9999.0 -9999.0 -9999.0 -9999.0 -9999.0 -9999.0 -9999.0 -9999.0 -9999.0 -9999.0 -9999.0 -9999.0 -9999.0 -9999.0 -9999.0 -9999.0 -9999.0 -9999.0 -9999.0 -9999.0
-9999.0 00498.031 01222.072 00834.430 00432.595 00407.112 00399.493 00191.515 00224.847 00221.903 00396.654 00293.845 01475.503 01961.048 02096.220 01920.116 00733.197 00834.862 00250.709 00352.247 00744.777 00397.653 00549.951 02119.511 00473.520 00000.374 00528.058 01918.997 01940.194 00616.475 01373.382 01802.389 01033.429 01539.384 01452.192 01174.225 00680.048 00684.556 00949.758 00693.472 00354.594 -9999.000 -9999.0 -9999.0 -9999.0 -9999.0 -9999.0 -9999.0 -9999.0 -9999.0 -9999.0 -9999.0 -9999.0 -9999.0 -9999.0 -9999.0 -9999.0 -9999.0 -9999.0 -9999.0 -9999.0 -9999.0 -9999.0 -9999.0
-9999.0 00464.220 01920.309 00784.349 00532.397 00521.401 00415.282 00575.575 00327.379 00131.772 00500.277 00301.101 01289.984 01894.717 01797.987 00882.963 01714.984 00934.700 01571.119 01241.724 01108.424 00952.201 01738.134 01388.926 01240.778 00599.029 01748.554 00414.432 00518.586 02073.164 01612.232 00602.899 01983.963 01272.535 01118.224 00854.770 00670.280 00685.883 02222.172 00694.693 00485.787 -9999.000 -9999.0 -9999.0 -9999.0 -9999.0 -9999.0 -9999.0 -9999.0 -9999.0 -9999.0 -9999.0 -9999.0 -9999.0 -9999.0 -9999.0 -9999.0 -9999.0 -9999.0 -9999.0 -9999.0 -9999.0 -9999.0 -9999.0
-9999.0 00272.107 00680.134 01013.600 01747.521 00280.455 00289.623 00351.481 00488.129 00272.459 00401.480 00491.072 00985.526 01778.447 01974.900 01991.806 02077.904 02116.781 02134.014 02063.538 00765.232 01108.640 01561.571 01241.913 01628.995 01284.956 00568.913 00732.990 00473.986 00449.995 00546.953 00591.187 01633.346 00753.764 00892.771 02237.801 01987.192 00686.661 01430.813 00695.064 00616.765 -9999.000 -9999.0 -9999.0 -9999.0 -9999.0 -9999.0 -9999.0 -9999.0 -9999.0 -9999.0 -9999.0 -9999.0 -9999.0 -9999.0 -9999.0 -9999.0 -9999.0 -9999.0 -9999.0 -9999.0 -9999.0 -9999.0 -9999.0
-9999.0 -9999.0 01710.156 00906.329 01747.794 00155.939 00189.958 00344.054 00360.422 00192.475 00172.480 00153.489 00389.307 01646.441 01066.128 01982.788 02078.404 02103.879 02115.945 02069.611 00904.235 02029.404 01419.641 00857.665 00663.010 02087.292 01417.492 00334.662 01288.092 01196.517 00538.925 01791.051 01453.655 00839.546 00706.149 01825.607 01360.002 00690.604 00699.928 00695.709 00218.430 -9999.000 -9999.0 -9999.0 -9999.0 -9999.0 -9999.0 -9999.0 -9999.0 -9999.0 -9999.0 -9999.0 -9999.0 -9999.0 -9999.0 -9999.0 -9999.0 -9999.0 -9999.0 -9999.0 -9999.0 -9999.0 -9999.0 -9999.0
-9999.0 00305.079 00733.634 01054.368 01574.320 00319.722 00448.514 00634.345 00449.101 00513.156 00401.572 00526.721 00493.888 00499.523 00964.461 01059.981 02024.017 02096.892 02086.870 02112.553 01361.135 00739.373 00508.079 00154.977 00475.881 01246.206 01807.933 02040.926 00305.974 01491.431 00519.848 01571.053 00950.268 01673.815 01257.882 00746.469 01952.787 00685.109 00769.369 00696.264 00334.424 -9999.000 -9999.0 -9999.0 -9999.0 -9999.0 -9999.0 -9999.0 -9999.0 -9999.0 -9999.0 -9999.0 -9999.0 -9999.0 -9999.0 -9999.0 -9999.0 -9999.0 -9999.0 -9999.0 -9999.0 -9999.0 -9999.0 -9999.0
00797.819 00645.047 01251.035 01066.925 00782.289 01164.165 01483.749 01336.216 01833.237 01072.420 00525.273 00474.569 01485.211 00810.261 00075.918 01326.157 01887.055 01391.476 01688.249 01260.733 01719.433 00629.339 00569.370 00599.254 00586.332 00455.629 01563.409 01013.832 02067.833 01062.364 00368.131 01095.543 02112.831 01301.850 02088.748 01348.538 02305.777 00679.131 00690.537 01362.151 00434.324 -9999.000 -9999.0 -9999.0 -9999.0 -9999.0 -9999.0 -9999.0 -9999.0 -9999.0 -9999.0 -9999.0 -9999.0 -9999.0 -9999.0 -9999.0 -9999.0 -9999.0 -9999.0 -9999.0 -9999.0 -9999.0 -9999.0 -9999.0
01081.756 01326.213 01630.231 01324.512 01597.584 02112.808 01748.590 00787.889 01417.691 00790.754 01946.915 01841.453 00498.050 01463.715 01204.763 00617.497 01353.176 00528.735 00400.902 00455.569 00352.200 00566.186 00604.240 00610.709 00604.628 00567.682 00407.017 01597.347 01659.421 00549.486 01016.867 00987.193 01753.399 00613.697 01338.822 00762.594 01941.916 00677.534 00827.226 00693.272 00686.128 00682.861 -9999.0 -9999.0 -9999.0 -9999.0 -9999.0 -9999.0 -9999.0 -9999.0 -9999.0 -9999.0 -9999.0 -9999.0 -9999.0 -9999.0 -9999.0 -9999.0 -9999.0 -9999.0 -9999.0 -9999.0 -9999.0 -9999.0
01478.934 00579.302 01201.064 01863.398 00847.097 01336.765 01891.256 00985.804 01665.774 00972.783 02076.541 00731.512 01108.559 01195.526 01224.135 00560.425 00198.757 00424.644 00599.439 00592.525 00602.091 00606.876 00617.938 00597.414 00617.859 00612.728 00541.846 01191.047 01302.570 02095.104 01051.888 01343.959 01864.369 01643.671 00577.100 01505.155 01868.707 00673.043 01594.978 01889.509 00693.451 00594.819 -9999.0 -9999.0 -9999.0 -9999.0 -9999.0 -9999.0 -9999.0 -9999.0 -9999.0 -9999.0 -9999.0 -9999.0 -9999.0 -9999.0 -9999.0 -9999.0 -9999.0 -9999.0 -9999.0 -9999.0 -9999.0 -9999.0
00833.322 01566.157 00763.679 01441.669 00802.463 01569.891 01162.956 01081.121 00894.490 00660.971 00814.352 00615.913 01794.731 01699.331 01728.204 00394.240 01276.886 00524.729 00615.941 00609.262 00617.310 00623.861 00599.290 00595.990 00603.527 00615.420 00601.818 00535.131 01733.321 00293.568 00119.825 00721.122 01109.948 01322.239 01825.995 00676.177 00798.207 00688.404 01793.386 00689.459 00694.853 00521.317 -9999.000 -9999.0 -9999.0 -9999.0 -9999.0 -9999.0 -9999.0 -9999.0 -9999.0 -9999.0 -9999.0 -9999.0 -9999.0 -9999.0 -9999.0 -9999.0 -9999.0 -9999.0 -9999.0 -9999.0 -9999.0 -9999.0
01337.594 01916.980 00987.589 01688.916 01106.397 00904.904 00718.747 01718.460 01353.955 01836.279 00947.351 02097.674 01958.568 01787.521 01710.857 01806.271 01157.587 00578.319 00612.244 00614.317 00598.615 00593.723 00529.273 00578.087 00613.443 00611.733 00579.345 00804.959 01837.866 00268.275 00457.261 02113.162 01361.278 00668.316 00679.201 02096.049 01843.923 00686.769 01835.354 00695.952 00574.055 00443.906 -9999.000 -9999.0 -9999.0 -9999.0 -9999.0 -9999.0 -9999.0 -9999.0 -9999.0 -9999.0 -9999.0 -9999.0 -9999.0 -9999.0 -9999.0 -9999.0 -9999.0 -9999.0 -9999.0 -9999.0 -9999.0 -9999.0
01579.299 01179.006 00922.273 02068.185 01973.016 01343.145 00810.153 00812.385 00812.527 01664.088 01024.725 00762.551 01913.660 00786.542 01693.241 00576.882 00562.671 00600.931 00626.315 00569.581 00503.500 00170.590 00580.891 00611.353 00608.842 00595.574 00429.884 00958.505 01498.979 00653.791 01653.654 01221.896 00751.036 01692.382 02009.462 00799.819 00678.321 00679.985 00691.666 00696.181 00323.719 00728.197 02267.085 -9999.000 -9999.0 -9999.0 -9999.0 -9999.0 -9999.0 -9999.0 -9999.0 -9999.0 -9999.0 -9999.0 -9999.0 -9999.0 -9999.0 -9999.0 -9999.0 -9999.0 -9999.0 -9999.0 -9999.0 -9999.0
00611.146 01660.185 01372.597 01368.914 01442.437 01642.862 02031.696 01984.705 00658.140 01789.880 01137.680 00602.917 02003.628 00601.481 01888.961 00615.449 00612.187 00619.579 00611.763 00460.948 -9999.0 00383.885 00586.488 00612.943 00617.159 00597.910 00023.923 00951.477 00387.609 00193.438 00668.720 01117.317 01663.578 01657.803 00951.252 01554.147 00679.679 00690.115 00722.418 00697.630 02168.360 01396.415 01742.391 02244.611 -9999.000 -9999.0 -9999.0 -9999.0 -9999.0 -9999.0 -9999.0 -9999.0 -9999.0 -9999.0 -9999.0 -9999.0 -9999.0 -9999.0 -9999.0 -9999.0 -9999.0 -9999.0 -9999.0 -9999.0
00726.926 00525.617 00693.268 00577.428 00585.595 00635.662 00816.642 00969.270 00952.775 01072.445 01152.131 01705.075 00620.239 00617.322 00618.425 00609.439 00612.500 00606.234 00496.810 -9999.0 -9999.0 00541.990 00609.503 00601.835 00606.172 00565.900 01483.755 01822.245 00585.950 00459.283 00938.081 00901.926 00761.132 01686.927 01850.842 01842.680 00953.334 02327.665 02387.557 02392.268 01881.867 02266.250 00538.841 01063.508 01011.539 -9999.000 -9999.0 -9999.0 -9999.0 -9999.0 -9999.0 -9999.0 -9999.0 -9999.0 -9999.0 -9999.0 -9999.0 -9999.0 -9999.0 -9999.0 -9999.0 -9999.0 -9999.0 -9999.0
01498.563 01337.029 01224.521 02004.664 01086.516 00506.038 00598.990 01916.440 01503.046 01235.059 01038.113 01037.477 00603.440 00613.147 00616.198 00582.600 00528.127 00524.143 -9999.0 -9999.0 -9999.0 00487.875 00590.984 00613.394 00615.354 00578.332 00618.571 00663.608 00533.428 00500.636 00591.890 01821.259 01039.091 01611.366 01308.860 00758.663 00912.995 00934.719 01620.214 02308.972 00961.024 01384.393 01793.867 02150.465 00660.536 -9999.000 -9999.0 -9999.0 -9999.0 -9999.0 -9999.0 -9999.0 -9999.0 -9999.0 -9999.0 -9999.0 -9999.0 -9999.0 -9999.0 -9999.0 -9999.0 -9999.0 -9999.0 -9999.0
01917.715 01687.940 01533.258 01956.516 01267.864 00601.938 00588.479 01286.336 01799.031 00941.051 01128.695 01314.433 00599.647 00567.481 00542.992 00149.052 -9999.0 -9999.0 -9999.0 -9999.0 00235.403 00510.366 00606.310 00619.728 00619.668 00532.296 01668.961 01439.695 00406.365 00488.617 00593.991 01037.081 00858.744 01668.760 00942.477 01984.914 00678.121 02354.043 01946.395 01194.413 02311.635 00887.578 01612.463 00559.559 02030.820 00956.207 -9999.000 -9999.0 -9999.0 -9999.0 -9999.0 -9999.0 -9999.0 -9999.0 -9999.0 -9999.0 -9999.0 -9999.0 -9999.0 -9999.0 -9999.0 -9999.0 -9999.0 -9999.0
01889.624 00595.268 01055.715 01119.164 00438.504 00768.419 01374.843 00596.685 00606.575 00598.590 00585.568 00583.855 00508.742 00294.205 -9999.0 -9999.0 -9999.0 -9999.0 -9999.0 -9999.0 00208.897 00565.702 00588.858 00610.290 00616.334 00541.022 01372.144 01022.600 00609.684 00390.219 01180.750 01849.440 01903.819 01531.029 00660.987 01805.331 00677.594 00868.534 02069.353 02155.569 02041.119 02135.859 00350.074 00620.925 00644.837 02256.841 02246.436 -9999.000 -9999.0 -9999.0 -9999.0 -9999.0 -9999.0 -9999.0 -9999.0 -9999.0 -9999.0 -9999.0 -9999.0 -9999.0 -9999.0 -9999.0 -9999.0 -9999.0
00265.915 00430.800 01222.890 01049.953 00625.637 01804.948 01942.714 00335.605 00414.215 00439.770 00534.051 00392.162 -9999.0 -9999.0 -9999.0 -9999.0 -9999.0 -9999.0 -9999.0 -9999.0 00284.470 00506.424 00598.503 00621.445 00611.183 00565.063 00584.845 01819.959 00424.217 00082.378 00685.242 01567.287 01832.277 00723.466 01647.571 00996.872 01002.061 01324.500 01141.815 00858.279 02158.285 02380.706 00250.869 00450.077 00345.295 00784.907 00719.400 00452.122 -9999.000 -9999.0 -9999.0 -9999.0 -9999.0 -9999.0 -9999.0 -9999.0 -9999.0 -9999.0 -9999.0 -9999.0 -9999.0 -9999.0 -9999.0 -9999.0
01448.185 01438.314 00557.564 01888.510 01897.872 00397.676 00134.791 -9999.0 -9999.0 -9999.0 -9999.0 -9999.0 -9999.0 -9999.0 -9999.0 -9999.0 -9999.0 -9999.0 -9999.0 -9999.0 00069.505 00510.742 00577.465 00613.307 00623.640 00598.485 00391.395 00794.745 01110.002 01052.395 00549.648 01085.678 00919.375 00782.176 00861.214 00884.236 00960.774 00779.518 00674.910 00678.629 00686.784 00678.326 00685.105 00694.014 00698.569 00852.048 01665.996 00687.478 00416.022 -9999.000 -9999.0 -9999.0 -9999.0 -9999.0 -9999.0 -9999.0 -9999.0 -9999.0 -9999.0 -9999.0 -9999.0 -9999.0 -9999.0 -9999.0
00671.757 00597.419 00714.471 01390.827 01485.862 -9999.0 -9999.0 -9999.0 -9999.0 -9999.0 -9999.0 -9999.0 -9999.0 -9999.0 -9999.0 -9999.0 -9999.0 -9999.0 -9999.0 -9999.0 -9999.0 00556.779 00579.289 00603.776 00605.537 00559.210 01234.035 02105.004 00278.106 00511.035 01590.665 01641.204 01062.745 01379.077 01751.809 01102.885 01004.716 00839.081 00827.700 01220.517 01452.915 00906.166 02137.436 00672.472 00688.130 01225.260 00519.367 01789.010 00685.800 00638.081 -9999.000 -9999.0 -9999.0 -9999.0 -9999.0 -9999.0 -9999.0 -9999.0 -9999.0 -9999.0 -9999.0 -9999.0 -9999.0 -9999.0
-9999.0 -9999.0 00694.161 00388.788 00594.194 -9999.0 -9999.0 -9999.0 -9999.0 -9999.0 -9999.0 -9999.0 -9999.0 -9999.0 -9999.0 -9999.0 -9999.0 -9999.0 -9999.0 -9999.0 00019.582 00516.764 00595.045 00611.061 00612.000 00560.821 00853.423 00758.003 00574.879 00187.837 01367.231 00655.057 01949.621 01132.545 01306.200 00609.093 01232.050 00823.559 01284.729 01935.977 01781.694 01195.324 01653.237 01587.790 00691.881 00251.671 00328.712 01394.293 00688.171 00521.694 00276.633 -9999.000 -9999.0 -9999.0 -9999.0 -9999.0 -9999.0 -9999.0 -9999.0 -9999.0 -9999.0 -9999.0 -9999.000 -9999.000
-9999.0 -9999.0 -9999.0 -9999.0 -9999.0 -9999.0 -9999.0 -9999.0 -9999.0 -9999.0 -9999.0 -9999.0 -9999.0 -9999.0 -9999.0 -9999.0 -9999.0 -9999.0 -9999.0 -9999.0 00072.714 00535.496 00609.117 00622.282 00605.406 00563.891 01986.374 01577.124 00452.181 01250.842 00588.468 01143.485 00787.714 00922.289 01258.293 01157.906 00755.340 02098.278 02101.021 02129.284 00803.436 00768.672 01223.990 00865.325 00628.506 00228.200 01472.509 02173.614 00844.381 00679.415 00303.815 01332.791 -9999.000 -9999.0 -9999.0 -9999.0 -9999.0 -9999.0 -9999.0 -9999.0 -9999.0 -9999.000 -9999.000 00437.363
