tests/Case_4_FlameLength.asc
NCOLS 245
NROWS 163
XLLCORNER 4208400.000000
YLLCORNER 1880200.000000
CELLSIZE 100.000000
NODATA_VALUE -9999.0
[rows 31 to 61 of 163, columns 69 to 137 of 245]
-9999.0 -9999.0 -9999.0 -9999.0 -9999.0 -9999.0 -9999.0 -9999.0 -9999.0 -9999.0 -9999.0 -9999.0 -9999.0 -9999.0 -9999.0 -9999.0 -9999.0 -9999.0 -9999.0 -9999.0 -9999.0 -9999.0 -9999.0 -9999.0 00.47 00.58 00.56 00.54 00.54 00.50 00.19 00.09 00.21 00.24 00.25 00.26 00.27 00.27 00.25 00.12 -9999.0 -9999.0 -9999.0 -9999.0 -9999.0 -9999.0 -9999.0 -9999.0 -9999.0 -9999.0 -9999.0 -9999.0 -9999.0 -9999.0 -9999.0 -9999.0 -9999.0 -9999.0 -9999.0 -9999.0 -9999.0 -9999.0 -9999.0 -9999.0 -9999.0 00.29 00.21 00.35 00.31
-9999.0 -9999.0 -9999.0 -9999.0 -9999.0 -9999.0 -9999.0 -9999.0 -9999.0 -9999.0 -9999.0 -9999.0 -9999.0 -9999.0 -9999.0 -9999.0 -9999.0 -9999.0 -9999.0 -9999.0 -9999.0 -9999.0 00.19 00.52 00.54 00.55 00.60 00.27 00.22 00.07 00.21 00.24 00.25 00.26 00.26 00.27 00.29 00.30 00.29 00.25 -9999.0 -9999.0 -9999.0 -9999.0 -9999.0 -9999.0 -9999.0 -9999.0 -9999.0 -9999.0 -9999.0 -9999.0 -9999.0 -9999.0 -9999.0 -9999.0 -9999.0 -9999.0 -9999.0 -9999.0 -9999.0 -9999.0 -9999.0 -9999.0 -9999.0 -9999.0 -9999.0 00.36 00.35
-9999.0 -9999.0 -9999.0 -9999.0 -9999.0 -9999.0 -9999.0 -9999.0 -9999.0 -9999.0 -9999.0 -9999.0 -9999.0 -9999.0 -9999.0 -9999.0 -9999.0 -9999.0 -9999.0 -9999.0 00.37 00.50 00.54 00.53 00.58 00.56 00.43 00.19 00.20 00.24 00.25 00.25 00.24 00.22 00.21 00.22 00.26 00.31 00.32 00.29 -9999.0 -9999.0 -9999.0 -9999.0 -9999.0 -9999.0 -9999.0 -9999.0 -9999.0 -9999.0 -9999.0 -9999.0 -9999.0 -9999.0 -9999.0 -9999.0 -9999.0 -9999.0 -9999.0 -9999.0 -9999.0 -9999.0 -9999.0 -9999.0 -9999.0 -9999.0 -9999.0 00.34 00.33
-9999.0 -9999.0 -9999.0 -9999.0 -9999.0 -9999.0 -9999.0 -9999.0 -9999.0 -9999.0 -9999.0 -9999.0 -9999.0 -9999.0 -9999.0 -9999.0 -9999.0 -9999.0 -9999.0 00.48 00.58 00.56 00.55 00.54 00.44 00.44 00.26 00.20 00.25 00.25 00.23 00.20 00.12 00.22 00.30 00.17 00.25 00.31 00.32 00.29 -9999.0 -9999.0 -9999.0 -9999.0 -9999.0 -9999.0 -9999.0 -9999.0 -9999.0 -9999.0 -9999.0 -9999.0 -9999.0 -9999.0 -9999.0 -9999.0 -9999.0 -9999.0 -9999.0 -9999.0 -9999.0 -9999.0 -9999.0 -9999.0 -9999.0 -9999.0 -9999.0 00.31 00.30
-9999.0 -9999.0 -9999.0 -9999.0 -9999.0 -9999.0 -9999.0 -9999.0 -9999.0 -9999.0 -9999.0 -9999.0 -9999.0 -9999.0 -9999.0 -9999.0 -9999.0 -9999.0 00.39 00.60 00.60 00.59 00.45 00.41 00.27 00.37 00.44 00.24 00.24 00.22 00.10 00.24 00.27 00.29 00.33 -9999.0 -9999.0 -9999.0 -9999.0 -9999.0 -9999.0 -9999.0 -9999.0 -9999.0 -9999.0 -9999.0 -9999.0 -9999.0 -9999.0 -9999.0 -9999.0 -9999.0 -9999.0 -9999.0 -9999.0 -9999.0 -9999.0 -9999.0 -9999.0 -9999.0 -9999.0 -9999.0 -9999.0 -9999.0 -9999.0 -9999.0 -9999.0 -9999.0 -9999.0
-9999.0 -9999.0 -9999.0 -9999.0 -9999.0 -9999.0 -9999.0 -9999.0 -9999.0 -9999.0 -9999.0 -9999.0 -9999.0 -9999.0 -9999.0 -9999.0 -9999.0 -9999.0 00.57 00.62 00.64 00.59 00.41 00.43 00.46 00.46 00.47 00.23 00.20 00.16 00.26 00.30 00.31 00.31 00.26 -9999.0 -9999.0 -9999.0 -9999.0 -9999.0 -9999.0 -9999.0 -9999.0 -9999.0 -9999.0 -9999.0 -9999.0 -9999.0 -9999.0 -9999.0 -9999.0 -9999.0 -9999.0 -9999.0 -9999.0 -9999.0 -9999.0 -9999.0 -9999.0 -9999.0 -9999.0 -9999.0 -9999.0 -9999.0 -9999.0 -9999.0 -9999.0 -9999.0 -9999.0
-9999.0 -9999.0 -9999.0 -9999.0 -9999.0 -9999.0 -9999.0 -9999.0 -9999.0 -9999.0 -9999.0 -9999.0 -9999.0 -9999.0 -9999.0 -9999.0 -9999.0 -9999.0 00.56 00.61 00.63 00.55 00.18 00.23 00.25 00.44 00.42 00.17 00.21 00.28 00.29 00.31 00.30 00.25 00.23 00.17 00.27 00.34 00.38 00.39 -9999.0 -9999.0 00.48 00.69 00.80 00.80 00.74 -9999.0 -9999.0 -9999.0 -9999.0 -9999.0 -9999.0 -9999.0 -9999.0 -9999.0 -9999.0 -9999.0 -9999.0 -9999.0 -9999.0 -9999.0 -9999.0 -9999.0 -9999.0 -9999.0 -9999.0 00.40 00.35
-9999.0 -9999.0 -9999.0 -9999.0 -9999.0 -9999.0 -9999.0 -9999.0 -9999.0 -9999.0 -9999.0 -9999.0 -9999.0 -9999.0 -9999.0 -9999.0 -9999.0 00.52 00.59 00.57 00.55 00.48 00.12 00.24 00.22 00.38 00.35 00.23 00.28 00.30 00.29 00.24 00.21 00.16 00.23 00.28 00.35 00.42 00.39 00.35 -9999.0 -9999.0 00.65 00.77 00.79 00.80 00.74 -9999.0 -9999.0 -9999.0 -9999.0 -9999.0 -9999.0 -9999.0 -9999.0 -9999.0 -9999.0 -9999.0 -9999.0 -9999.0 -9999.0 -9999.0 -9999.0 -9999.0 -9999.0 -9999.0 -9999.0 00.79 00.36
-9999.0 -9999.0 -9999.0 -9999.0 -9999.0 -9999.0 -9999.0 -9999.0 -9999.0 -9999.0 -9999.0 -9999.0 -9999.0 -9999.0 -9999.0 -9999.0 00.41 00.61 00.61 00.61 00.46 00.32 00.19 00.24 00.20 00.25 00.53 00.28 00.29 00.25 00.21 00.06 00.29 00.33 00.36 00.36 00.46 00.46 00.44 00.37 -9999.0 -9999.0 00.74 00.76 00.78 00.80 00.74 -9999.0 -9999.0 -9999.0 -9999.0 -9999.0 -9999.0 -9999.0 -9999.0 -9999.0 -9999.0 -9999.0 -9999.0 -9999.0 -9999.0 -9999.0 -9999.0 -9999.0 -9999.0 -9999.0 -9999.0 00.79 00.72
-9999.0 -9999.0 -9999.0 -9999.0 -9999.0 -9999.0 -9999.0 -9999.0 -9999.0 -9999.0 -9999.0 -9999.0 -9999.0 -9999.0 -9999.0 -9999.0 00.56 00.62 00.63 00.62 00.45 00.41 00.24 00.24 00.18 00.24 00.28 00.29 00.24 00.17 00.26 00.33 00.38 00.41 00.41 00.39 00.48 00.50 00.50 00.50 00.52 00.63 00.71 00.75 00.77 00.79 00.73 -9999.0 -9999.0 -9999.0 -9999.0 -9999.0 -9999.0 -9999.0 -9999.0 -9999.0 -9999.0 -9999.0 -9999.0 -9999.0 -9999.0 -9999.0 -9999.0 -9999.0 -9999.0 -9999.0 -9999.0 00.78 00.69
-9999.0 -9999.0 -9999.0 -9999.0 -9999.0 -9999.0 -9999.0 -9999.0 -9999.0 -9999.0 -9999.0 -9999.0 -9999.0 -9999.0 -9999.0 -9999.0 00.59 00.62 00.63 00.48 00.41 00.45 00.24 00.21 00.20 00.27 00.29 00.24 00.17 00.28 00.34 00.43 00.43 00.43 00.43 00.42 00.40 00.41 00.52 00.53 00.53 00.66 00.69 00.73 00.76 00.78 00.54 -9999.0 -9999.0 -9999.0 -9999.0 -9999.0 -9999.0 -9999.0 -9999.0 -9999.0 -9999.0 00.80 00.80 00.80 00.80 -9999.0 -9999.0 -9999.0 -9999.0 -9999.0 -9999.0 00.57 00.67
-9999.0 -9999.0 -9999.0 -9999.0 -9999.0 -9999.0 -9999.0 -9999.0 -9999.0 -9999.0 -9999.0 -9999.0 -9999.0 -9999.0 -9999.0 00.42 00.63 00.63 00.64 00.48 00.32 00.43 00.24 00.16 00.24 00.27 00.24 00.18 00.28 00.38 00.45 00.45 00.45 00.45 00.45 00.44 00.42 00.40 00.39 00.53 00.54 00.64 00.66 00.69 00.74 00.77 00.79 00.80 00.80 00.80 00.80 00.80 00.80 00.80 00.76 -9999.0 -9999.0 00.80 00.79 00.79 00.79 00.79 00.79 00.77 00.74 00.70 00.68 00.66 00.64
-9999.0 -9999.0 -9999.0 -9999.0 -9999.0 -9999.0 -9999.0 -9999.0 -9999.0 -9999.0 -9999.0 -9999.0 -9999.0 -9999.0 -9999.0 00.51 00.64 00.63 00.63 00.46 00.38 00.44 00.23 00.16 00.27 00.26 00.20 00.26 00.39 00.46 00.46 00.47 00.47 00.47 00.46 00.46 00.59 00.80 00.76 00.38 00.54 00.61 00.63 00.66 00.69 00.75 00.78 00.80 00.80 00.80 00.80 00.80 00.80 00.80 00.78 -9999.0 -9999.0 00.78 00.79 00.79 00.79 00.78 00.78 00.76 00.72 00.69 00.67 00.65 00.61
-9999.0 -9999.0 -9999.0 -9999.0 -9999.0 -9999.0 -9999.0 -9999.0 -9999.0 -9999.0 -9999.0 -9999.0 -9999.0 -9999.0 -9999.0 00.57 00.62 00.64 00.52 00.44 00.44 00.44 00.19 00.24 00.27 00.23 00.14 00.32 00.47 00.48 00.48 00.48 00.48 00.48 00.48 00.79 00.80 00.81 00.79 00.76 00.68 00.57 00.59 00.61 00.65 00.72 00.76 00.79 00.80 00.80 00.80 00.80 00.80 00.80 00.80 -9999.0 -9999.0 00.78 00.78 00.78 00.78 00.78 00.78 00.76 00.71 00.67 00.65 00.63 00.60
-9999.0 -9999.0 -9999.0 -9999.0 -9999.0 -9999.0 -9999.0 -9999.0 -9999.0 -9999.0 -9999.0 -9999.0 -9999.0 -9999.0 00.22 00.60 00.60 00.61 00.47 00.39 00.45 00.43 00.14 00.27 00.28 00.20 00.27 00.48 00.49 00.49 00.50 00.50 00.50 00.50 00.77 00.79 00.80 00.80 00.79 00.76 00.64 00.55 00.56 00.56 00.59 00.63 00.73 00.78 00.79 00.79 00.79 00.79 00.79 00.79 00.79 00.79 00.79 00.78 00.78 00.78 00.78 00.78 00.77 00.76 00.69 00.65 00.63 00.61 00.59
-9999.0 -9999.0 -9999.0 -9999.0 -9999.0 -9999.0 -9999.0 -9999.0 -9999.0 -9999.0 -9999.0 -9999.0 -9999.0 -9999.0 00.54 00.64 00.63 00.63 00.47 00.41 00.44 00.43 00.22 00.27 00.24 00.16 00.32 00.53 00.50 00.51 00.51 00.51 00.51 00.73 00.76 00.78 00.79 00.80 00.79 00.75 00.59 00.54 00.51 00.50 00.52 00.73 00.83 00.77 00.79 00.79 00.79 00.79 00.79 00.79 00.79 00.78 00.77 00.73 00.77 00.77 00.77 00.77 00.77 00.67 00.66 00.64 00.61 00.59 00.56
-9999.0 -9999.0 -9999.0 -9999.0 -9999.0 -9999.0 -9999.0 -9999.0 -9999.0 -9999.0 -9999.0 -9999.0 -9999.0 -9999.0 00.58 00.62 00.64 00.57 00.47 00.42 00.43 00.38 00.47 00.53 00.47 00.33 00.50 00.75 00.82 00.78 00.52 00.53 00.53 00.70 00.75 00.77 00.78 00.80 00.80 00.75 00.87 01.38 00.77 01.00 01.01 01.04 01.05 00.75 00.78 00.79 00.78 00.77 00.75 00.78 00.78 00.77 00.77 00.77 00.77 00.77 00.77 00.77 00.77 00.75 00.67 00.61 00.59 00.55 00.51
-9999.0 -9999.0 -9999.0 -9999.0 -9999.0 -9999.0 -9999.0 -9999.0 -9999.0 -9999.0 -9999.0 -9999.0 -9999.0 -9999.0 00.60 00.64 00.66 00.58 00.48 00.42 00.42 00.40 00.44 00.53 00.49 00.45 00.43 00.49 00.82 00.85 00.53 00.54 00.55 00.62 00.71 00.76 00.78 00.80 00.80 00.76 01.45 01.36 01.03 01.35 01.01 01.01 01.05 00.74 00.66 00.78 00.78 00.78 00.78 00.77 00.77 -9999.00 -9999.00 -9999.00 -9999.0 -9999.0 -9999.0 -9999.0 -9999.0 -9999.0 -9999.00 00.58 00.52 00.50 00.50
-9999.0 -9999.0 -9999.0 -9999.0 -9999.0 -9999.0 -9999.0 -9999.0 -9999.0 -9999.0 -9999.0 -9999.0 -9999.0 -9999.0 00.60 00.64 00.66 00.67 00.49 00.32 00.43 00.42 00.35 00.53 00.54 00.50 00.39 00.48 00.81 00.84 00.62 00.54 00.56 00.74 00.89 00.74 00.77 00.79 00.80 00.83 01.32 01.19 00.97 01.38 01.26 01.00 01.00 00.70 00.75 00.77 -9999.00 -9999.00 -9999.00 -9999.0 -9999.0 -9999.0 -9999.0 -9999.0 -9999.0 -9999.0 -9999.0 -9999.0 -9999.0 -9999.0 -9999.0 00.56 00.48 00.48 00.48
-9999.0 -9999.0 -9999.0 -9999.0 -9999.0 -9999.0 -9999.0 -9999.0 -9999.0 -9999.0 -9999.0 -9999.0 -9999.0 -9999.0 00.57 00.67 00.66 00.67 00.50 00.33 00.43 00.43 00.34 00.52 00.54 00.48 00.43 00.44 00.80 00.81 00.77 00.79 00.83 00.84 01.00 00.71 00.75 00.78 00.80 00.77 00.73 00.74 00.92 01.37 01.37 01.19 00.99 00.73 -9999.00 -9999.0 -9999.0 -9999.0 -9999.0 -9999.0 -9999.0 -9999.0 -9999.0 -9999.0 -9999.0 -9999.0 -9999.0 -9999.0 -9999.0 -9999.0 -9999.00 -9999.00 00.46 00.71 00.67
-9999.0 -9999.0 -9999.0 -9999.0 -9999.0 -9999.0 -9999.0 -9999.0 -9999.0 -9999.0 -9999.0 -9999.0 -9999.0 -9999.0 00.51 00.66 00.66 00.66 00.51 00.44 00.46 00.44 00.41 00.42 00.52 00.52 00.46 00.38 00.53 00.70 00.72 00.83 00.86 00.94 00.99 00.70 00.73 00.76 00.79 00.77 00.72 00.82 01.38 01.36 01.36 01.33 00.99 -9999.00 -9999.0 -9999.0 -9999.0 -9999.0 -9999.0 -9999.0 -9999.0 -9999.0 -9999.0 -9999.0 -9999.0 -9999.0 -9999.0 -9999.0 -9999.0 -9999.00 -9999.00 00.70 00.66 00.68 00.65
-9999.0 -9999.0 -9999.0 -9999.0 -9999.0 -9999.0 -9999.0 -9999.0 -9999.0 -9999.0 -9999.0 -9999.0 -9999.0 -9999.0 00.27 00.64 00.65 00.66 00.59 00.49 00.38 00.44 00.43 00.22 00.50 00.53 00.49 00.43 00.38 00.49 00.81 00.84 00.86 00.90 00.94 00.67 00.70 00.74 00.78 00.77 00.69 00.83 01.40 01.36 01.34 01.32 -9999.00 -9999.0 -9999.0 -9999.0 -9999.0 -9999.0 -9999.0 -9999.0 -9999.0 -9999.0 -9999.0 -9999.0 -9999.0 -9999.0 -9999.0 -9999.0 -9999.00 -9999.00 00.75 00.71 00.66 00.66 00.63
-9999.0 -9999.0 -9999.0 -9999.0 -9999.0 -9999.0 -9999.0 -9999.0 -9999.0 -9999.0 -9999.0 -9999.0 -9999.0 -9999.0 -9999.0 00.61 00.65 00.66 00.65 00.46 00.34 00.45 00.44 00.38 00.48 00.53 00.52 00.52 00.41 00.46 00.81 00.84 00.86 00.93 00.96 00.64 00.67 00.71 00.76 00.77 00.66 00.79 01.40 01.36 01.32 -9999.00 -9999.0 -9999.0 -9999.0 -9999.0 -9999.0 -9999.0 -9999.0 -9999.0 -9999.0 -9999.0 -9999.0 -9999.0 -9999.0 -9999.0 -9999.0 -9999.0 00.56 00.72 00.74 00.68 00.66 00.64 00.61
-9999.0 -9999.0 -9999.0 -9999.0 -9999.0 -9999.0 -9999.0 -9999.0 -9999.0 -9999.0 -9999.0 -9999.0 -9999.0 -9999.0 -9999.0 00.60 00.61 00.62 00.50 00.43 00.43 00.44 00.43 00.34 00.46 00.55 00.53 00.52 00.41 00.46 00.81 00.84 00.86 00.88 00.92 00.61 00.63 00.67 00.72 00.78 00.94 00.93 01.39 01.35 -9999.00 -9999.0 -9999.0 -9999.0 -9999.0 -9999.0 -9999.0 -9999.0 -9999.0 -9999.0 -9999.0 -9999.0 -9999.0 -9999.0 -9999.0 -9999.0 -9999.0 -9999.0 -9999.00 00.74 00.74 00.67 00.66 00.62 00.56
-9999.0 -9999.0 -9999.0 -9999.0 -9999.0 -9999.0 -9999.0 -9999.0 00.39 00.45 00.47 00.48 00.46 00.41 00.53 00.62 00.62 00.62 00.47 00.25 00.43 00.43 00.35 00.45 00.53 00.55 00.51 00.51 00.43 00.43 00.81 00.84 00.86 00.87 00.88 00.55 00.58 00.61 00.68 00.74 01.32 01.36 01.35 -9999.00 -9999.0 -9999.0 -9999.0 -9999.0 -9999.0 -9999.0 -9999.0 -9999.0 -9999.0 -9999.0 -9999.0 -9999.0 -9999.0 -9999.0 -9999.0 -9999.0 -9999.0 -9999.0 -9999.00 00.74 00.73 00.65 00.62 00.55 00.52
-9999.0 -9999.0 -9999.0 -9999.0 -9999.0 00.35 00.53 00.55 00.53 00.53 00.53 00.52 00.51 00.49 00.47 00.59 00.63 00.49 00.42 00.45 00.44 00.40 00.40 00.53 00.54 00.48 00.46 00.40 00.18 00.38 00.78 00.81 00.84 00.86 01.00 00.97 00.51 00.54 00.68 00.85 00.84 -9999.00 -9999.0 -9999.0 -9999.0 -9999.0 -9999.0 -9999.0 -9999.0 -9999.0 -9999.0 -9999.0 -9999.0 -9999.0 -9999.0 -9999.0 -9999.0 -9999.0 -9999.0 -9999.0 -9999.0 -9999.0 -9999.0 -9999.00 -9999.00 00.80 00.65 00.51 00.47
-9999.0 -9999.0 -9999.0 -9999.0 00.43 00.59 00.62 00.60 00.56 00.49 00.46 00.46 00.45 00.44 00.43 00.47 00.63 00.48 00.18 00.42 00.42 00.20 00.50 00.53 00.49 00.43 00.41 00.53 00.57 00.58 00.80 00.83 00.85 00.93 01.03 01.27 01.38 01.24 01.19 -9999.00 -9999.0 -9999.0 -9999.0 -9999.0 -9999.0 -9999.0 -9999.0 -9999.0 -9999.0 -9999.0 -9999.0 -9999.0 -9999.0 -9999.0 -9999.0 -9999.0 -9999.0 -9999.0 -9999.0 -9999.0 -9999.0 -9999.0 -9999.0 -9999.0 -9999.0 -9999.00 00.81 00.53 00.51
-9999.0 -9999.0 -9999.0 00.13 00.60 00.65 00.66 00.62 00.49 00.42 00.31 00.28 00.37 00.35 00.31 00.41 00.60 00.46 00.41 00.43 00.41 00.41 00.52 00.48 00.44 00.35 00.53 00.66 00.64 00.63 00.63 00.84 00.86 00.93 00.99 01.05 01.31 01.27 -9999.00 -9999.0 -9999.0 -9999.0 -9999.0 -9999.0 -9999.0 -9999.0 -9999.0 -9999.0 -9999.0 -9999.0 -9999.0 -9999.0 -9999.0 -9999.0 -9999.0 -9999.0 -9999.0 -9999.0 -9999.0 -9999.0 -9999.0 -9999.0 -9999.0 -9999.0 -9999.0 -9999.0 00.76 00.49 00.48
-9999.0 -9999.0 -9999.0 00.53 00.63 00.66 00.65 00.49 00.38 00.44 00.48 00.49 00.50 00.52 00.55 00.48 00.37 00.43 00.44 00.42 00.34 00.47 00.52 00.47 00.29 00.50 00.75 00.75 00.73 00.67 00.67 00.63 00.86 00.88 00.91 00.96 01.04 01.27 -9999.00 -9999.0 -9999.0 -9999.0 -9999.0 -9999.0 -9999.0 -9999.0 -9999.0 -9999.0 -9999.0 -9999.0 -9999.0 -9999.0 -9999.0 -9999.0 -9999.0 -9999.0 -9999.0 -9999.0 -9999.0 -9999.0 -9999.0 -9999.0 -9999.0 -9999.0 -9999.0 -9999.00 00.68 00.44 00.91
-9999.0 -9999.0 00.30 00.61 00.64 00.67 00.52 00.42 00.42 00.45 00.47 00.48 00.50 00.53 00.55 00.62 00.48 00.16 00.42 00.41 00.06 00.51 00.52 00.44 00.37 00.63 00.79 00.82 00.82 01.38 01.45 01.38 00.58 00.92 00.97 00.86 00.89 00.64 -9999.0 -9999.0 -9999.0 -9999.0 -9999.0 -9999.0 -9999.0 -9999.0 -9999.0 -9999.0 -9999.0 -9999.0 -9999.0 -9999.0 -9999.0 -9999.0 -9999.0 -9999.0 -9999.0 -9999.0 -9999.0 -9999.0 -9999.0 -9999.0 -9999.0 -9999.0 -9999.00 -9999.00 01.42 01.42 01.42
-9999.0 -9999.0 00.53 00.66 00.68 00.66 00.49 00.25 00.43 00.42 00.39 00.39 00.45 00.51 00.58 00.49 00.50 00.52 00.43 00.40 00.38 00.51 00.48 00.42 00.45 00.79 00.81 00.84 00.93 01.29 02.01 01.38 00.98 01.04 01.22 01.29 00.90 00.71 -9999.0 -9999.0 -9999.0 -9999.0 -9999.0 -9999.0 -9999.0 -9999.0 -9999.0 -9999.0 -9999.0 -9999.0 -9999.0 -9999.0 -9999.0 -9999.0 -9999.0 -9999.0 -9999.0 -9999.0 -9999.0 -9999.0 -9999.0 -9999.0 -9999.0 -9999.00 -9999.00 00.72 01.40 01.41 01.41
