tests/Case_5_FlameLength.asc
NCOLS 354
NROWS 235
XLLCORNER 2900300.000000
YLLCORNER 2159500.000000
CELLSIZE 100.000000
NODATA_VALUE -9999.0
[rows 31 to 61 of 235, columns 136 to 203 of 354]
00.33 00.40 00.50 00.43 00.31 00.40 00.41 00.31 00.37 00.39 00.36 00.31 00.28 00.33 02.97 03.73 00.66 00.65 00.69 00.73 00.72 00.73 00.57 00.65 00.84 00.60 00.46 00.55 00.63 01.00 00.71 00.62 00.62 00.64 02.72 03.86 04.01 04.13 04.11 03.77 03.43 -9999.0 -9999.0 -9999.0 -9999.0 -9999.0 -9999.0 -9999.0 -9999.0 -9999.0 -9999.0 -9999.0 -9999.0 -9999.0 -9999.0 -9999.0 -9999.0 -9999.0 -9999.0 -9999.0 -9999.0 -9999.0 -9999.0 -9999.0 -9999.0 -9999.0 -9999.0 -9999.0
00.38 00.42 00.54 00.45 00.33 00.39 00.38 00.30 00.34 00.39 00.34 00.29 00.28 00.35 00.34 00.29 00.67 00.63 00.70 00.73 00.73 00.69 00.50 00.69 00.73 00.61 00.50 00.54 00.61 00.73 00.69 00.78 00.64 00.69 00.85 00.78 05.23 04.83 04.70 04.19 02.41 02.50 02.50 02.46 02.34 02.51 02.78 02.91 02.89 02.15 -9999.0 -9999.0 -9999.0 -9999.0 -9999.0 -9999.0 -9999.0 -9999.0 -9999.0 -9999.0 -9999.0 -9999.0 -9999.0 -9999.0 -9999.0 -9999.0 -9999.0 -9999.0
00.38 00.41 00.60 00.44 00.30 00.37 00.31 00.28 00.31 00.36 00.34 00.23 00.27 00.33 00.33 00.31 00.63 00.67 00.76 00.77 00.73 00.61 00.78 01.20 00.90 00.63 00.45 00.51 00.58 00.67 00.81 01.04 00.84 00.59 00.63 00.67 06.36 06.11 05.04 03.24 02.49 02.37 02.25 02.24 02.44 02.86 03.38 03.15 02.81 02.08 -9999.0 -9999.0 -9999.0 -9999.0 -9999.0 -9999.0 -9999.0 -9999.0 -9999.0 -9999.0 -9999.0 -9999.0 -9999.0 -9999.0 -9999.0 -9999.0 -9999.0 -9999.0
00.36 00.41 00.48 00.39 00.35 00.34 00.29 00.30 00.27 00.26 00.29 00.23 00.29 00.17 00.30 00.28 00.61 00.49 00.70 00.73 00.66 00.49 00.72 00.79 00.81 00.76 00.46 00.49 00.52 00.57 00.65 01.19 01.19 00.75 00.62 00.60 03.14 04.93 04.46 01.62 02.45 02.43 02.53 02.62 02.81 02.92 03.46 04.09 03.88 03.44 02.10 -9999.0 -9999.0 -9999.0 -9999.0 -9999.0 -9999.0 -9999.0 -9999.0 -9999.0 -9999.0 -9999.0 -9999.0 -9999.0 -9999.0 -9999.0 -9999.0 -9999.0
00.36 00.62 00.71 00.63 00.63 00.61 00.55 00.55 00.40 00.45 00.65 01.06 01.40 01.27 01.00 00.91 00.74 00.38 00.62 00.66 00.52 00.77 00.71 00.86 00.83 00.71 00.42 00.44 00.43 00.43 00.49 00.98 01.28 01.01 00.69 00.60 00.28 00.26 00.21 00.25 00.31 02.18 02.84 03.08 03.37 03.37 03.40 03.95 03.99 03.67 02.88 -9999.0 -9999.0 -9999.0 -9999.0 -9999.0 -9999.0 -9999.0 -9999.0 -9999.0 -9999.0 -9999.0 -9999.0 -9999.0 -9999.0 -9999.0 -9999.0 -9999.0
00.37 00.65 00.73 00.66 00.59 00.59 00.54 00.41 00.54 00.68 01.01 01.44 01.44 01.23 00.95 00.89 00.85 00.50 00.55 00.52 00.64 00.69 00.81 00.91 00.67 00.59 00.44 00.46 00.55 00.51 00.64 00.90 01.28 01.05 00.70 00.59 00.44 00.38 00.37 00.31 00.33 02.69 02.98 03.27 03.27 03.27 03.34 04.41 04.04 03.55 03.02 -9999.0 -9999.0 -9999.0 -9999.0 -9999.0 -9999.0 -9999.0 -9999.0 -9999.0 -9999.0 -9999.0 -9999.0 -9999.0 -9999.0 -9999.0 -9999.0 -9999.0
00.40 00.65 00.82 00.69 00.55 00.61 00.47 00.64 00.74 01.05 01.59 01.43 01.23 00.97 00.89 01.51 00.91 00.55 00.43 00.53 00.59 00.77 00.82 00.76 00.65 00.69 00.63 00.59 00.72 00.88 00.97 00.97 01.04 00.76 00.58 00.75 00.79 00.74 00.71 00.38 00.42 00.42 00.35 00.31 00.32 00.31 00.20 -9999.0 -9999.0 -9999.0 -9999.0 -9999.0 -9999.0 -9999.0 -9999.0 -9999.0 -9999.0 -9999.0 -9999.0 -9999.0 -9999.0 -9999.0 -9999.0 -9999.0 -9999.0 -9999.0 -9999.0 -9999.0
00.31 00.63 00.79 00.69 00.62 00.49 00.62 00.70 00.81 01.53 01.72 01.42 01.00 00.85 00.76 01.05 00.82 00.62 00.29 00.40 00.61 00.77 00.53 00.57 00.73 00.85 00.90 00.66 00.53 00.48 00.54 00.59 00.66 00.67 00.77 00.89 00.90 00.89 00.86 00.53 00.53 00.55 00.39 00.35 00.33 00.32 00.32 00.31 00.19 -9999.0 -9999.0 -9999.0 -9999.0 -9999.0 -9999.0 -9999.0 -9999.0 -9999.0 -9999.0 -9999.0 -9999.0 -9999.0 -9999.0 -9999.0 -9999.0 -9999.0 -9999.0 -9999.0
00.24 00.28 00.54 00.47 00.34 00.40 00.87 00.68 00.81 01.51 01.58 01.25 00.90 00.76 00.59 00.67 00.69 00.71 00.71 00.52 00.57 00.38 00.52 00.64 00.92 01.19 01.06 01.04 00.88 00.88 01.19 01.02 00.82 00.85 01.32 01.65 01.42 01.19 00.84 00.60 00.53 00.38 00.48 00.50 00.43 00.37 00.37 00.37 00.34 00.29 -9999.0 -9999.0 -9999.0 -9999.0 -9999.0 -9999.0 -9999.0 -9999.0 -9999.0 -9999.0 -9999.0 -9999.0 -9999.0 -9999.0 -9999.0 -9999.0 -9999.0 -9999.0
00.30 00.51 00.31 00.56 00.56 00.54 00.68 00.85 00.73 01.20 01.63 00.96 00.74 00.66 00.35 00.39 00.64 00.73 00.87 00.74 00.91 00.81 00.49 00.58 00.84 00.95 00.97 00.97 00.96 00.92 01.02 01.03 00.96 00.86 02.06 02.07 01.69 01.06 00.89 00.76 00.68 00.35 00.41 00.49 00.45 00.41 00.41 00.42 00.43 00.40 00.35 -9999.0 -9999.0 -9999.0 -9999.0 -9999.0 -9999.0 -9999.0 -9999.0 -9999.0 -9999.0 -9999.0 -9999.0 -9999.0 -9999.0 -9999.0 -9999.0 -9999.0
00.47 00.65 00.45 00.58 00.71 00.71 00.74 00.72 00.59 00.77 00.92 00.72 00.64 00.65 00.44 00.45 00.64 00.57 00.62 00.90 00.98 00.68 00.13 00.62 00.81 00.83 00.86 00.90 00.87 00.89 01.00 01.01 00.97 00.96 02.40 01.78 01.47 00.91 00.87 00.85 00.72 00.40 00.42 00.47 00.47 00.42 00.43 00.46 00.45 00.42 00.38 00.15 -9999.0 -9999.0 -9999.0 -9999.0 -9999.0 -9999.0 -9999.0 -9999.0 -9999.0 -9999.0 -9999.0 -9999.0 -9999.0 -9999.0 -9999.0 -9999.0
00.36 00.57 00.60 00.68 00.79 00.86 00.83 00.70 00.70 00.70 00.58 00.40 00.48 00.45 00.40 00.58 00.49 00.44 00.39 00.74 00.76 00.61 00.34 00.51 00.56 00.63 00.71 00.78 00.80 00.82 00.89 00.90 00.91 01.06 01.74 01.19 01.00 00.95 00.91 01.01 00.93 00.61 00.45 00.52 00.49 00.44 00.48 00.49 00.42 00.40 00.37 00.31 00.26 00.14 -9999.0 -9999.0 -9999.0 -9999.0 -9999.0 -9999.0 -9999.0 -9999.0 -9999.0 -9999.0 -9999.0 -9999.0 -9999.0 -9999.0
00.35 00.69 00.67 00.71 00.74 00.77 00.72 00.69 00.54 00.59 00.59 00.53 00.54 00.42 00.38 00.55 00.52 00.45 00.44 00.76 00.81 00.70 00.34 00.52 00.50 00.56 00.51 00.55 00.60 00.64 00.69 00.72 00.73 00.89 01.04 00.97 01.24 00.88 01.02 01.31 01.01 00.53 00.51 00.54 00.46 00.44 00.53 00.57 00.44 00.39 00.39 00.40 00.41 00.37 00.37 00.31 -9999.0 -9999.0 -9999.0 -9999.0 -9999.0 -9999.0 -9999.0 -9999.0 -9999.0 -9999.0 -9999.0 -9999.0
00.40 00.66 00.73 00.79 00.77 00.79 00.76 00.72 00.68 00.63 00.68 00.57 00.53 00.42 00.41 00.42 00.52 00.43 00.42 00.77 00.82 00.56 00.52 00.51 00.62 00.63 00.63 00.62 00.76 00.75 00.72 00.74 00.49 00.47 00.55 00.91 01.67 00.86 00.96 01.04 00.80 00.55 00.49 00.54 00.48 00.56 00.53 00.54 00.41 00.43 00.43 00.47 00.53 00.52 00.49 00.45 00.32 -9999.0 -9999.0 -9999.0 -9999.0 -9999.0 -9999.0 -9999.0 -9999.0 -9999.0 -9999.0 -9999.0
00.63 01.29 01.61 01.43 01.04 00.87 00.91 00.81 00.96 00.34 00.53 00.61 00.66 00.46 00.39 00.38 00.52 00.46 00.44 00.43 00.41 00.52 00.24 00.29 00.70 00.68 00.68 00.70 00.74 00.74 00.66 00.68 00.68 00.66 02.50 01.93 00.79 00.73 00.96 00.95 00.67 00.60 00.67 00.75 00.82 00.74 00.40 00.37 00.40 00.47 00.43 00.42 00.42 00.41 00.43 00.44 00.43 00.40 00.36 -9999.0 -9999.0 -9999.0 -9999.0 -9999.0 -9999.0 -9999.0 -9999.0 -9999.0
00.87 01.18 01.70 01.79 01.59 01.32 01.02 00.86 00.78 00.39 00.54 00.66 00.67 00.48 00.39 00.42 00.36 00.58 00.50 00.49 00.54 00.46 00.35 00.32 00.50 00.54 00.67 00.68 00.80 00.83 00.65 00.68 00.67 00.68 03.32 02.93 00.48 00.67 01.01 01.45 00.84 00.61 00.60 00.64 00.69 00.65 00.33 00.36 00.36 00.39 00.39 00.39 00.39 00.36 00.39 00.45 00.46 00.48 00.44 -9999.0 -9999.0 -9999.0 -9999.0 -9999.0 -9999.0 -9999.0 -9999.0 -9999.0
01.32 00.96 00.95 00.95 00.96 01.35 -9999.00 -9999.00 -9999.00 -9999.00 00.56 00.61 00.67 00.64 00.69 00.60 00.88 00.94 00.92 00.89 00.88 00.81 00.93 00.59 00.25 00.53 00.55 00.59 00.64 00.57 00.56 00.61 00.64 00.67 03.14 03.28 02.76 01.69 05.69 02.05 01.86 01.02 00.90 00.76 00.65 00.63 00.35 00.37 00.39 00.41 00.40 00.45 00.49 00.39 00.36 00.47 00.52 00.47 00.32 -9999.0 -9999.0 -9999.0 -9999.0 -9999.0 -9999.0 -9999.0 -9999.0 -9999.0
01.26 00.94 00.97 00.93 -9999.00 -9999.0 -9999.0 -9999.0 -9999.0 -9999.0 -9999.00 -9999.00 00.67 00.69 00.80 00.60 00.77 00.96 00.93 00.93 00.92 00.91 00.92 00.70 00.32 00.60 00.67 00.71 00.79 00.60 00.57 00.54 00.57 00.62 03.18 04.00 03.38 02.30 03.95 01.91 01.54 01.21 01.25 00.96 00.79 00.63 00.34 00.40 00.50 00.50 00.44 00.50 00.54 00.39 00.37 00.43 00.47 00.42 00.29 -9999.0 -9999.0 -9999.0 -9999.0 -9999.0 -9999.0 -9999.0 -9999.0 -9999.0
01.28 00.99 -9999.00 -9999.0 -9999.0 -9999.0 -9999.0 -9999.0 -9999.0 -9999.0 -9999.0 -9999.0 -9999.00 -9999.00 00.90 00.59 00.80 00.82 00.74 00.78 00.87 00.82 00.76 00.41 00.51 00.65 00.78 00.79 00.61 00.58 00.53 00.48 00.46 00.49 03.07 04.71 03.58 02.96 01.93 00.89 00.94 01.01 00.99 01.04 00.90 00.60 00.42 00.45 00.49 00.50 00.46 00.53 00.53 00.42 00.37 00.39 00.45 00.44 00.40 00.25 -9999.0 -9999.0 -9999.0 -9999.0 -9999.0 -9999.0 -9999.0 -9999.0
00.93 -9999.00 -9999.0 -9999.0 -9999.0 -9999.0 -9999.0 -9999.0 -9999.0 -9999.0 -9999.0 -9999.0 -9999.0 -9999.0 00.99 00.67 00.51 00.52 00.72 00.66 00.61 00.54 00.46 00.32 00.67 00.68 00.81 00.81 00.63 00.59 00.50 02.31 01.53 00.70 00.43 00.64 03.14 02.99 02.10 00.93 01.51 01.38 01.33 01.01 00.95 00.65 00.45 00.47 00.44 00.45 00.47 00.57 00.50 00.41 00.39 00.39 00.43 00.46 00.47 00.39 -9999.0 -9999.0 -9999.0 -9999.0 -9999.0 -9999.0 -9999.0 -9999.0
-9999.00 -9999.0 -9999.0 -9999.0 -9999.0 -9999.0 -9999.0 -9999.0 -9999.0 -9999.0 -9999.0 -9999.0 -9999.0 -9999.0 -9999.00 01.27 00.85 00.71 00.74 00.74 00.67 00.65 00.66 00.57 00.28 00.52 00.59 00.60 00.66 00.57 00.46 01.20 00.52 00.53 00.62 00.36 02.93 03.06 01.67 00.98 01.41 01.27 00.82 00.89 00.91 00.63 00.50 00.36 00.39 00.38 00.46 00.52 00.44 00.46 00.53 00.45 00.43 00.48 00.46 00.38 -9999.0 -9999.0 -9999.0 -9999.0 -9999.0 -9999.0 -9999.0 -9999.0
-9999.0 -9999.0 -9999.0 -9999.0 -9999.0 -9999.0 -9999.0 -9999.0 -9999.0 -9999.0 -9999.0 -9999.0 -9999.0 -9999.0 -9999.0 -9999.00 00.92 00.90 00.85 00.71 00.85 00.77 00.80 00.70 00.53 00.41 00.58 00.62 00.77 00.53 00.43 00.53 00.59 00.84 01.20 01.30 00.60 00.57 00.46 00.74 00.65 00.72 00.79 00.86 00.86 00.69 00.45 00.41 00.42 00.62 00.72 00.93 00.77 00.74 00.51 00.40 00.38 00.39 00.37 00.28 -9999.0 -9999.0 -9999.0 -9999.0 -9999.0 -9999.0 -9999.0 -9999.0
-9999.0 -9999.0 -9999.0 -9999.0 -9999.0 -9999.0 -9999.0 -9999.0 -9999.0 -9999.0 -9999.0 -9999.0 -9999.0 -9999.0 -9999.0 -9999.0 -9999.00 00.81 00.89 00.87 00.60 00.85 00.89 00.82 00.66 00.37 00.61 00.66 00.64 00.53 00.44 00.62 00.87 00.95 00.87 02.55 00.45 00.45 00.61 00.56 00.58 00.69 00.81 00.82 00.77 00.84 00.75 00.68 00.53 00.69 00.71 01.28 00.97 00.93 00.55 00.44 00.39 00.40 00.39 00.34 -9999.0 -9999.0 -9999.0 -9999.0 -9999.0 -9999.0 -9999.0 -9999.0
-9999.0 -9999.0 -9999.0 -9999.0 -9999.0 -9999.0 -9999.0 -9999.0 -9999.0 -9999.0 -9999.0 -9999.0 -9999.0 -9999.0 -9999.0 -9999.0 -9999.0 -9999.00 00.78 00.81 00.68 00.92 00.98 00.99 00.77 00.59 00.37 00.40 00.59 00.55 00.46 00.62 01.06 02.03 03.44 02.76 00.47 00.40 00.40 00.47 00.55 00.79 00.88 00.77 00.70 00.86 00.68 00.67 00.59 00.71 00.71 01.24 01.20 00.93 00.56 00.50 00.48 00.40 00.38 00.35 -9999.0 -9999.0 -9999.0 -9999.0 -9999.0 -9999.0 -9999.0 -9999.0
-9999.0 -9999.0 -9999.0 -9999.0 -9999.0 -9999.0 -9999.0 -9999.0 -9999.0 -9999.0 -9999.0 -9999.0 -9999.0 -9999.0 -9999.0 -9999.0 -9999.0 -9999.0 -9999.00 00.81 00.77 00.84 00.89 00.97 00.43 00.39 00.36 00.21 00.23 00.34 00.31 00.31 00.30 00.25 01.61 02.28 02.53 03.02 03.19 03.06 01.38 00.61 00.91 00.60 00.39 00.51 00.54 00.47 00.44 00.58 00.69 00.92 00.90 00.82 00.58 00.46 00.43 00.41 00.39 00.39 00.32 -9999.0 -9999.0 -9999.0 -9999.0 -9999.0 -9999.0 -9999.0
-9999.0 -9999.0 -9999.0 -9999.0 -9999.0 -9999.0 -9999.0 -9999.0 -9999.0 -9999.0 -9999.0 -9999.0 -9999.0 -9999.0 -9999.0 -9999.0 -9999.0 -9999.0 -9999.0 00.86 00.79 00.56 00.76 00.70 00.49 00.52 00.46 00.40 00.31 00.10 00.35 00.28 00.30 00.32 02.29 02.65 02.82 02.90 03.05 03.08 03.19 00.42 00.56 00.62 00.35 00.42 00.33 00.33 00.36 00.72 00.91 00.91 00.79 00.75 00.42 00.41 00.41 00.42 00.43 00.46 00.36 -9999.0 -9999.0 -9999.0 -9999.0 -9999.0 -9999.0 -9999.0
-9999.0 -9999.0 -9999.0 -9999.0 -9999.0 -9999.0 -9999.0 -9999.0 -9999.0 -9999.0 -9999.0 -9999.0 -9999.0 -9999.0 -9999.0 -9999.0 -9999.0 -9999.0 -9999.0 -9999.00 00.76 00.36 00.47 00.48 00.48 00.49 00.49 00.47 00.43 00.31 00.25 02.68 02.47 02.30 02.75 03.03 03.09 03.13 03.26 03.18 02.81 03.11 00.60 00.72 00.27 00.29 00.61 00.72 00.64 00.73 00.99 00.98 00.89 00.84 00.54 00.53 00.49 00.49 00.47 00.36 -9999.0 -9999.0 -9999.0 -9999.0 -9999.0 -9999.0 -9999.0 -9999.0
-9999.0 -9999.0 -9999.0 -9999.0 -9999.0 -9999.0 -9999.0 -9999.0 -9999.0 -9999.0 -9999.0 -9999.0 -9999.0 -9999.0 -9999.0 -9999.0 -9999.0 -9999.0 -9999.0 -9999.0 -9999.00 00.32 00.29 00.29 00.48 00.50 00.51 00.49 00.47 00.41 00.23 02.62 02.49 02.78 03.11 03.35 03.29 03.31 03.31 02.94 02.71 03.02 01.89 00.45 00.25 00.40 00.83 00.67 00.61 00.62 00.78 00.90 00.91 00.79 00.48 00.41 00.37 00.36 00.32 -9999.0 -9999.0 -9999.0 -9999.0 -9999.0 -9999.0 -9999.0 -9999.0 -9999.0
-9999.0 -9999.0 -9999.0 -9999.0 -9999.0 -9999.0 -9999.0 -9999.0 -9999.0 -9999.0 -9999.0 -9999.0 -9999.0 -9999.0 -9999.0 -9999.0 -9999.0 -9999.0 -9999.0 -9999.0 -9999.0 -9999.0 -9999.00 00.30 00.29 00.51 00.52 00.44 00.46 00.40 00.36 02.28 03.08 03.35 03.57 03.71 03.35 03.21 02.96 02.84 03.04 03.61 03.47 00.91 00.28 00.40 00.68 00.60 00.52 00.54 00.97 00.80 00.78 00.62 00.35 00.37 00.40 00.43 -9999.0 -9999.0 -9999.0 -9999.0 -9999.0 -9999.0 -9999.0 -9999.0 -9999.0 -9999.0
-9999.0 -9999.0 -9999.0 -9999.0 -9999.0 -9999.0 -9999.0 -9999.0 -9999.0 -9999.0 -9999.0 -9999.0 -9999.0 -9999.0 -9999.0 -9999.0 -9999.0 -9999.0 -9999.0 -9999.0 -9999.0 -9999.0 -9999.0 -9999.00 00.30 00.29 00.45 00.49 00.74 03.79 04.09 03.92 04.03 04.11 04.25 04.51 04.56 03.88 02.95 03.42 03.55 00.29 00.31 00.25 00.32 00.44 00.44 00.40 00.36 00.53 00.79 01.57 00.99 00.77 00.58 00.50 00.46 00.42 -9999.0 -9999.0 -9999.0 -9999.0 -9999.0 -9999.0 -9999.0 -9999.0 -9999.0 -9999.0
-9999.0 -9999.0 -9999.0 -9999.0 -9999.0 -9999.0 -9999.0 -9999.0 -9999.0 -9999.0 -9999.0 -9999.0 -9999.0 -9999.0 -9999.0 -9999.0 -9999.0 -9999.0 -9999.0 -9999.0 -9999.0 -9999.0 -9999.0 -9999.0 -9999.00 00.30 00.30 00.29 00.72 04.34 04.93 04.69 04.59 05.22 04.95 04.78 03.60 04.30 04.49 04.39 03.18 00.24 00.39 00.37 00.42 00.46 00.46 00.40 00.40 00.60 00.70 01.04 00.77 00.74 00.48 00.46 00.42 00.28 -9999.0 -9999.0 -9999.0 -9999.0 -9999.0 -9999.0 -9999.0 -9999.0 -9999.0 -9999.0
