tests/Case_5_ArrivalTime.asc
NCOLS 354
NROWS 235
XLLCORNER 2900300.000000
YLLCORNER 2159500.000000
CELLSIZE 100.000000
NODATA_VALUE -9999.0
[rows 30 to 59 of 235, columns 69 to 137 of 354]
-9999.0 -9999.0 -9999.0 -9999.0 -9999.0 -9999.0 -9999.0 -9999.0 -9999.0 -9999.0 -9999.0 -9999.0 -9999.0 -9999.0 -9999.0 -9999.0 -9999.0 -9999.0 -9999.0 -9999.0 -9999.0 -9999.0 -9999.0 -9999.0 -9999.0 -9999.0 -9999.0 01806.500 01748.437 01724.243 01736.915 01689.752 01671.882 01673.386 01687.922 01691.946 01714.884 01746.251 01803.345 01795.117 01746.005 01718.090 01713.357 01757.744 01730.715 01685.451 01694.466 01715.927 01764.096 01837.605 01904.650 -9999.0 -9999.0 -9999.0 -9999.0 -9999.0 -9999.0 -9999.0 -9999.0 -9999.0 -9999.0 -9999.0 01784.265 01739.573 01722.289 01710.787 01688.548 01633.364 01586.982
-9999.0 -9999.0 -9999.0 -9999.0 -9999.0 -9999.0 -9999.0 -9999.0 -9999.0 -9999.0 -9999.0 -9999.0 -9999.0 -9999.0 -9999.0 -9999.0 -9999.0 -9999.0 -9999.0 -9999.0 -9999.0 -9999.0 -9999.0 -9999.0 -9999.0 -9999.0 01804.110 01710.489 01645.978 01632.675 01660.824 01612.089 01615.636 01640.650 01648.063 01652.740 01671.476 01701.878 01746.591 01737.704 01670.889 01640.560 01643.065 01692.300 01666.525 01617.656 01630.225 01652.849 01703.020 01771.932 01838.980 -9999.0 -9999.0 -9999.0 -9999.0 -9999.0 -9999.0 -9999.0 -9999.0 -9999.0 -9999.0 01843.164 01759.658 01706.199 01671.491 01657.960 01614.891 01562.431 01544.089
-9999.0 -9999.0 -9999.0 -9999.0 -9999.0 -9999.0 -9999.0 -9999.0 -9999.0 -9999.0 -9999.0 -9999.0 -9999.0 -9999.0 -9999.0 -9999.0 -9999.0 -9999.0 -9999.0 -9999.0 -9999.0 -9999.0 -9999.0 -9999.0 -9999.0 01788.011 01708.377 01624.532 01569.225 01562.651 01554.323 01545.112 01582.776 01606.947 01606.446 01617.706 01639.155 01669.880 01707.318 01666.044 01617.590 01583.114 01593.776 01600.812 01580.589 01575.263 01580.474 01598.004 01657.337 01724.596 01800.810 01927.358 -9999.0 -9999.0 -9999.0 -9999.0 -9999.0 -9999.0 -9999.0 -9999.0 -9999.0 01814.715 01741.200 01672.398 01623.654 01589.472 01533.265 01497.926 01500.155
-9999.0 -9999.0 -9999.0 -9999.0 -9999.0 -9999.0 -9999.0 -9999.0 -9999.0 -9999.0 -9999.0 -9999.0 -9999.0 -9999.0 -9999.0 -9999.0 -9999.0 -9999.0 -9999.0 -9999.0 -9999.0 -9999.0 -9999.0 -9999.0 01817.681 01704.342 01623.885 01565.679 01507.244 01500.457 01492.642 01513.037 01547.518 01555.688 01565.355 01585.590 01609.315 01636.958 01645.810 01603.118 01556.347 01529.765 01532.499 01518.539 01498.841 01513.392 01536.536 01563.944 01626.702 01692.815 01775.239 01874.357 -9999.0 -9999.0 -9999.0 -9999.0 -9999.0 -9999.0 -9999.0 -9999.0 01870.146 01762.363 01727.193 01645.859 01575.990 01531.841 01471.568 01453.514 01462.473
-9999.0 -9999.0 -9999.0 -9999.0 -9999.0 -9999.0 -9999.0 -9999.0 -9999.0 -9999.0 -9999.0 -9999.0 -9999.0 -9999.0 -9999.0 -9999.0 -9999.0 -9999.0 -9999.0 -9999.0 -9999.0 -9999.0 -9999.0 01915.533 01735.680 01623.757 01543.718 01475.897 01457.278 01452.914 01463.380 01490.973 01501.756 01506.012 01525.688 01555.064 01579.699 01610.066 01564.377 01550.661 01496.610 01468.854 01452.148 01454.687 01419.109 01436.634 01472.601 01524.395 01591.945 01666.324 01758.340 01868.361 -9999.0 -9999.0 -9999.0 -9999.0 01862.451 01823.932 01817.407 01831.130 01805.484 01699.462 01662.875 01613.218 01537.267 01482.677 01426.848 01389.625 01429.185
-9999.0 -9999.0 -9999.0 -9999.0 -9999.0 -9999.0 -9999.0 -9999.0 -9999.0 -9999.0 -9999.0 -9999.0 -9999.0 -9999.0 -9999.0 -9999.0 -9999.0 -9999.0 -9999.0 -9999.0 -9999.0 -9999.0 -9999.0 01832.008 01705.720 01586.367 01496.202 01463.862 01446.360 01437.077 01442.669 01451.264 01442.600 01453.533 01490.878 01523.591 01553.008 01539.222 01486.656 01464.157 01439.688 01396.004 01366.634 01364.557 01350.452 01360.817 01397.723 01466.059 01548.197 01640.154 01749.670 01873.561 -9999.0 01963.338 01862.466 01814.717 01781.250 01758.921 01758.376 01771.182 01745.183 01652.639 01599.853 01554.767 01496.602 01434.092 01374.935 01326.564 01387.560
-9999.0 -9999.0 -9999.0 -9999.0 -9999.0 -9999.0 -9999.0 -9999.0 -9999.0 -9999.0 -9999.0 -9999.0 -9999.0 -9999.0 -9999.0 -9999.0 -9999.0 -9999.0 -9999.0 -9999.0 -9999.0 -9999.0 -9999.0 01828.639 01688.701 01576.461 01496.371 01464.404 01442.340 01422.894 01412.501 01399.926 01393.607 01416.634 01454.522 01476.849 01487.398 01462.343 01433.450 01401.673 01389.069 01341.536 01297.085 01274.979 01268.509 01273.972 01326.291 01406.768 01497.758 01600.992 01691.470 01791.849 01873.100 01850.273 01784.797 01751.316 01726.166 01709.579 01707.028 01726.640 01722.422 01604.824 01540.892 01486.273 01440.316 01375.582 01317.086 01280.260 01327.761
-9999.0 -9999.0 -9999.0 -9999.0 -9999.0 -9999.0 -9999.0 -9999.0 -9999.0 -9999.0 -9999.0 -9999.0 -9999.0 -9999.0 -9999.0 -9999.0 -9999.0 -9999.0 -9999.0 01949.759 01905.319 01920.696 -9999.0 01887.116 01740.362 01642.157 01570.451 01487.672 01439.067 01408.138 01377.895 01359.570 01356.485 01375.311 01397.317 01413.124 01418.254 01408.813 01383.282 01355.853 01333.452 01321.304 01265.516 01229.343 01219.892 01224.655 01280.710 01363.557 01458.525 01527.149 01607.410 01714.947 01790.364 01775.308 01715.845 01687.641 01662.487 01648.717 01650.299 01673.476 01655.932 01553.812 01481.767 01421.114 01371.498 01320.487 01259.507 01237.070 01272.619
-9999.0 -9999.0 -9999.0 -9999.0 -9999.0 -9999.0 -9999.0 -9999.0 -9999.0 -9999.0 -9999.0 -9999.0 -9999.0 -9999.0 -9999.0 01848.803 01911.687 -9999.0 01924.249 01837.145 01803.075 01823.236 01817.194 01779.650 01732.783 01687.487 01581.221 01497.769 01439.331 01390.281 01349.822 01327.933 01316.422 01333.271 01338.714 01358.459 01352.544 01353.005 01304.192 01293.650 01273.649 01268.329 01252.847 01208.909 01194.497 01199.436 01250.809 01339.005 01407.643 01455.760 01547.725 01652.113 01739.982 01690.181 01637.339 01612.965 01593.979 01588.918 01599.579 01636.332 01586.104 01481.499 01438.735 01367.683 01311.543 01260.258 01186.121 01196.638 01211.998
-9999.0 -9999.0 -9999.0 -9999.0 -9999.0 -9999.0 -9999.0 -9999.0 -9999.0 -9999.0 -9999.0 -9999.0 -9999.0 -9999.0 01802.338 01769.629 01777.309 01796.541 01794.239 01762.630 01734.964 01738.568 01701.452 01651.445 01622.034 01609.649 01612.879 01534.122 01443.246 01382.991 01340.707 01306.770 01294.202 01287.573 01284.743 01283.608 01258.254 01235.983 01208.975 01221.215 01193.802 00437.866 01178.211 01191.855 01157.916 01163.129 01217.911 01285.999 01341.115 01397.537 01506.486 01608.184 01650.561 01586.882 01552.563 01540.077 01532.758 01541.780 01565.495 01606.172 01516.817 01418.064 01375.125 01312.526 01231.889 00408.063 00373.581 00395.234 01096.051
-9999.0 -9999.0 -9999.0 -9999.0 -9999.0 -9999.0 -9999.0 -9999.0 -9999.0 -9999.0 -9999.0 -9999.0 -9999.0 -9999.0 01777.885 01742.801 01724.872 01708.464 01701.416 01682.586 01660.558 01652.138 01607.061 01551.173 01521.768 01516.150 01527.469 01535.573 01507.869 01443.381 01353.014 01295.999 01271.437 01244.002 01214.451 00410.927 00391.320 00384.524 00388.759 00405.234 00378.797 00369.791 00381.698 00473.568 01082.245 01092.197 01145.864 01224.691 01267.901 01341.276 01464.900 01564.837 01521.283 01480.446 01470.594 01469.825 01477.430 01501.309 01537.291 01510.694 01445.879 01355.110 01300.748 01210.778 00381.012 00342.962 00320.143 00345.401 00418.316
-9999.0 -9999.0 -9999.0 -9999.0 -9999.0 -9999.0 -9999.0 -9999.0 -9999.0 -9999.0 -9999.0 -9999.0 -9999.0 01816.807 01758.151 01730.063 01703.633 01676.687 01652.490 01628.000 01607.364 01585.184 01549.531 01500.586 01467.734 01450.357 01454.785 01474.817 01530.534 01451.059 01364.510 01289.540 01247.615 00425.037 00383.395 00356.287 00338.383 00346.508 00341.602 00350.050 00325.443 00328.290 00347.867 00421.655 00481.288 00510.612 01055.778 01146.562 01191.953 01280.021 01395.290 01456.688 01416.856 01391.255 01397.464 01399.403 01420.700 01474.518 01526.137 01451.438 01387.066 01296.938 01240.475 00371.602 00324.268 00289.346 00273.148 00291.573 00323.934
-9999.0 -9999.0 -9999.0 -9999.0 -9999.0 -9999.0 -9999.0 -9999.0 -9999.0 01821.907 01775.109 01773.756 01804.307 01794.933 01752.075 01713.307 01681.757 01654.061 01627.195 01603.142 01572.015 01536.219 01502.241 01467.898 01431.150 01409.066 01407.454 01421.351 01490.754 01412.965 01341.309 01285.761 01236.869 00405.621 00363.647 00335.493 00313.266 00304.724 00301.453 00289.020 00277.722 00293.118 00335.004 00401.155 00384.794 00415.698 00469.494 00572.116 01100.003 01212.905 01301.952 01331.007 01310.293 01322.484 01331.306 01349.692 01391.539 01451.042 01486.950 01397.438 01302.225 01248.257 00395.393 00330.512 00276.630 00240.121 00235.259 00232.715 00310.303
-9999.0 -9999.0 -9999.0 -9999.0 -9999.0 -9999.0 01829.424 01792.490 01782.949 01746.352 01703.527 01700.074 01717.249 01711.418 01704.234 01700.027 01663.233 01629.122 01605.191 01582.396 01543.518 01500.005 01466.750 01434.743 01396.777 01374.641 01370.375 01381.916 01410.328 01417.710 01346.166 01292.663 01241.422 00412.111 00362.157 00327.760 00297.937 00278.314 00253.746 00230.565 00237.775 00263.898 00262.319 00309.321 00314.042 00344.824 00374.792 00440.770 00517.799 01109.667 01167.785 01193.538 01215.646 01241.300 01276.660 01313.469 01357.958 01407.804 01371.467 01285.549 01211.809 00417.904 00355.302 00298.090 00235.436 00190.675 00167.291 00173.851 00220.681
-9999.0 -9999.0 -9999.0 -9999.0 -9999.0 01820.604 01730.276 01712.773 01709.961 01686.915 01662.393 01680.458 01662.056 01626.258 01621.481 01652.942 01659.404 01620.378 01592.084 01558.801 01520.209 01473.704 01438.637 01407.759 01372.661 01347.014 01341.770 01343.314 01352.475 01369.248 01379.289 01294.007 01237.534 01176.163 00367.336 00323.189 00286.544 00257.376 00234.010 00191.892 00182.249 00204.776 00189.285 00237.610 00253.116 00275.972 00305.952 00359.778 00432.001 00498.892 00524.096 00585.377 01068.808 01167.444 01232.428 01260.279 01296.549 01330.137 01250.884 00505.781 00451.410 00364.313 00315.984 00258.634 00202.562 00158.093 00122.654 00119.484 00139.937
-9999.0 -9999.0 -9999.0 -9999.0 01905.177 01756.174 01679.946 01661.850 01650.183 01623.973 01609.331 01667.551 01625.297 01550.451 01534.644 01551.324 01572.410 01568.335 01565.708 01589.368 01523.728 01481.403 01428.625 01378.071 01341.653 01322.350 01313.038 01305.115 01293.755 01291.054 01299.414 01320.673 01258.901 01179.375 00379.492 00318.364 00272.087 00235.498 00202.807 00160.548 00140.357 00137.939 00141.504 00173.818 00192.871 00216.449 00251.569 00293.252 00360.573 00409.675 00460.075 00475.576 00490.332 00525.374 01155.895 01204.305 01247.145 01263.005 00435.504 00375.495 00351.645 00316.628 00260.412 00229.260 00177.942 00140.059 00106.802 00088.115 00091.792
-9999.0 -9999.0 -9999.0 -9999.0 01829.503 01727.248 01664.026 01619.230 01597.463 01569.796 01552.540 01566.282 01553.929 01494.575 01462.894 01455.631 01460.372 01475.771 01519.665 01581.151 01511.183 01448.858 01422.306 01366.509 01326.936 01304.629 01283.862 01270.804 01253.242 01233.754 01232.163 01251.309 01304.972 01253.781 00409.687 00331.412 00274.137 00228.528 00188.776 00146.611 00120.097 00112.822 00118.239 00129.676 00143.872 00174.296 00201.892 00246.413 00301.644 00344.746 00378.556 00408.160 00437.994 00468.968 00519.507 01128.460 01225.878 01211.709 00367.246 00322.558 00300.259 00290.260 00228.751 00198.787 00185.759 00148.326 00107.028 00035.142 00029.598
-9999.0 -9999.0 -9999.0 -9999.0 01850.355 01724.620 01635.765 01575.079 01530.289 01505.739 01484.565 01484.020 01484.754 01459.717 01432.861 01414.211 01415.870 01435.870 01511.697 01607.911 01509.029 01418.907 01354.414 01315.276 01275.250 01254.988 01263.916 01236.705 01210.212 01188.145 01171.132 01177.673 01215.264 01238.317 00432.736 00353.058 00297.889 00258.449 00202.686 00151.710 00113.459 00100.323 00103.335 00113.127 00131.696 00151.063 00175.884 00215.903 00263.262 00303.429 00336.060 00372.361 00396.745 00410.705 00433.123 00465.422 01231.277 00427.468 00332.461 00282.156 00256.515 00250.239 00216.923 00187.134 00164.864 00139.459 00113.433 00076.596 00021.856
-9999.0 -9999.0 -9999.0 -9999.0 01866.525 01720.577 01614.871 01534.057 01478.590 01446.564 01425.032 01418.003 01421.696 01410.621 01403.310 01395.029 01401.976 01433.530 01509.824 01577.519 01516.387 01404.237 01316.906 01247.770 01173.185 01082.503 01209.658 01179.641 00422.958 00457.525 00417.305 00414.213 00421.520 00450.172 00435.116 00353.295 00311.848 00286.852 00216.066 00151.958 00111.479 00095.444 00090.282 00100.254 00125.317 00140.641 00168.159 00219.930 00267.409 00293.430 00294.550 00314.002 00335.608 00356.763 00387.253 00401.945 00375.996 00359.285 00304.440 00240.009 00202.021 00194.730 00189.302 00181.499 00145.648 00114.010 00093.986 00031.369 00015.419
01784.857 01905.268 01835.361 01794.540 01746.135 01677.944 01592.956 01512.745 01457.633 01416.260 01384.317 01365.762 01356.978 01350.514 01349.211 01360.519 01386.358 01432.033 01479.301 01459.087 01409.672 01423.718 01309.898 01221.156 01132.322 00479.224 00393.724 00363.295 00363.070 00394.850 00372.974 00351.537 00358.144 00390.363 00419.083 00338.127 00278.029 00253.598 00246.159 00172.950 00123.648 00099.484 00080.962 00030.504 00036.573 00119.078 00150.366 00210.445 00234.351 00224.315 00249.905 00275.473 00304.185 00325.497 00344.484 00349.334 00346.849 00318.568 00264.911 00209.723 00162.420 00150.900 00160.402 00178.340 00143.441 00094.081 00025.663 00020.882 00009.261
01714.753 01722.970 01681.538 01642.410 01607.208 01582.174 01590.708 01532.032 01478.807 01451.460 01371.256 01330.456 01306.555 01293.168 01290.395 01305.019 01354.008 01391.584 01400.663 01375.291 01306.887 01379.133 01308.275 01190.650 01083.922 00463.666 00368.674 00308.165 00305.259 00322.953 00344.666 00304.747 00322.887 00368.398 00426.659 00311.734 00238.919 00219.792 00254.207 00160.482 00101.700 00000.000 00000.000 0.0 0.0 0.0 00000.000 00000.000 00131.120 00144.522 00188.494 00240.950 00262.639 00285.989 00300.786 00306.330 00321.306 00294.776 00225.041 00183.988 00137.082 00119.900 00129.805 00143.541 00145.052 00090.019 00019.412 00010.199 00000.000
01690.075 01664.317 01603.723 01537.742 01497.743 01464.468 01450.702 01452.972 01466.496 01436.880 01353.529 01303.638 01273.580 01247.000 01234.962 01244.918 01314.144 01335.476 01300.463 01236.288 01226.586 01310.928 01310.488 01174.499 00979.784 00455.444 00346.618 00265.447 00228.382 00269.023 00286.646 00275.620 00309.659 00358.635 00412.592 00288.321 00210.072 00194.735 00218.134 00125.456 0.0 0.0 0.0 0.0 0.0 0.0 0.0 0.0 0.0 00000.000 00000.000 00000.000 00176.915 00204.724 00220.119 00250.916 00268.823 00256.773 00189.963 00140.188 00121.596 00100.328 00088.259 00095.908 00105.091 00092.107 00014.566 00000.000 0.0
01670.258 01674.012 01592.790 01514.645 01449.364 01402.524 01361.865 01349.063 01348.480 01362.215 01319.704 01295.588 01243.356 01182.056 01159.731 01174.494 01249.456 01248.774 01178.270 01127.643 01156.566 01216.103 01260.201 01189.512 01016.534 00477.079 00334.227 00233.675 00192.189 00189.447 00196.118 00223.815 00288.741 00360.685 00396.113 00258.590 00189.216 00158.904 00162.483 00000.000 0.0 0.0 0.0 0.0 0.0 0.0 0.0 0.0 0.0 0.0 0.0 0.0 0.0 0.0 00000.000 00000.000 00000.000 00171.231 00157.018 00114.489 00094.923 00096.178 00075.728 00024.301 00027.623 00024.449 00000.000 0.0 0.0
01619.829 01685.554 01643.175 01534.439 01453.019 01381.577 01322.475 01285.292 01283.738 01306.982 01282.072 01230.768 01185.092 01137.411 01091.053 01101.075 01151.604 01146.302 01060.732 01031.430 01068.487 01107.591 01157.882 01172.114 01050.537 00484.665 00335.866 00219.575 00157.466 00136.880 00136.420 00160.382 00232.649 00293.411 00299.553 00225.976 00166.823 00118.443 00000.000 0.0 0.0 0.0 0.0 0.0 0.0 0.0 0.0 0.0 0.0 0.0 0.0 0.0 0.0 0.0 0.0 0.0 0.0 0.0 0.0 00000.000 00000.000 00000.000 0.0 0.0 0.0 0.0 0.0 0.0 0.0
01564.289 01628.226 01683.710 01635.104 01488.541 01390.286 01300.223 01247.604 01246.231 01285.418 01295.653 01235.900 01172.502 01130.125 01073.609 01004.877 01011.804 00610.982 00571.174 00555.064 00559.061 00571.335 00652.727 01079.658 00578.869 00453.629 00355.961 00227.264 00140.241 00108.824 00105.653 00116.665 00159.345 00187.321 00205.724 00176.129 00125.272 00000.000 0.0 0.0 0.0 0.0 0.0 0.0 0.0 0.0 0.0 0.0 0.0 0.0 0.0 0.0 0.0 0.0 0.0 0.0 0.0 0.0 0.0 0.0 0.0 0.0 0.0 0.0 0.0 0.0 0.0 0.0 0.0
01511.863 01552.022 01593.298 01555.826 01440.937 01334.407 01250.246 01198.407 01188.131 01244.982 01228.529 01206.113 01171.015 01051.624 00587.140 00524.111 00482.557 00455.792 00443.920 00440.470 00436.389 00453.216 00494.107 00542.365 00461.921 00369.099 00285.297 00206.347 00128.020 00079.626 00075.152 00076.989 00087.549 00000.000 00000.000 00000.000 00000.000 0.0 0.0 0.0 0.0 0.0 0.0 0.0 0.0 0.0 0.0 0.0 0.0 0.0 0.0 0.0 0.0 0.0 0.0 0.0 0.0 0.0 0.0 0.0 0.0 0.0 0.0 0.0 0.0 0.0 0.0 0.0 0.0
01453.294 01475.026 01515.865 01511.644 01405.473 01301.417 01207.163 01137.265 01073.169 00560.815 00522.520 00514.381 00492.108 00466.640 00430.817 00394.451 00354.031 00329.521 00319.779 00320.487 00315.674 00339.453 00406.314 00413.995 00347.135 00282.502 00199.557 00143.827 00000.000 0.0 0.0 0.0 0.0 0.0 0.0 0.0 0.0 0.0 0.0 0.0 0.0 0.0 0.0 0.0 0.0 0.0 0.0 0.0 0.0 0.0 0.0 0.0 0.0 0.0 0.0 0.0 0.0 0.0 0.0 0.0 0.0 0.0 0.0 0.0 0.0 0.0 0.0 0.0 0.0
01349.331 01387.485 01425.195 01513.667 01402.279 01303.679 01220.039 01130.797 00493.922 00458.866 00432.149 00408.348 00391.287 00379.095 00352.236 00318.254 00286.592 00252.755 00242.481 00241.945 00246.445 00283.431 00340.804 00300.318 00243.522 00190.915 00131.747 00000.000 0.0 0.0 0.0 0.0 0.0 0.0 0.0 0.0 0.0 0.0 0.0 0.0 0.0 0.0 0.0 0.0 0.0 0.0 0.0 0.0 0.0 0.0 0.0 0.0 0.0 0.0 0.0 0.0 0.0 0.0 0.0 0.0 0.0 0.0 0.0 0.0 0.0 0.0 0.0 0.0 0.0
01198.434 01261.665 01336.992 01415.802 01441.223 01351.525 01279.673 01145.137 00457.326 00423.171 00392.155 00365.686 00346.457 00333.996 00327.206 00303.582 00260.959 00228.657 00207.697 00199.958 00206.005 00230.474 00217.061 00211.143 00165.645 00112.383 00000.000 0.0 0.0 0.0 0.0 0.0 0.0 0.0 0.0 0.0 0.0 0.0 0.0 0.0 0.0 0.0 0.0 0.0 0.0 0.0 0.0 0.0 0.0 0.0 0.0 0.0 0.0 0.0 0.0 0.0 0.0 0.0 0.0 0.0 0.0 0.0 0.0 0.0 0.0 0.0 0.0 0.0 0.0
00444.708 00529.568 01197.055 01290.837 01310.041 01320.430 01292.545 01147.152 00424.124 00388.033 00352.977 00327.628 00306.796 00296.644 00291.348 00287.776 00251.915 00218.724 00197.304 00176.115 00162.898 00147.257 00124.130 00120.470 00000.000 00000.000 0.0 0.0 0.0 0.0 0.0 0.0 0.0 0.0 0.0 0.0 0.0 0.0 0.0 0.0 0.0 0.0 0.0 0.0 0.0 0.0 0.0 0.0 0.0 0.0 0.0 0.0 0.0 0.0 0.0 0.0 0.0 0.0 0.0 0.0 0.0 0.0 0.0 0.0 0.0 0.0 0.0 0.0 0.0
