tests/Case_5_ReactionIntensity.asc
NCOLS 354
NROWS 235
XLLCORNER 2900300.000000
YLLCORNER 2159500.000000
CELLSIZE 100.000000
NODATA_VALUE -9999.0
[rows 116 to 144 of 235, columns 130 to 194 of 354]
00426.247 00153.471 00156.230 00154.831 00154.743 00365.296 00306.453 00490.339 00520.947 00154.297 00157.173 00158.983 00159.920 00160.756 00160.422 00161.034 00159.439 00159.209 00161.512 00161.164 00157.957 00159.441 00158.529 00161.128 00160.947 00594.513 00196.619 00925.795 00460.671 00702.666 01141.859 -9999.000 -9999.000 -9999.000 -9999.0 -9999.0 -9999.0 -9999.0 -9999.0 -9999.0 -9999.0 -9999.0 -9999.0 -9999.0 -9999.0 -9999.0 -9999.0 -9999.0 -9999.0 -9999.0 -9999.0 -9999.0 -9999.0 -9999.0 -9999.0 -9999.0 -9999.0 -9999.0 -9999.0 -9999.0 -9999.0 -9999.0 -9999.0 -9999.0 -9999.0
00453.886 00336.844 00351.740 00458.900 00302.454 00298.012 00205.409 00460.145 00351.033 00229.500 00532.115 00417.731 00158.725 00159.228 00159.503 00160.616 00160.977 00161.011 00161.512 00161.476 00161.338 00161.744 00161.578 00161.540 00161.283 00262.072 00299.705 00161.084 00160.242 00537.184 00159.160 00158.698 00889.437 00913.190 00377.392 -9999.000 -9999.000 -9999.0 -9999.0 -9999.0 -9999.0 -9999.0 -9999.0 -9999.0 -9999.0 -9999.0 -9999.0 -9999.0 -9999.0 -9999.0 -9999.0 -9999.0 -9999.0 -9999.0 -9999.0 -9999.0 -9999.0 -9999.0 -9999.0 -9999.0 -9999.0 -9999.0 -9999.0 -9999.0 -9999.0
00106.935 00087.386 00041.137 00011.589 00064.393 00122.661 00053.067 00106.224 00190.484 00210.689 00048.525 00571.468 00156.410 00158.174 00158.401 00159.038 00159.731 00161.007 00161.210 00161.323 00161.581 00161.416 00161.120 00159.998 00160.504 00160.997 00161.025 00161.351 00160.627 00160.467 00159.490 00158.900 00698.277 01046.466 01056.660 01745.340 01956.753 00488.195 -9999.000 -9999.0 -9999.0 -9999.0 -9999.0 -9999.0 -9999.0 -9999.0 -9999.0 -9999.0 -9999.0 -9999.0 -9999.0 -9999.0 -9999.0 -9999.0 -9999.0 -9999.0 -9999.0 -9999.0 -9999.0 -9999.0 -9999.0 -9999.0 -9999.0 -9999.0 -9999.0
00235.247 00351.735 00274.853 00290.365 00309.737 00307.287 00461.225 00335.430 00517.286 00358.671 00182.756 00426.719 00324.272 00153.865 00155.641 00155.412 00158.921 00160.461 00160.704 00161.062 00160.800 00160.163 00158.970 00158.795 00159.095 00158.899 00159.988 00160.136 00159.655 00224.455 00159.609 00158.609 00917.634 00830.452 00470.751 01644.338 01874.247 01999.437 00498.026 01121.204 -9999.000 -9999.000 -9999.0 -9999.0 -9999.0 -9999.0 -9999.0 -9999.0 -9999.0 -9999.0 -9999.0 -9999.0 -9999.0 -9999.0 -9999.0 -9999.0 -9999.0 -9999.0 -9999.0 -9999.0 -9999.0 -9999.0 -9999.0 -9999.0 -9999.0
00250.096 00441.891 00486.887 00493.133 00249.447 00258.241 00335.566 00325.000 00194.070 00131.771 00025.811 00107.766 00321.125 00518.069 00520.732 00481.688 00626.905 00157.742 00158.796 00158.527 00158.734 00158.547 00504.457 00323.778 00865.445 00366.985 00877.254 00936.156 01039.297 00747.412 01032.897 00910.986 00974.624 00828.050 00896.332 00827.073 01381.041 01372.283 01247.940 01951.208 00894.234 01849.132 02205.829 -9999.000 -9999.000 -9999.0 -9999.0 -9999.0 -9999.0 -9999.0 -9999.0 -9999.0 -9999.0 -9999.0 -9999.0 -9999.0 -9999.0 -9999.0 -9999.0 -9999.0 -9999.0 -9999.0 -9999.0 -9999.0 -9999.0
00169.221 00585.376 00304.082 00448.301 00250.795 00246.716 00371.703 00521.160 00283.841 00474.267 00092.583 00054.825 00156.762 00219.918 00254.055 00208.475 00447.696 00196.375 00156.076 00156.003 00155.979 00233.395 01085.962 00843.336 00952.924 00848.178 00678.150 00590.325 00973.872 00852.876 00662.852 00446.325 00615.623 00232.967 00407.761 00826.658 01021.455 00308.978 01503.546 00698.121 01484.245 02149.228 00257.948 01341.968 01746.316 01862.021 -9999.000 -9999.0 -9999.0 -9999.0 -9999.0 -9999.0 -9999.0 -9999.0 -9999.0 -9999.0 -9999.0 -9999.0 -9999.0 -9999.0 -9999.0 -9999.0 -9999.0 -9999.0 -9999.0
00573.818 00371.418 00502.488 00527.211 00162.277 00626.197 00555.905 00478.595 00432.402 00154.512 00345.424 00061.830 00082.106 00035.405 00043.338 00040.405 00625.637 00564.531 00326.932 00572.721 00502.882 00576.592 00578.418 01114.497 01140.704 00847.849 00747.328 00484.040 00795.323 00256.189 00787.693 00786.660 00697.609 00048.318 00382.867 00429.782 00419.683 00750.348 00328.009 00734.834 00950.870 00194.591 00247.401 00999.025 00197.478 00335.255 00975.936 00993.382 -9999.000 -9999.000 -9999.0 -9999.0 -9999.0 -9999.0 -9999.0 -9999.0 -9999.0 -9999.0 -9999.0 -9999.0 -9999.0 -9999.0 -9999.0 -9999.0 -9999.0
00152.472 00163.487 00160.595 00558.955 00639.241 00528.765 00593.704 00456.675 00499.135 00240.180 00123.163 00377.099 00329.343 00272.351 00189.576 00046.098 00200.485 00192.058 00474.200 00177.922 00385.760 00222.234 01142.384 01760.209 01491.406 01045.103 00779.216 00460.395 00923.523 00168.100 00777.554 00450.569 00900.790 00562.040 00685.123 00330.876 00516.741 01003.066 01081.005 00726.351 00993.191 00619.168 00322.329 00368.109 00455.925 00787.414 01082.277 00811.285 00827.945 00866.479 00157.091 -9999.000 -9999.000 -9999.0 -9999.0 -9999.0 -9999.0 -9999.0 -9999.0 -9999.0 -9999.0 -9999.0 -9999.0 -9999.0 -9999.0
-9999.0 -9999.0 00058.080 00188.939 00611.460 00210.977 00186.546 00545.254 00243.314 00498.475 00343.362 00278.698 00151.594 00344.656 00439.902 00268.282 00066.132 00088.589 00025.451 00120.233 00111.060 00184.355 00745.798 00733.299 01250.400 00739.323 00541.253 00383.684 00697.810 00428.085 00594.542 00922.139 00715.532 00775.224 00261.419 00466.193 00558.887 00697.056 00619.703 00953.934 00456.780 00897.182 00645.964 00744.250 00637.914 00837.924 00963.819 00823.125 00890.415 00160.950 00158.841 00160.503 00270.356 -9999.000 -9999.0 -9999.0 -9999.0 -9999.0 -9999.0 -9999.0 -9999.0 -9999.0 -9999.0 -9999.0 -9999.0
-9999.0 -9999.0 -9999.0 00109.787 00252.699 00508.713 00181.309 00582.774 00398.043 00449.059 01741.262 01981.227 00761.181 00777.753 00563.304 00295.912 00061.807 01118.366 00758.685 01360.056 01771.674 00637.905 00899.525 01853.041 01627.564 00626.263 00579.638 00600.363 00713.839 00884.926 00645.330 00623.637 00994.951 00328.032 01135.445 01119.712 00651.615 00774.740 00766.478 00743.720 00596.607 00584.501 00113.684 00126.258 00131.187 00141.753 00283.856 00153.767 00158.830 00161.013 00159.628 00159.796 00472.991 00628.891 -9999.000 -9999.0 -9999.0 -9999.0 -9999.0 -9999.0 -9999.0 -9999.0 -9999.0 -9999.0 -9999.0
-9999.0 -9999.0 -9999.0 00487.901 00299.690 00243.489 00345.447 00409.003 00316.818 00354.537 01280.649 01450.548 01920.987 01073.112 00289.049 00186.377 00289.345 00802.825 01361.773 01966.642 01181.117 00647.172 01788.591 00970.020 02017.568 00607.824 00562.807 01363.657 00604.434 01557.693 00492.745 00711.168 00698.629 00506.668 01007.159 01114.084 01131.023 00798.347 00921.048 00939.350 00520.666 00311.030 00137.726 00155.521 00155.027 00154.428 00514.627 00183.866 00155.986 00158.772 00158.597 00157.915 00194.547 00607.331 00827.049 -9999.000 -9999.000 -9999.0 -9999.0 -9999.0 -9999.0 -9999.0 -9999.0 -9999.0 -9999.0
-9999.0 -9999.0 -9999.0 00630.726 00174.051 01212.803 00490.518 01726.306 00395.058 01701.770 00715.757 00897.392 01421.011 00665.381 00033.318 00410.873 00545.431 00273.114 00715.656 00761.732 00539.757 02070.562 02040.531 00627.060 01820.720 01949.179 00578.212 00540.055 00077.687 00559.157 00271.980 00455.774 01554.008 01280.560 01525.924 01752.989 00496.834 01880.443 00941.417 01596.981 00158.186 00155.319 00154.151 00155.696 00157.044 00156.184 00142.845 00251.152 00153.719 00445.716 00154.981 00206.763 00693.759 00839.155 00644.115 00159.382 00160.948 -9999.000 -9999.000 -9999.0 -9999.0 -9999.0 -9999.0 -9999.0 -9999.0
-9999.0 -9999.0 -9999.0 00676.024 00180.242 01744.419 00449.328 00289.868 01910.551 01018.065 01062.759 01462.184 00614.313 00102.829 00319.232 00167.758 00109.168 01087.874 01471.771 00572.505 00631.343 01379.109 00909.744 01771.509 02096.431 01002.507 01217.954 00530.286 00256.020 00388.718 00016.348 00396.325 01575.201 00937.745 01965.285 02027.253 00967.178 01893.793 02019.338 00732.763 00158.145 00156.673 00158.251 00157.009 00159.751 00157.596 00153.502 00106.730 00427.558 00233.131 00627.809 00241.738 01016.839 00500.713 00625.868 00159.787 00161.045 00160.776 00158.945 00157.837 -9999.000 -9999.000 -9999.000 -9999.000 -9999.000
-9999.0 -9999.0 00034.325 00296.049 00281.547 00963.133 01365.126 00773.591 00989.967 00225.413 01162.351 00818.696 01058.419 00823.056 00391.105 00290.912 00191.575 00914.649 00752.612 01156.270 01108.956 01478.196 01120.833 01799.070 00800.500 00706.222 01624.684 00449.260 00572.505 00596.769 00708.306 01392.805 02079.530 00342.737 00250.389 00954.108 00268.877 02102.288 01471.119 02096.957 00157.469 00158.945 00158.601 00159.458 00534.257 00159.074 00155.963 00143.860 00126.233 00224.879 00405.566 00180.050 00852.901 00890.079 00589.213 00183.417 00160.577 00160.141 00160.493 00160.215 00159.009 00160.572 00159.258 00160.314 00159.291
-9999.0 -9999.0 00159.785 00499.708 00490.868 01035.062 00546.216 01775.468 00639.257 00972.457 01311.596 00545.591 00485.999 00537.384 00530.358 00108.239 00328.602 00197.070 00552.227 00875.561 01350.332 01390.183 01479.053 01985.432 01574.716 00914.533 01492.387 00460.222 00572.272 00321.889 00315.159 00630.019 00269.117 00369.864 00605.452 00311.617 01010.894 01784.487 00751.511 00936.551 02244.464 01443.911 01396.377 00166.340 02089.066 00157.369 00157.750 00154.365 00153.252 00144.700 00133.764 00125.229 00475.136 00540.246 00658.240 00157.110 00158.666 00158.392 00159.629 00160.082 00158.769 00159.597 00159.291 00159.094 00159.629
-9999.0 -9999.0 00127.728 00624.163 00239.762 00679.246 01119.061 01941.549 01341.674 00958.578 01200.347 00667.109 00447.543 00430.211 00382.910 00506.049 00182.835 00553.189 00308.441 00296.267 00430.332 01295.223 01755.243 00655.756 01222.554 01804.134 01338.551 00381.441 00074.667 00536.072 00322.897 00396.668 00621.321 00641.473 00459.832 01389.788 02107.887 01218.640 01642.195 01549.638 00697.706 02245.945 00751.366 00778.463 01106.057 00158.595 00159.906 00157.816 00154.871 00153.165 00152.839 00131.630 00643.060 00164.705 00239.677 00396.102 00154.408 00156.719 00158.061 00159.439 00210.505 00626.744 00157.808 00159.034 00158.710
-9999.0 -9999.0 -9999.0 00606.326 00495.602 00508.222 00244.920 00630.905 00500.692 00426.561 00538.276 00210.297 00260.654 00570.033 00200.518 00457.497 00550.686 00437.203 00477.562 00138.629 00220.687 00353.143 00762.261 01519.779 01741.559 01643.285 01381.881 00358.990 01348.159 00739.349 00526.287 00404.067 00340.654 00327.409 00492.537 00557.776 00913.677 00987.263 00169.819 00965.816 00402.976 00173.318 00682.724 01071.982 00996.468 00695.567 00896.563 00160.020 00158.752 00157.497 00157.434 00146.542 00146.536 00127.376 00119.128 00658.789 00621.231 00154.009 00155.343 00157.793 00155.254 00154.445 00852.794 00914.874 00647.339
-9999.0 -9999.0 -9999.0 -9999.0 00588.555 00557.727 00195.161 00588.622 00271.479 00494.102 00293.220 00582.487 00662.189 00471.446 00328.350 00181.791 00545.781 00095.126 00020.972 00225.194 00183.845 00204.821 00466.460 00885.705 01445.296 00514.323 01362.572 00302.243 00584.505 01040.674 00059.831 00211.066 00531.260 00490.015 00365.451 00914.464 00419.221 00805.442 00460.023 00222.888 00491.448 00179.235 00434.016 00523.846 -9999.0 -9999.0 00345.933 00160.779 00158.841 00160.201 00158.379 00156.497 00154.249 00150.618 00120.991 00398.853 00372.278 00424.954 00290.507 00151.814 00152.839 00430.378 00701.266 00820.931 00428.811
-9999.0 -9999.0 -9999.0 -9999.0 -9999.0 00134.628 00482.983 00310.046 00411.677 00513.165 00659.204 00214.766 00181.597 00253.416 00212.428 00402.420 00286.473 01136.328 00241.327 00161.235 00135.430 00399.819 00464.564 00726.049 00662.398 00523.248 00367.786 00656.858 00659.744 00000.000 00512.030 00263.463 00360.604 00225.171 00379.318 01106.598 00859.841 -9999.0 00142.074 00742.007 00580.138 -9999.0 -9999.0 -9999.0 -9999.0 -9999.0 00404.237 00160.335 00160.995 00159.001 00159.984 00157.233 00157.409 00151.630 00148.190 00867.220 00359.736 00143.382 00427.421 00605.356 00330.926 00720.227 01006.069 00566.105 00842.322
-9999.0 -9999.0 -9999.0 -9999.0 00977.841 00729.188 01916.138 00659.539 00669.661 00194.522 00355.082 00301.843 00427.304 01429.633 01168.183 01627.371 00819.176 00418.147 00974.396 00614.957 00222.932 00078.577 00229.337 00523.834 00040.960 00042.206 00335.764 00517.172 00155.570 00440.425 00424.533 00436.005 00366.729 00343.009 00184.395 00379.131 00641.399 00165.407 00424.131 00646.724 00146.959 00146.167 00127.362 -9999.0 -9999.0 -9999.0 00590.678 00294.254 00172.766 00242.413 00339.861 00493.630 00159.697 00156.735 00153.870 00133.153 00143.676 00488.619 00085.310 00512.117 00521.725 00633.126 00896.842 00516.074 00891.612
-9999.0 -9999.0 -9999.0 -9999.0 00093.051 01377.065 00311.987 00284.360 00461.795 00662.725 00426.084 00323.796 00308.836 00291.932 01383.736 01304.731 00379.939 01382.505 00731.414 00401.332 00233.120 00040.076 00314.788 00329.342 00072.872 00095.804 00560.060 00541.758 00477.500 00482.649 00576.216 00590.130 00484.993 00242.666 00392.318 00363.127 00435.287 00670.244 00611.009 00496.836 00555.963 00485.399 00148.684 00119.706 -9999.0 -9999.0 -9999.0 00413.349 00460.396 00584.388 00648.916 00162.895 00201.732 00158.592 00155.458 00153.674 00154.842 00507.317 00367.853 00425.765 00250.033 00569.927 00684.700 00674.274 00576.941
-9999.0 -9999.0 -9999.0 -9999.0 00423.621 01243.205 00873.549 -9999.0 -9999.0 00163.799 00500.251 00443.388 01038.444 00522.652 00153.632 00173.932 00169.155 01582.399 00556.429 00764.162 00346.644 00319.270 00020.369 00045.934 00431.448 00471.871 00547.170 01391.245 01367.286 00495.561 00999.980 01502.930 01445.422 01040.519 01168.874 00605.521 00282.728 00213.709 00161.102 00425.514 00178.501 00507.386 00143.939 00098.706 -9999.0 -9999.0 -9999.0 00097.453 00151.224 00265.265 00575.101 00648.959 00409.191 00431.591 00270.222 00576.055 00391.302 00558.035 00216.473 00258.449 00201.888 00678.667 00554.642 00327.100 00533.970
-9999.0 -9999.0 -9999.0 -9999.0 -9999.0 00364.120 01426.706 -9999.0 -9999.0 00475.481 00667.527 00635.956 01356.318 01133.579 01384.087 00379.946 00304.687 01392.642 01638.367 00599.863 00641.968 00410.220 00264.090 00082.105 00178.919 00583.986 00584.664 00824.460 01324.597 00498.763 00389.079 01830.790 01541.948 01050.095 00218.579 00566.937 00464.284 00159.243 00160.853 00306.569 00351.782 00309.109 00142.559 00109.152 -9999.0 -9999.0 -9999.0 -9999.0 -9999.0 -9999.0 -9999.0 00238.474 00636.972 00665.728 00447.882 00263.332 00446.780 00422.720 00623.794 00266.596 00452.267 00598.061 00991.069 00360.366 00420.050
-9999.0 -9999.0 -9999.0 -9999.0 -9999.0 -9999.0 -9999.0 -9999.0 -9999.0 -9999.0 00620.348 00654.975 01537.057 02119.201 00191.740 00371.252 00235.356 00950.474 00586.768 01189.990 01404.186 01159.940 00502.660 00346.104 00249.606 00728.687 00867.862 01293.066 00564.096 01005.956 00977.333 01072.452 00981.077 00584.170 00594.254 00403.736 00547.469 00160.886 00160.752 00313.599 00493.852 00402.254 00145.002 -9999.0 -9999.0 -9999.0 -9999.0 -9999.0 -9999.0 -9999.0 -9999.0 -9999.0 -9999.0 00229.611 00633.020 00636.046 00637.787 00531.880 00658.147 00652.203 00661.820 00665.064 00901.411 00039.062 -9999.0
-9999.0 -9999.0 -9999.0 -9999.0 -9999.0 -9999.0 -9999.0 -9999.0 -9999.0 -9999.0 00563.939 00365.024 00188.100 00254.709 00160.499 00176.421 00404.542 00247.738 00401.811 00245.018 01399.071 00972.960 00937.482 00497.818 00460.668 01006.406 00626.141 01021.947 01421.728 01202.512 00729.871 00480.817 01201.864 00513.969 00160.469 00188.809 00406.125 00160.768 00159.760 00590.177 00643.251 00385.170 00173.712 -9999.0 -9999.0 -9999.0 -9999.0 -9999.0 -9999.0 -9999.0 -9999.0 -9999.0 -9999.0 -9999.0 -9999.0 -9999.0 -9999.0 -9999.0 -9999.0 00439.524 00195.051 00286.722 00245.111 -9999.0 -9999.0
-9999.0 -9999.0 -9999.0 -9999.0 -9999.0 -9999.0 -9999.0 -9999.0 -9999.0 -9999.0 -9999.0 00614.620 00534.580 00463.613 00291.452 00249.831 00406.985 00295.355 00175.574 00207.401 01630.317 00500.986 00654.185 01782.746 01706.589 00549.062 00830.589 01477.406 00313.537 00880.728 01338.637 00722.904 00452.162 02186.677 00852.509 00579.066 00536.189 00271.715 00165.908 00663.908 00645.083 00460.921 -9999.0 -9999.0 -9999.0 -9999.0 -9999.0 -9999.0 -9999.0 -9999.0 -9999.0 -9999.0 -9999.0 -9999.0 -9999.0 -9999.0 -9999.0 -9999.0 -9999.0 -9999.0 -9999.0 -9999.0 -9999.0 -9999.0 -9999.0
-9999.0 -9999.0 -9999.0 -9999.0 -9999.0 -9999.0 -9999.0 -9999.0 -9999.0 -9999.0 -9999.0 -9999.0 00170.529 00166.799 00217.872 00203.419 00602.064 00668.557 00629.087 00262.994 00172.392 00414.046 00914.802 01922.897 01429.825 01204.726 01770.125 01456.901 01968.829 00618.768 00391.500 00754.851 00750.297 00381.205 00668.532 00889.050 00801.148 00977.814 00221.047 00232.390 00111.521 -9999.0 -9999.0 -9999.0 -9999.0 -9999.0 -9999.0 -9999.0 -9999.0 -9999.0 -9999.0 -9999.0 -9999.0 -9999.0 -9999.0 -9999.0 -9999.0 -9999.0 -9999.0 -9999.0 -9999.0 -9999.0 -9999.0 -9999.0 -9999.0
-9999.0 -9999.0 -9999.0 -9999.0 -9999.0 -9999.0 -9999.0 -9999.0 -9999.0 -9999.0 -9999.0 -9999.0 -9999.0 -9999.0 -9999.0 -9999.0 -9999.0 00165.484 00148.367 00554.393 00491.521 00421.179 00330.187 01100.228 01576.370 01046.146 00649.641 01468.072 00607.667 00703.373 01984.367 01531.258 00794.776 00903.519 00243.072 00475.688 00911.647 00908.322 -9999.0 -9999.0 -9999.0 -9999.0 -9999.0 -9999.0 -9999.0 -9999.0 -9999.0 -9999.0 -9999.0 -9999.0 -9999.0 -9999.0 -9999.0 -9999.0 -9999.0 -9999.0 -9999.0 -9999.0 -9999.0 -9999.0 -9999.0 -9999.0 -9999.0 -9999.0 -9999.0
-9999.0 -9999.0 -9999.0 -9999.0 -9999.0 -9999.0 -9999.0 -9999.0 -9999.0 -9999.0 -9999.0 -9999.0 -9999.0 -9999.0 -9999.0 -9999.0 -9999.0 -9999.0 -9999.0 00025.252 00623.238 00395.862 00262.659 00220.768 01933.974 01209.701 01690.904 00682.730 00560.010 00578.907 00945.556 00743.672 00600.476 00460.541 01098.982 01013.882 00153.274 -9999.0 -9999.0 -9999.0 -9999.0 -9999.0 -9999.0 -9999.0 -9999.0 -9999.0 -9999.0 -9999.0 -9999.0 -9999.0 -9999.0 -9999.0 -9999.0 -9999.0 -9999.0 -9999.0 -9999.0 -9999.0 -9999.0 -9999.0 -9999.0 -9999.0 -9999.0 -9999.0 -9999.0
