tests/Case_4_ReactionIntensity.asc
NCOLS 245
NROWS 163
XLLCORNER 4208400.000000
YLLCORNER 1880200.000000
CELLSIZE 100.000000
NODATA_VALUE -9999.0
[rows 116 to 144 of 163, columns 128 to 191 of 245]
00679.227 01201.212 00262.477 01725.733 02131.200 01755.197 00961.513 00733.528 00730.327 01531.373 01698.213 01348.184 02091.515 01250.142 00800.776 01332.908 00666.164 01565.908 00825.714 02016.285 00421.345 01166.052 00948.627 00208.294 00841.183 00390.395 00572.200 00640.869 00958.304 00358.596 02101.537 01417.672 00901.574 01561.808 00265.317 00605.240 00614.007 00542.216 -9999.0 -9999.0 -9999.0 -9999.0 -9999.0 -9999.0 -9999.0 -9999.0 -9999.0 -9999.0 -9999.0 -9999.0 -9999.0 -9999.0 -9999.0 -9999.0 -9999.0 -9999.0 -9999.0 -9999.0 -9999.0 -9999.0 -9999.0 -9999.0 -9999.0 -9999.0
00696.179 00220.743 01332.755 00705.778 01070.380 02063.337 01796.229 01335.943 02027.691 01864.126 02120.169 01663.590 00963.308 01770.034 01180.760 01396.374 01021.135 00764.152 00486.813 01155.261 01981.274 01718.635 02100.733 01171.929 00601.464 01002.752 00472.543 00118.480 01349.353 00433.204 01456.959 01570.639 02023.176 01553.960 00786.283 00578.227 00614.762 00578.171 -9999.0 -9999.0 -9999.0 -9999.0 -9999.0 -9999.0 -9999.0 -9999.0 -9999.0 -9999.0 -9999.0 -9999.0 -9999.0 -9999.0 -9999.0 -9999.0 -9999.0 -9999.0 -9999.0 -9999.0 -9999.0 -9999.0 -9999.0 -9999.0 -9999.0 -9999.0
02223.310 00202.819 00633.560 01259.179 01918.913 01185.230 01021.837 01489.189 02057.885 01601.260 01242.532 01262.908 00853.970 01720.766 01862.624 02050.767 01195.316 00620.163 01175.260 00736.636 00440.782 00195.087 00394.175 00766.632 01052.177 00476.787 00312.197 01345.679 00206.389 00846.307 01529.773 00946.037 01760.072 01297.570 00954.753 00539.956 00617.835 00617.140 00517.696 -9999.0 -9999.0 -9999.0 -9999.0 -9999.0 -9999.0 -9999.0 -9999.0 -9999.0 -9999.0 -9999.0 -9999.0 -9999.0 -9999.0 -9999.0 -9999.0 -9999.0 -9999.0 -9999.0 -9999.0 -9999.0 -9999.0 -9999.0 -9999.0 -9999.0
00941.329 01036.571 02211.593 00805.145 01898.445 00857.819 01684.638 01211.067 01499.769 00231.019 00877.430 01202.738 01361.943 00696.592 00835.672 00906.459 01327.842 02067.931 00740.906 01457.469 01061.844 01429.198 00579.926 01946.046 00536.668 00338.889 01110.129 00161.502 01862.072 01645.819 01652.390 02090.322 00967.075 01458.080 01040.330 00612.978 00569.710 00608.945 00607.257 00600.957 00566.354 00406.961 00036.252 -9999.0 -9999.0 -9999.0 -9999.0 -9999.0 -9999.0 -9999.0 -9999.0 -9999.0 -9999.0 -9999.0 -9999.0 -9999.0 -9999.0 -9999.0 -9999.0 -9999.0 -9999.0 -9999.0 -9999.0 -9999.0
01991.112 02219.692 01691.502 01565.714 01089.816 00596.459 00518.340 01403.390 00507.646 00543.836 01961.628 01710.395 01591.467 00973.095 02007.261 01160.340 01072.718 01438.710 00450.533 01109.090 00137.522 01343.093 01980.998 00564.159 00462.383 00963.665 00270.284 00556.216 01077.386 00742.608 00948.306 01825.252 01182.497 01427.798 00536.009 00330.742 00537.972 00602.739 01738.021 01885.575 01501.404 00566.822 01359.319 00981.069 01221.938 -9999.0 -9999.0 -9999.0 -9999.0 -9999.0 -9999.0 -9999.0 -9999.0 -9999.0 -9999.0 -9999.0 -9999.0 -9999.0 -9999.0 -9999.0 -9999.0 -9999.0 -9999.0 -9999.0
02203.480 02201.235 01472.628 01098.593 01987.534 01388.066 00555.726 01650.846 01440.469 00970.192 01709.902 02078.902 02070.944 01565.767 00911.438 00769.545 01572.078 00571.123 01490.061 01163.411 00147.058 00786.275 00473.268 00532.003 01044.718 00546.170 00411.508 01013.036 01792.694 01943.234 01132.234 01484.770 00767.728 01530.808 01712.755 00345.048 00566.168 00592.836 01486.027 00956.336 02076.300 01743.843 01451.504 01758.231 00287.295 00651.493 -9999.0 -9999.0 -9999.0 -9999.0 -9999.0 -9999.0 -9999.0 -9999.0 -9999.0 -9999.0 -9999.0 -9999.0 -9999.0 -9999.0 -9999.0 -9999.0 -9999.0 -9999.0
02151.184 01389.114 02042.267 01609.231 00588.723 01139.417 00880.671 01888.918 01561.033 02095.570 02113.637 02091.847 02090.865 01718.090 02105.479 02111.546 00684.072 01970.237 01423.373 00606.026 01484.664 00535.711 00233.308 01689.268 00267.425 00406.461 02061.760 01482.916 01244.658 01964.268 01316.856 01968.294 01571.854 01651.562 01110.374 00547.738 00582.744 00600.407 01409.629 01219.150 01796.180 01375.888 01049.060 00769.099 00462.911 00436.959 -9999.0 -9999.0 -9999.0 -9999.0 -9999.0 -9999.0 -9999.0 -9999.0 -9999.0 -9999.0 -9999.0 -9999.0 -9999.0 -9999.0 -9999.0 -9999.0 -9999.0 -9999.0
02134.925 00978.008 00764.315 01540.226 00400.601 00526.974 01293.037 00652.287 02089.451 02104.982 02092.855 02102.310 02119.111 02098.522 02115.713 02110.406 01548.135 01172.398 00961.501 00616.294 01995.009 00448.996 00373.877 00605.398 00584.437 01514.347 01398.650 01619.050 00722.499 01408.031 01385.162 00799.964 01689.882 01669.469 00509.698 00597.825 00604.130 00742.014 00791.527 01968.450 01587.922 02019.842 00718.538 00656.644 01696.039 00796.384 -9999.0 -9999.0 -9999.0 -9999.0 -9999.0 -9999.0 -9999.0 -9999.0 -9999.0 -9999.0 -9999.0 -9999.0 -9999.0 -9999.0 -9999.0 -9999.0 -9999.0 -9999.0
02099.698 00904.796 00565.828 01379.309 01791.674 00581.193 01239.162 01089.446 01544.799 02048.909 02089.682 02082.902 02088.122 02115.229 02109.774 02108.262 00963.198 00822.906 00782.620 00618.535 00823.939 00352.850 01075.839 00368.846 01494.882 01451.845 01177.158 01763.807 00635.483 01859.291 01416.070 00609.248 00394.638 00549.117 00588.557 00598.530 00604.544 00604.310 01457.911 01138.390 01594.568 01487.821 02050.901 01469.151 01559.513 01513.585 -9999.0 -9999.0 -9999.0 -9999.0 -9999.0 -9999.0 -9999.0 -9999.0 -9999.0 -9999.0 -9999.0 -9999.0 -9999.0 -9999.0 -9999.0 -9999.0 -9999.0 -9999.0
02085.417 01158.163 01458.605 01086.655 01255.755 01509.594 01786.440 01997.777 01969.725 01986.198 02065.648 02072.175 02078.210 02118.983 02110.848 02119.798 01968.273 00662.065 00756.920 00619.448 01025.850 00395.932 00535.402 00075.281 01808.454 00946.834 01996.009 01526.822 01061.900 01501.431 00453.253 00562.383 00578.787 00601.460 00605.623 00610.483 00603.338 00602.409 01094.154 01754.717 01680.536 01728.936 01688.657 01167.371 01790.098 01027.526 00382.909 -9999.0 -9999.0 -9999.0 -9999.0 -9999.0 -9999.0 -9999.0 -9999.0 -9999.0 -9999.0 -9999.0 -9999.0 -9999.0 -9999.0 -9999.0 -9999.0 -9999.0
02103.642 01541.824 00831.713 00380.146 00786.365 00970.692 01819.509 01721.427 01866.292 01965.868 02012.512 02092.426 02094.743 02101.148 02106.518 02111.697 01695.667 01620.033 01312.974 00889.311 00580.255 00226.575 00818.455 00408.777 01924.856 01555.612 01151.416 00692.062 01555.769 00903.742 00512.015 00607.957 00614.296 00608.489 00609.015 00611.063 00598.421 00596.826 00886.897 00816.194 01542.570 01686.887 00637.273 01229.884 01636.278 00181.742 -9999.0 -9999.0 -9999.0 -9999.0 -9999.0 -9999.0 -9999.0 -9999.0 -9999.0 -9999.0 -9999.0 -9999.0 -9999.0 -9999.0 -9999.0 -9999.0 -9999.0 -9999.0
01113.996 01218.097 01454.857 00006.602 00048.693 00926.676 01618.030 01865.106 02025.244 01923.324 02001.836 02047.308 02072.830 02089.434 01640.427 01414.593 00851.883 00916.785 01975.063 01207.452 00540.505 00134.763 01373.613 00195.811 01089.186 02122.855 01727.854 01128.310 02047.046 01235.850 00564.866 00608.428 00612.378 00604.065 00609.480 00609.600 00584.557 00574.521 00588.026 00598.331 00736.510 00502.766 00462.902 00309.606 -9999.0 -9999.0 -9999.0 -9999.0 -9999.0 -9999.0 -9999.0 -9999.0 -9999.0 -9999.0 -9999.0 -9999.0 -9999.0 -9999.0 -9999.0 -9999.0 -9999.0 -9999.0 -9999.0 -9999.0
00511.619 01586.710 00959.979 00556.707 00009.198 00647.089 01101.908 01536.815 01890.447 02013.635 02053.282 02071.410 02093.011 00981.606 00830.358 00658.318 00856.855 01394.261 01588.246 00524.095 00357.102 00747.672 00594.160 01159.144 01627.541 01398.695 02096.605 01553.793 01598.039 00533.175 00551.739 00614.955 00586.096 00569.166 00569.885 00554.442 00497.145 00438.341 00454.493 00273.742 -9999.0 -9999.0 -9999.0 -9999.0 -9999.0 -9999.0 -9999.0 -9999.0 -9999.0 -9999.0 -9999.0 -9999.0 -9999.0 -9999.0 -9999.0 -9999.0 -9999.0 -9999.0 -9999.0 -9999.0 -9999.0 -9999.0 -9999.0 -9999.0
00522.529 01474.360 00554.683 00041.960 00356.778 00659.722 01585.789 01279.290 01839.451 01945.143 02012.360 02057.885 02072.164 01531.950 01756.995 01285.126 01749.097 00571.434 00447.202 00364.835 00484.744 00704.822 00426.281 01889.187 00742.796 01982.396 01061.561 01761.735 00973.386 00282.645 00584.794 00617.825 00592.540 00291.963 00415.163 00356.696 -9999.0 -9999.0 -9999.0 -9999.0 -9999.0 -9999.0 -9999.0 -9999.0 -9999.0 -9999.0 -9999.0 -9999.0 -9999.0 -9999.0 -9999.0 -9999.0 -9999.0 -9999.0 -9999.0 -9999.0 -9999.0 -9999.0 -9999.0 -9999.0 -9999.0 -9999.0 -9999.0 -9999.0
01977.507 01025.114 00334.590 00037.795 00118.079 01040.717 01091.082 01628.794 01963.427 01943.385 01999.309 02058.898 02091.814 00891.698 00636.858 01769.328 00869.431 00542.964 00448.136 00194.694 01492.495 00537.337 01317.758 01926.424 01831.030 00925.185 01504.286 01803.273 00488.349 00539.065 00595.738 00608.084 00580.616 00311.662 -9999.0 -9999.0 -9999.0 -9999.0 -9999.0 -9999.0 -9999.0 -9999.0 -9999.0 -9999.0 -9999.0 -9999.0 -9999.0 -9999.0 -9999.0 -9999.0 -9999.0 -9999.0 -9999.0 -9999.0 -9999.0 -9999.0 -9999.0 -9999.0 -9999.0 -9999.0 -9999.0 -9999.0 -9999.0 -9999.0
01986.764 01252.033 00818.301 00011.623 00565.696 01185.397 01362.172 01624.816 01916.119 02040.893 01993.449 02052.319 02083.043 01720.861 00805.268 00619.931 01135.026 00549.935 00474.415 00302.048 00255.972 01840.678 01400.268 01811.409 01455.430 01266.274 01221.786 01398.652 00528.510 00592.696 00621.546 00613.852 00579.593 -9999.0 -9999.0 -9999.0 -9999.0 -9999.0 -9999.0 -9999.0 -9999.0 -9999.0 -9999.0 -9999.0 -9999.0 -9999.0 -9999.0 -9999.0 -9999.0 -9999.0 -9999.0 -9999.0 -9999.0 -9999.0 -9999.0 -9999.0 -9999.0 -9999.0 -9999.0 -9999.0 -9999.0 -9999.0 -9999.0 -9999.0
01758.066 01758.936 00903.583 00092.257 00557.537 01247.954 01425.122 01758.445 01941.502 02020.190 02060.594 02094.543 02073.595 01336.154 01312.394 01290.846 01174.826 00523.447 00347.790 00304.586 00375.333 00489.007 00944.838 00726.775 00986.220 01104.838 00918.449 00468.506 00589.079 00604.127 00612.204 00571.796 00483.962 -9999.0 -9999.0 -9999.0 -9999.0 -9999.0 -9999.0 -9999.0 -9999.0 -9999.0 -9999.0 -9999.0 -9999.0 -9999.0 -9999.0 -9999.0 -9999.0 -9999.0 -9999.0 -9999.0 -9999.0 -9999.0 -9999.0 -9999.0 -9999.0 -9999.0 -9999.0 -9999.0 -9999.0 -9999.0 -9999.0 -9999.0
01612.010 01464.138 00158.293 00325.409 00630.084 01216.495 01499.839 01926.675 01786.963 01966.474 02039.173 02074.868 02092.801 01716.875 02014.903 00601.691 00680.758 00533.997 00040.853 01466.406 00561.461 01732.910 01439.845 01305.706 01593.826 01687.022 00455.357 00596.146 00613.723 00624.246 00618.502 00361.863 -9999.0 -9999.0 -9999.0 -9999.0 -9999.0 -9999.0 -9999.0 -9999.0 -9999.0 -9999.0 -9999.0 -9999.0 -9999.0 -9999.0 -9999.0 -9999.0 -9999.0 -9999.0 -9999.0 -9999.0 -9999.0 -9999.0 -9999.0 -9999.0 -9999.0 -9999.0 -9999.0 -9999.0 -9999.0 -9999.0 -9999.0 -9999.0
01157.353 00435.079 00154.298 00247.714 00993.797 01208.503 01800.375 01583.427 01946.182 02063.917 02018.207 02066.255 02089.706 01269.170 01480.625 00597.516 01548.752 00520.505 00039.165 00768.667 01501.615 01658.726 01069.402 01434.182 00631.479 00477.038 00534.052 00601.642 00613.827 00589.236 00390.260 -9999.0 -9999.0 -9999.0 -9999.0 -9999.0 -9999.0 -9999.0 -9999.0 -9999.0 -9999.0 -9999.0 -9999.0 -9999.0 -9999.0 -9999.0 -9999.0 -9999.0 -9999.0 -9999.0 -9999.0 -9999.0 -9999.0 -9999.0 -9999.0 -9999.0 -9999.0 -9999.0 -9999.0 -9999.0 -9999.0 -9999.0 -9999.0 -9999.0
01011.259 00068.873 00394.321 00669.906 01166.755 01308.593 01734.866 01814.368 01873.009 02016.253 02087.588 02063.058 02084.557 01841.318 00668.738 01716.670 01505.631 00500.161 00955.030 01255.442 00514.860 00770.444 01965.442 00635.158 00736.313 00393.499 00540.974 00604.933 00621.565 00563.519 -9999.0 -9999.0 -9999.0 -9999.0 -9999.0 -9999.0 -9999.0 -9999.0 -9999.0 -9999.0 -9999.0 -9999.0 -9999.0 -9999.0 -9999.0 -9999.0 -9999.0 -9999.0 -9999.0 -9999.0 -9999.0 -9999.0 -9999.0 -9999.0 -9999.0 -9999.0 -9999.0 -9999.0 -9999.0 -9999.0 -9999.0 -9999.0 -9999.0 -9999.0
00067.460 00347.967 00570.126 00769.432 01633.576 01528.099 02008.739 01817.841 02043.928 02011.603 02072.030 02060.568 02082.321 01178.642 01794.718 01034.079 00600.538 00552.095 00210.948 00480.548 00254.139 01132.577 01763.188 00953.159 01212.734 01860.173 00235.298 00577.314 00598.292 00616.528 00572.759 -9999.0 -9999.0 -9999.0 -9999.0 -9999.0 -9999.0 -9999.0 -9999.0 -9999.0 -9999.0 -9999.0 -9999.0 -9999.0 -9999.0 -9999.0 -9999.0 -9999.0 -9999.0 -9999.0 -9999.0 -9999.0 -9999.0 -9999.0 -9999.0 -9999.0 -9999.0 -9999.0 -9999.0 -9999.0 -9999.0 -9999.0 -9999.0 -9999.0
00010.693 00693.223 00958.670 01048.678 01720.237 01454.365 01927.441 01931.152 02006.190 02043.038 02079.698 02071.539 01615.088 01812.091 01014.881 01849.116 00820.967 00686.756 00553.341 00988.573 00891.377 00336.879 01294.288 01653.067 01759.777 01983.194 00421.851 00519.443 00601.363 00616.632 00576.871 -9999.0 -9999.0 -9999.0 -9999.0 -9999.0 -9999.0 -9999.0 -9999.0 -9999.0 -9999.0 -9999.0 -9999.0 -9999.0 -9999.0 -9999.0 -9999.0 -9999.0 -9999.0 -9999.0 -9999.0 -9999.0 -9999.0 -9999.0 -9999.0 -9999.0 -9999.0 -9999.0 -9999.0 -9999.0 -9999.0 -9999.0 -9999.0 -9999.0
00613.476 01151.239 01408.807 01284.337 01953.696 01955.032 01956.417 01944.541 02084.774 02074.697 02065.759 01958.004 01390.741 01014.404 00876.097 01294.448 01703.846 01198.285 00573.980 00174.172 01450.688 00263.742 01785.602 01869.763 01570.117 01388.884 00132.000 00539.357 00595.229 00606.975 00587.631 -9999.0 -9999.0 -9999.0 -9999.0 -9999.0 -9999.0 -9999.0 -9999.0 -9999.0 -9999.0 -9999.0 -9999.0 -9999.0 -9999.0 -9999.0 -9999.0 -9999.0 -9999.0 -9999.0 -9999.0 -9999.0 -9999.0 -9999.0 -9999.0 -9999.0 -9999.0 -9999.0 -9999.0 -9999.0 -9999.0 -9999.0 -9999.0 -9999.0
01449.733 01821.457 01589.188 01529.409 01741.564 01910.620 01974.672 01980.656 02065.108 02058.784 02093.591 01772.750 01186.653 01010.163 00909.067 00594.196 00718.990 00618.827 00523.186 00821.641 00987.659 00449.326 02101.499 01484.900 01207.328 00814.439 01655.472 00507.042 00593.241 00606.343 00577.572 -9999.0 -9999.0 -9999.0 -9999.0 -9999.0 -9999.0 -9999.0 -9999.0 -9999.0 -9999.0 -9999.0 -9999.0 -9999.0 -9999.0 -9999.0 -9999.0 -9999.0 -9999.0 -9999.0 -9999.0 -9999.0 -9999.0 -9999.0 -9999.0 -9999.0 -9999.0 -9999.0 -9999.0 -9999.0 -9999.0 -9999.0 -9999.0 -9999.0
01627.108 01674.908 01817.096 01835.439 01858.802 02045.410 01991.539 02089.546 02078.885 02066.632 02082.017 00895.994 01951.060 02067.531 00619.095 01285.875 00544.850 00499.986 00643.049 00603.794 00479.022 00240.608 01745.663 01218.265 00853.340 01862.695 00909.448 00448.224 00591.063 00616.259 00579.098 -9999.0 -9999.0 -9999.0 -9999.0 -9999.0 -9999.0 -9999.0 -9999.0 -9999.0 -9999.0 -9999.0 -9999.0 -9999.0 -9999.0 -9999.0 -9999.0 -9999.0 -9999.0 -9999.0 -9999.0 -9999.0 -9999.0 -9999.0 -9999.0 -9999.0 -9999.0 -9999.0 -9999.0 -9999.0 -9999.0 -9999.0 -9999.0 -9999.0
01673.045 01931.400 01942.985 01984.724 01989.039 02040.355 02062.177 02088.933 02088.980 02081.979 02100.462 01768.131 01935.218 00594.251 01819.121 01691.191 00541.627 00020.175 01146.575 00570.967 00497.238 02128.032 02118.644 00645.016 01201.478 02097.841 01451.143 00423.672 00604.629 00612.544 00512.781 -9999.0 -9999.0 -9999.0 -9999.0 -9999.0 -9999.0 -9999.0 -9999.0 -9999.0 -9999.0 -9999.0 -9999.0 -9999.0 -9999.0 -9999.0 -9999.0 -9999.0 -9999.0 -9999.0 -9999.0 -9999.0 -9999.0 -9999.0 -9999.0 -9999.0 -9999.0 -9999.0 -9999.0 -9999.0 -9999.0 -9999.0 -9999.0 -9999.0
01911.515 02027.282 02048.896 01976.892 02020.251 02028.595 02059.819 02073.053 02084.715 02094.862 02121.910 00946.968 00753.730 00591.677 01712.249 00572.084 00540.934 00294.911 00626.502 00193.105 01638.556 01199.275 00743.416 00929.704 01432.591 00633.481 01350.145 00465.321 00603.999 00603.581 00537.431 -9999.0 -9999.0 -9999.0 -9999.0 -9999.0 -9999.0 -9999.0 -9999.0 -9999.0 -9999.0 -9999.0 -9999.0 -9999.0 -9999.0 -9999.0 -9999.0 -9999.0 -9999.0 -9999.0 -9999.0 -9999.0 -9999.0 -9999.0 -9999.0 -9999.0 -9999.0 -9999.0 -9999.0 -9999.0 -9999.0 -9999.0 -9999.0 -9999.0
02005.936 02060.072 02085.997 02086.989 02039.641 02061.756 02097.770 02099.468 02108.215 02114.799 02100.557 01429.044 01107.950 00620.906 01579.374 00587.605 00458.894 00647.455 01015.537 00345.708 01404.793 01340.872 01777.785 01387.132 01477.543 01944.773 00826.138 00571.712 00609.971 00597.181 00408.895 -9999.0 -9999.0 -9999.0 -9999.0 -9999.0 -9999.0 -9999.0 -9999.0 -9999.0 -9999.0 -9999.0 -9999.0 -9999.0 -9999.0 -9999.0 -9999.0 -9999.0 -9999.0 -9999.0 -9999.0 -9999.0 -9999.0 -9999.0 -9999.0 -9999.0 -9999.0 -9999.0 -9999.0 -9999.0 -9999.0 -9999.0 -9999.0 -9999.0
02043.417 02086.561 02053.396 02062.496 02105.752 02108.571 02106.016 02102.731 02101.800 02105.845 02115.550 01935.424 00681.023 01251.857 02102.049 00556.718 00460.366 00412.135 00381.216 00485.159 00174.973 01516.619 01976.532 01822.285 00888.618 01510.351 00500.937 00603.133 00613.845 00601.731 00288.242 -9999.0 -9999.0 -9999.0 -9999.0 -9999.0 -9999.0 -9999.0 -9999.0 -9999.0 -9999.0 -9999.0 -9999.0 -9999.0 -9999.0 -9999.0 -9999.0 -9999.0 -9999.0 -9999.0 -9999.0 -9999.0 -9999.0 -9999.0 -9999.0 -9999.0 -9999.0 -9999.0 -9999.0 -9999.0 -9999.0 -9999.0 -9999.0 -9999.0
