tests/Case_2_ArrivalTime.asc
NCOLS 210
NROWS 139
XLLCORNER 2821100.000000
YLLCORNER 2135200.000000
CELLSIZE 100.000000
NODATA_VALUE -9999.0
[rows 93 to 123 of 139, columns 70 to 139 of 210]
0.0 0.0 0.0 0.0 0.0 0.0 0.0 0.0 0.0 0.0 0.0 0.0 0.0 0.0 0.0 0.0 0.0 0.0 0.0 0.0 0.0 0.0 0.0 0.0 0.0 0.0 0.0 0.0 0.0 0.0 0.0 0.0 0.0 0.0 0.0 0.0 0.0 00000.000 00000.000 00062.573 00054.036 00046.109 00019.878 00000.000 00000.000 0.0 0.0 0.0 0.0 0.0 0.0 0.0 0.0 0.0 0.0 0.0 0.0 0.0 0.0 0.0 0.0 0.0 0.0 0.0 0.0 00262.733 00599.999 01212.604 01245.911 01329.953
0.0 0.0 0.0 0.0 0.0 0.0 0.0 0.0 0.0 0.0 0.0 0.0 0.0 0.0 0.0 0.0 0.0 0.0 0.0 0.0 0.0 0.0 0.0 0.0 0.0 0.0 0.0 0.0 0.0 0.0 0.0 0.0 0.0 0.0 0.0 0.0 00000.000 00301.261 00284.765 00266.163 00251.997 00098.419 00042.876 00033.449 00025.014 00017.254 00000.000 0.0 0.0 0.0 0.0 0.0 0.0 0.0 0.0 0.0 0.0 0.0 0.0 0.0 0.0 0.0 0.0 0.0 00000.000 00429.409 00782.846 01237.543 01278.266 01328.751
0.0 0.0 0.0 0.0 0.0 0.0 0.0 0.0 0.0 0.0 0.0 0.0 0.0 0.0 0.0 0.0 0.0 0.0 0.0 0.0 0.0 0.0 0.0 0.0 0.0 0.0 0.0 0.0 0.0 0.0 0.0 0.0 0.0 0.0 0.0 00000.000 00175.807 00444.627 00599.724 00549.118 00277.891 00116.167 00066.166 00057.055 00047.860 00044.558 00056.376 00163.058 00000.000 00000.000 0.0 0.0 0.0 0.0 0.0 0.0 0.0 0.0 0.0 0.0 0.0 0.0 0.0 0.0 00000.000 00557.182 00932.880 01246.130 01306.956 01345.474
0.0 0.0 0.0 0.0 0.0 0.0 0.0 0.0 0.0 0.0 0.0 0.0 0.0 0.0 0.0 0.0 0.0 0.0 0.0 0.0 0.0 0.0 0.0 0.0 0.0 0.0 0.0 0.0 0.0 0.0 0.0 0.0 0.0 0.0 0.0 00123.055 00292.285 00555.163 00871.923 00607.580 00333.121 00156.062 00098.962 00107.857 00128.782 00121.391 00138.170 00105.930 00083.179 00058.793 00033.632 00000.000 0.0 0.0 0.0 0.0 0.0 0.0 0.0 0.0 0.0 0.0 0.0 00000.000 00164.558 00368.342 00781.663 01194.532 01384.132 01397.353
0.0 0.0 0.0 0.0 0.0 0.0 0.0 0.0 0.0 0.0 0.0 0.0 0.0 0.0 0.0 0.0 0.0 0.0 0.0 0.0 0.0 0.0 0.0 0.0 0.0 0.0 0.0 0.0 0.0 0.0 0.0 0.0 0.0 0.0 00000.000 00158.486 00339.606 00742.456 00913.383 00716.453 00480.539 00360.597 00363.286 00345.953 00401.592 00333.365 00177.329 00100.976 00076.809 00057.186 00043.159 00041.256 00000.000 00000.000 0.0 0.0 0.0 0.0 0.0 0.0 0.0 0.0 00000.000 00105.502 00196.073 00423.114 00797.079 01182.530 01437.351 01542.722
0.0 0.0 0.0 0.0 0.0 0.0 0.0 0.0 0.0 0.0 0.0 0.0 0.0 0.0 0.0 0.0 0.0 0.0 0.0 0.0 0.0 0.0 0.0 0.0 0.0 0.0 0.0 0.0 0.0 0.0 0.0 0.0 0.0 0.0 00000.000 00193.693 00403.604 00843.823 00971.963 00858.810 00718.472 00620.092 00651.155 00625.481 00703.434 00378.549 00159.158 00104.646 00089.478 00075.859 00064.051 00074.598 00236.771 00139.363 00102.674 00000.000 00000.000 00000.000 0.0 0.0 00000.000 00087.736 00201.265 00255.736 00359.901 00551.499 00882.781 01232.716 01508.027 01770.308
0.0 0.0 0.0 0.0 0.0 0.0 0.0 0.0 0.0 0.0 0.0 0.0 0.0 0.0 0.0 0.0 0.0 0.0 0.0 0.0 0.0 0.0 0.0 0.0 0.0 0.0 0.0 0.0 0.0 0.0 0.0 0.0 0.0 0.0 00000.000 00226.086 00506.708 00936.804 01059.729 00986.662 00921.354 00884.669 00890.774 00900.893 00841.074 00429.503 00167.453 00119.402 00107.466 00097.197 00096.275 00106.397 00267.001 -9999.0 -9999.0 00219.434 00073.644 00027.941 00031.535 00075.422 00121.242 00192.604 00381.475 00475.515 00590.993 00734.670 01022.458 01332.418 01629.698 02057.130
0.0 0.0 0.0 0.0 0.0 0.0 0.0 0.0 0.0 0.0 0.0 0.0 0.0 0.0 0.0 0.0 0.0 0.0 0.0 0.0 0.0 0.0 0.0 0.0 0.0 0.0 0.0 0.0 0.0 0.0 0.0 0.0 00000.000 00070.791 00125.365 00278.762 00619.401 01043.381 01182.853 01118.549 01081.517 01068.605 01072.400 01001.447 00864.503 00513.102 00212.772 00148.096 00131.031 00123.774 00131.106 00151.061 -9999.0 -9999.0 -9999.0 00244.713 00097.554 00054.649 00065.232 00163.064 00237.316 00321.028 00469.047 00752.584 00861.473 00987.138 01208.805 01453.766 01756.674 02218.590
0.0 0.0 0.0 0.0 0.0 0.0 0.0 0.0 0.0 0.0 0.0 0.0 0.0 0.0 0.0 0.0 0.0 0.0 0.0 0.0 0.0 0.0 0.0 0.0 0.0 0.0 0.0 0.0 0.0 0.0 00000.000 00147.516 00159.273 00217.823 00260.033 00380.515 00799.817 01145.205 01306.298 01270.092 01244.516 01254.470 01166.394 01040.332 00908.197 00649.981 00328.530 00256.602 00180.309 00168.170 00181.058 00205.007 00253.427 00224.038 00194.888 00164.331 00125.177 00094.633 00116.452 00231.337 00382.923 00527.695 00641.329 00892.132 01073.502 01206.746 01385.388 01599.193 01975.317 02673.031
0.0 0.0 0.0 0.0 0.0 0.0 0.0 0.0 0.0 0.0 0.0 0.0 0.0 0.0 0.0 0.0 0.0 0.0 0.0 0.0 00000.000 00000.000 00000.000 00105.106 00110.565 00118.136 00127.056 00143.619 00148.922 00172.166 00257.872 00312.124 00375.316 00489.500 00478.024 00616.381 00954.765 01250.106 01429.739 01401.508 01394.007 01324.354 01206.137 01091.400 00971.290 00831.759 00654.664 00520.509 00235.282 00215.370 00232.761 00254.549 00259.516 00234.073 00205.539 00173.650 00160.155 00186.043 00231.596 00342.305 00662.328 00835.915 00906.746 01033.594 01283.524 01402.445 01545.055 01841.046 02220.055 02704.470
0.0 0.0 0.0 0.0 -9999.0 -9999.0 -9999.0 -9999.0 -9999.0 0.0 0.0 0.0 0.0 00000.000 00000.000 00000.000 00000.000 00106.807 00131.353 00158.312 00218.669 00281.266 00244.566 00245.289 00260.127 00262.059 00269.453 00280.995 00298.185 00416.002 00498.205 00543.813 00618.721 00793.457 01234.235 01244.495 01273.098 01366.629 -9999.0 01457.556 01399.729 01352.892 01262.550 01145.010 01021.739 00966.020 00926.632 00653.522 00377.904 00354.678 00327.193 00339.782 00278.195 00251.845 00225.423 00198.892 00207.435 00363.410 00431.331 00555.772 00873.390 01051.967 01133.351 01240.278 01378.673 01521.209 01661.286 01858.124 02653.946 02729.098
0.0 0.0 0.0 0.0 -9999.0 -9999.0 -9999.0 -9999.0 -9999.0 0.0 0.0 00000.000 00000.000 00226.345 00252.945 00270.836 00296.968 00340.019 00378.995 00419.103 00493.135 00394.532 00294.390 00296.885 00314.549 00314.639 00330.110 00337.220 00350.807 00554.976 00753.635 00813.156 00895.941 01026.406 01278.870 01292.906 01313.840 01478.578 -9999.0 01456.904 01416.441 01381.697 01309.455 01202.497 01146.636 01071.485 00955.652 00854.140 00677.574 00606.024 00611.699 00391.454 00303.144 00277.136 00251.659 00247.195 00257.795 00458.966 00693.237 00793.192 01036.080 01246.364 01328.186 01377.256 01446.114 01540.411 01675.462 01884.263 02701.191 02757.906
00000.000 00000.000 00000.000 00000.000 -9999.0 -9999.0 -9999.0 -9999.0 -9999.0 00000.000 00000.000 00245.927 00367.095 00499.581 00508.208 00522.824 00561.368 00608.864 00651.388 00697.054 00760.733 00483.346 00353.932 00360.168 00377.975 00376.862 00404.240 00416.976 00454.660 00661.049 00995.774 01021.561 01108.949 01233.152 01310.065 01326.474 01338.875 01494.963 -9999.0 01476.733 01447.817 01423.997 01376.822 01326.070 01231.244 01127.864 01036.777 00966.981 00926.977 00879.787 00744.724 00491.168 00345.631 00309.827 00293.396 00293.939 00310.158 00462.496 00893.601 01011.612 01205.746 01402.964 01416.559 01450.049 01508.373 01603.148 01743.309 01988.564 02719.746 02793.979
-9999.0 -9999.0 -9999.0 -9999.0 -9999.0 -9999.0 -9999.0 -9999.0 -9999.0 00177.611 00255.952 00337.494 00571.496 00776.411 00789.818 00810.236 00881.027 01271.219 01264.536 01262.282 01267.275 01255.590 00443.970 00438.652 00459.786 00441.786 00527.295 01222.153 01254.969 01231.303 01237.476 01229.273 01250.892 01314.608 01351.224 01358.172 01369.644 01413.147 01469.472 01507.572 01486.873 01474.007 01420.323 01369.209 01301.433 01206.744 01160.494 01206.698 01209.413 01220.442 01200.617 00487.803 00394.932 00357.599 00341.695 00339.241 00350.394 00501.038 00885.539 01221.911 01375.002 01535.921 01516.185 01549.527 01574.216 01669.289 01789.941 02081.155 02759.712 02831.398
-9999.0 -9999.0 -9999.0 -9999.0 -9999.0 -9999.0 -9999.0 -9999.0 -9999.0 00231.167 00271.447 00347.650 00569.591 01012.256 01000.513 01024.132 01115.974 01298.115 01303.543 01309.107 01306.890 01293.425 01287.207 01288.584 01279.061 01267.796 01259.435 01274.203 01273.663 01275.650 01276.634 01277.394 01293.315 01332.858 01382.960 01388.678 01397.811 01424.576 01470.294 01545.920 01519.071 01478.211 01437.700 01395.813 01351.683 01309.776 01274.674 01249.274 01252.462 01237.272 01194.851 00516.007 00456.112 00412.008 00386.523 00376.819 00383.908 00574.649 00963.762 01319.783 01532.782 01696.551 01712.736 01683.403 01668.927 01729.617 01836.304 02019.111 02765.694 02869.254
-9999.0 -9999.0 01440.124 01426.482 01369.250 01229.862 01065.404 00879.319 00552.558 00358.415 00395.521 00507.443 00726.831 01071.548 01258.572 01266.672 01276.882 01322.054 01337.522 01339.894 01331.210 01324.930 01322.346 01324.346 01346.572 01323.370 01336.411 01333.285 01323.302 01343.885 01346.727 01365.963 01370.106 01405.267 01399.565 01417.223 01426.274 01517.270 01551.584 01635.412 01581.465 01530.158 01462.230 01428.462 01395.553 01364.804 01303.958 01300.408 01206.673 01067.008 00924.556 00663.066 00534.928 00493.946 00479.822 00457.169 00463.668 01234.392 01252.193 01415.933 01717.480 01993.781 02016.830 01846.453 01757.785 01810.225 01909.851 02654.963 02776.684 02874.677
-9999.0 -9999.0 01423.032 01403.062 01322.281 01181.121 01031.991 00889.745 00692.643 00609.321 00657.219 00786.210 00951.644 01217.955 01309.540 01307.723 01323.127 01355.897 01369.566 01364.455 01357.536 01352.323 01353.081 01364.800 01494.472 01467.536 01497.317 01463.656 01465.492 01474.652 01485.164 01500.794 01506.524 01475.289 01436.994 01444.826 01455.537 01616.733 01833.493 01886.180 01690.634 01553.241 01494.759 01464.737 01428.379 01387.134 01370.598 01286.248 01147.243 01018.444 00941.149 00880.086 00798.469 00705.003 00669.272 00662.153 00696.261 01257.685 01299.340 01474.671 01839.798 02100.152 -9999.0 01994.026 01863.863 01919.475 02034.949 02718.475 02799.619 -9999.0
-9999.0 -9999.0 01422.758 01404.420 01332.576 01203.685 01066.230 00976.837 00910.091 00878.990 00926.271 01018.737 01172.378 01376.458 01340.393 01342.451 01356.171 01385.214 01394.252 01387.841 01381.971 01378.985 01382.436 01394.366 01555.981 01655.574 01634.389 01625.565 01635.962 01627.979 01656.946 01666.431 01603.946 01498.556 01465.327 01471.210 01484.170 01655.265 01735.385 01995.506 01737.805 01596.043 01534.595 01490.371 01460.107 01415.197 01363.473 01277.061 01158.992 01091.632 01029.080 00964.672 00957.986 00902.722 00880.305 00893.425 00941.353 01298.973 01338.452 01512.556 01631.041 01657.508 01874.560 02097.443 02011.453 02653.656 02706.066 02765.444 02829.651 -9999.0
01391.965 01450.518 01435.439 01427.110 01367.810 01259.424 01197.178 01164.747 01152.399 01157.741 01112.108 01200.801 01293.651 01352.101 01367.228 01373.704 01388.056 01413.863 01416.026 01449.609 01425.173 01424.369 01444.640 01468.149 01640.916 01928.940 01908.278 01905.346 01905.945 01903.884 01722.262 01578.815 01516.749 01503.029 01490.628 01496.847 01512.192 01556.251 01628.270 01810.646 01855.090 01714.664 01616.556 01567.925 01519.017 01460.407 01398.672 01328.265 01255.650 01178.597 01105.128 01075.780 01055.207 01071.497 01262.594 01269.407 01269.579 01316.210 01372.582 01409.305 01471.040 01524.708 01632.333 01909.756 02615.160 02753.566 02786.192 02833.250 -9999.0 -9999.0
01392.854 01443.623 01455.917 01460.736 01438.207 01378.090 01297.665 01249.973 01242.517 01234.330 01228.198 01280.610 01322.727 01374.662 01396.799 01404.301 01418.821 01442.291 01444.680 01596.826 01566.210 01579.304 01608.142 01667.965 01832.598 02265.642 02229.619 02233.230 02221.699 01908.043 01677.857 01532.137 01520.149 01513.109 01515.050 01520.468 01537.541 01575.407 01634.184 01856.194 02118.732 01946.345 01840.148 01735.761 01645.446 01543.850 01446.981 01383.608 01344.736 01272.337 01209.725 01201.113 01180.326 01236.738 01299.279 01305.035 01316.368 01338.589 01392.258 01428.265 01466.493 01521.331 01616.923 01849.095 02543.483 02867.997 02868.178 -9999.0 -9999.0 -9999.0
01404.046 01449.948 01507.667 01509.491 01542.688 01459.402 01360.339 01307.355 01297.621 01276.541 01290.994 01332.838 01357.169 01398.380 01424.112 01433.572 01447.975 01470.370 01472.643 01514.169 01565.809 01639.670 01885.557 01998.060 02177.814 02409.787 02415.715 02751.574 02741.020 01962.050 01749.210 01638.646 01589.203 01549.636 01539.572 01546.308 01566.961 01613.057 01666.934 01878.441 02338.226 02210.891 02135.480 01979.857 01739.866 01600.389 01506.809 01466.401 01430.760 01375.886 01342.913 01312.040 01317.869 01364.494 01355.051 01355.321 01376.431 01400.049 01428.737 01477.872 01547.360 01585.094 01741.752 02029.822 02585.248 02865.528 -9999.0 -9999.0 -9999.0 -9999.0
01421.075 01459.907 01628.623 -9999.0 01618.920 01504.806 01411.579 01348.545 01320.658 01314.725 01329.276 01360.562 01389.856 01423.411 01451.894 01461.432 01475.010 01490.649 01499.307 01523.897 01568.065 01639.073 01894.540 02316.795 02408.598 02560.380 02634.057 02772.802 02749.042 02159.185 01965.532 01846.568 01745.931 01602.958 01566.793 01581.731 01612.500 01655.315 01704.297 01953.257 02351.610 02378.586 02325.532 02115.245 01861.674 01728.328 01654.763 01602.554 01536.559 01505.843 01480.269 01450.768 01418.088 01427.980 01431.067 01433.718 01450.224 01470.108 01499.548 01684.085 01794.528 01848.073 02028.110 02295.217 02627.480 -9999.0 -9999.0 -9999.0 -9999.0 -9999.0
01441.472 01475.823 01627.582 -9999.0 -9999.0 01551.327 01443.511 01378.965 01355.393 01347.298 01360.781 01386.490 01418.331 01450.946 01478.805 01488.041 01501.404 01514.997 01526.150 01548.196 01585.340 01644.149 01847.132 02185.237 02589.652 02703.332 02788.928 02770.279 02734.662 02326.027 02223.308 01970.235 01848.071 01650.281 01608.853 01627.811 01657.691 01700.162 01748.961 01975.923 02413.268 02469.866 02370.738 02272.504 02144.562 02015.178 01934.648 01783.019 01715.287 01692.642 01666.382 01537.569 01497.959 01485.492 01481.223 01496.690 01515.815 01535.850 01570.366 01807.748 02121.828 02160.240 02300.572 02475.285 02716.675 -9999.0 -9999.0 -9999.0 -9999.0 -9999.0
01462.415 01495.497 01551.524 01613.629 -9999.0 01579.125 01466.168 01412.244 01393.766 01388.611 01398.106 01422.280 01446.884 01476.972 01504.954 01514.382 01527.465 01538.923 01552.435 01580.689 01621.302 01669.192 01723.397 01818.474 02731.342 -9999.0 02811.996 02770.862 02745.388 02376.829 02170.488 01854.052 01723.254 01709.141 -9999.0 -9999.0 -9999.0 01755.768 01813.689 02111.337 02469.212 02514.136 02436.798 02406.480 02711.671 02750.880 02739.673 02092.502 02023.546 02015.755 01926.287 01649.328 01546.952 01543.207 01543.859 01556.463 01588.192 01623.075 01677.174 01944.662 02375.618 02386.907 02485.029 02643.751 02817.060 -9999.0 -9999.0 -9999.0 -9999.0 -9999.0
01489.235 01517.734 01554.481 01616.579 -9999.0 01622.067 01495.312 01451.727 01440.539 01446.075 01452.378 01473.388 01476.765 01502.256 01530.929 01540.324 01553.296 01566.065 01589.464 01620.004 01658.137 01704.197 01760.901 01852.413 -9999.0 -9999.0 02819.696 02773.668 02746.019 02368.693 02209.456 01918.260 01775.505 01772.657 -9999.0 -9999.0 -9999.0 01851.316 02749.634 02405.570 02583.468 02590.190 02549.625 02601.778 02745.805 02758.834 02731.912 02336.469 02318.732 02319.510 02163.444 01731.777 01641.072 01622.531 01634.983 01651.642 01689.875 01731.517 01863.607 02098.491 02465.184 02552.524 02655.557 02792.400 -9999.0 -9999.0 -9999.0 -9999.0 -9999.0 -9999.0
01516.516 01539.983 01682.143 01621.970 01544.232 01523.440 01501.863 01488.762 01484.413 01494.584 01500.370 01507.189 01506.314 01527.438 01630.710 01626.713 01636.731 01637.762 01692.167 01724.124 01797.909 01852.693 01934.999 02114.886 02745.184 02804.676 02789.698 02772.082 02757.168 02751.218 02749.901 02746.308 01877.992 01888.515 -9999.0 -9999.0 -9999.0 -9999.0 -9999.0 02586.183 02738.101 02709.732 02711.227 02721.980 02767.413 02757.879 02754.094 02753.861 02741.719 02427.832 02308.982 02020.437 01898.790 01800.093 01742.891 01785.474 01908.436 02066.677 02329.532 02424.409 02612.393 02705.095 02805.157 -9999.0 -9999.0 -9999.0 -9999.0 -9999.0 -9999.0 -9999.0
01542.914 01565.476 01758.880 01594.993 01539.019 01526.097 01515.583 01508.732 01510.314 01520.112 01528.770 01527.335 01533.364 01551.845 01746.057 01869.616 01890.733 01881.245 01967.671 02015.126 02108.926 02171.981 02253.085 02358.538 02742.585 02805.099 02790.448 02781.947 02778.611 02778.780 02778.275 02767.406 02766.297 02774.767 -9999.0 -9999.0 -9999.0 -9999.0 -9999.0 02747.646 02828.906 02766.445 02743.682 02754.824 02779.927 02776.424 02780.926 02776.258 02748.950 02487.867 02387.051 02335.955 02296.405 02182.089 02107.307 02225.653 02377.819 02484.033 02594.152 02636.706 02744.022 02830.197 -9999.0 -9999.0 -9999.0 -9999.0 -9999.0 -9999.0 -9999.0 -9999.0
01574.033 01608.396 01740.322 01582.191 01552.913 01542.290 01534.268 01533.578 01535.864 01544.862 01550.560 01551.819 01559.959 01587.571 01775.577 02152.198 02179.387 02169.788 02267.199 02302.823 02356.948 02385.893 02433.063 02538.861 02741.936 02801.486 02802.639 02798.065 02797.586 02797.046 02790.535 02787.593 02791.817 02801.082 -9999.0 -9999.0 -9999.0 -9999.0 -9999.0 -9999.0 02875.833 02794.858 02768.496 02781.224 02796.144 02794.410 02791.886 02772.423 02744.711 02561.621 02511.618 02479.919 02425.830 02361.940 02495.374 02552.421 02609.079 02670.587 02730.951 02780.000 02858.119 -9999.0 -9999.0 -9999.0 -9999.0 -9999.0 -9999.0 -9999.0 -9999.0 -9999.0
01666.536 01712.886 01768.856 01610.413 01577.280 01562.563 01559.078 01559.164 01562.515 01577.472 01584.305 01588.980 01603.628 01628.883 01859.394 02293.615 02376.968 02376.411 02434.795 02474.166 02516.128 02537.284 02601.382 02706.744 02771.075 02809.873 02816.880 02814.857 02814.183 02810.427 02805.590 02808.411 02813.203 02823.361 -9999.0 -9999.0 -9999.0 02862.192 02847.326 02832.450 02818.056 02793.827 02792.204 02803.680 02811.926 02807.105 02790.603 02771.685 02756.058 02747.395 02759.794 02760.052 02544.445 02540.253 02664.006 02712.172 02754.907 02804.738 02843.293 02875.975 -9999.0 -9999.0 -9999.0 -9999.0 -9999.0 -9999.0 -9999.0 -9999.0 -9999.0 -9999.0
01966.857 02029.683 01831.802 01654.106 01609.885 01605.215 01602.136 01603.499 01610.730 01622.564 01627.383 01634.160 01649.408 01674.718 01862.971 02338.179 02524.594 02555.589 02593.185 02641.497 02657.735 02695.095 02755.882 02816.434 02798.687 02827.646 02831.403 02831.326 02828.572 02822.752 02822.963 02827.927 02832.599 02843.516 -9999.0 -9999.0 -9999.0 02855.817 02840.509 02825.205 02810.263 02808.581 02812.222 02824.702 02821.453 02807.770 02792.088 02783.391 02777.048 02779.920 02789.707 02770.098 02663.623 02708.814 02804.246 02844.690 -9999.0 -9999.0 -9999.0 -9999.0 -9999.0 -9999.0 -9999.0 -9999.0 -9999.0 -9999.0 -9999.0 -9999.0 -9999.0 -9999.0
02264.460 02208.243 01924.553 01706.848 01650.741 01646.995 01645.825 -9999.0 -9999.0 01671.170 01671.062 01679.975 01695.683 01723.093 01941.812 02371.456 02668.340 02716.507 02739.411 02773.197 02788.317 02833.908 -9999.0 02840.411 02867.899 -9999.0 02854.296 02846.670 02839.278 02843.313 02846.296 02850.946 02856.148 02873.228 -9999.0 -9999.0 -9999.0 02852.407 02837.381 02829.456 02825.427 02826.335 02832.850 02836.578 02824.661 02814.044 02805.760 02799.634 02798.267 02803.941 02800.429 02784.382 02785.703 02852.982 -9999.0 -9999.0 -9999.0 -9999.0 -9999.0 -9999.0 -9999.0 -9999.0 -9999.0 -9999.0 -9999.0 -9999.0 -9999.0 -9999.0 -9999.0 -9999.0
