tests/Case_4_Intensity.asc
NCOLS 245
NROWS 163
XLLCORNER 4208400.000000
YLLCORNER 1880200.000000
CELLSIZE 100.000000
NODATA_VALUE -9999.0
[rows 29 to 57 of 163, columns 128 to 191 of 245]
-9999.0 -9999.0 -9999.0 -9999.0 -9999.0 -9999.0 00004.467 00018.469 00022.482 00022.176 00013.482 00007.686 00008.301 00011.597 00013.993 00014.354 00014.830 00015.474 00016.116 00022.096 00018.587 00013.959 00005.908 00007.612 00011.846 00011.197 00006.262 -9999.0 -9999.0 -9999.0 -9999.0 -9999.0 -9999.0 -9999.0 -9999.0 -9999.0 -9999.0 -9999.0 -9999.0 -9999.0 -9999.0 -9999.0 -9999.0 -9999.0 -9999.0 -9999.0 -9999.0 -9999.0 -9999.0 -9999.0 -9999.0 -9999.0 -9999.0 -9999.0 -9999.0 -9999.0 -9999.0 -9999.0 -9999.0 -9999.0 -9999.0 -9999.0 -9999.0 -9999.0
-9999.0 -9999.0 -9999.0 -9999.0 -9999.0 -9999.0 00015.381 00021.391 00024.230 00023.761 00010.257 00007.012 00012.257 00013.747 00014.344 00013.064 00012.634 00013.491 00018.524 00018.862 00020.865 00019.313 00018.891 00008.040 00006.401 00011.105 00010.183 -9999.0 -9999.0 -9999.0 -9999.0 -9999.0 -9999.0 -9999.0 -9999.0 -9999.0 -9999.0 -9999.0 -9999.0 -9999.0 -9999.0 -9999.0 -9999.0 -9999.0 -9999.0 -9999.0 -9999.0 -9999.0 -9999.0 -9999.0 -9999.0 -9999.0 -9999.0 -9999.0 -9999.0 -9999.0 -9999.0 -9999.0 -9999.0 -9999.0 -9999.0 -9999.0 -9999.0 -9999.0
-9999.0 -9999.0 -9999.0 -9999.0 -9999.0 -9999.0 00017.301 00009.145 00026.468 00020.562 00008.836 00009.817 00012.037 00012.205 00008.986 00007.362 00005.154 00006.251 00012.926 00014.536 00014.086 00013.286 00015.233 00014.230 00007.772 00008.805 00011.194 00011.367 00007.430 -9999.0 -9999.0 -9999.0 -9999.0 -9999.0 -9999.0 -9999.0 -9999.0 -9999.0 -9999.0 -9999.0 -9999.0 -9999.0 -9999.0 -9999.0 -9999.0 -9999.0 -9999.0 -9999.0 -9999.0 -9999.0 -9999.0 -9999.0 -9999.0 -9999.0 -9999.0 -9999.0 -9999.0 -9999.0 -9999.0 -9999.0 -9999.0 -9999.0 -9999.0 -9999.0
-9999.0 -9999.0 -9999.0 -9999.0 -9999.0 -9999.0 -9999.0 -9999.0 00027.443 00026.470 00013.268 -9999.0 -9999.0 00001.321 00012.296 00015.186 00016.833 00017.351 00014.451 00001.614 00008.987 00013.051 00016.452 00015.702 00011.471 00005.994 00006.623 00011.293 00011.697 00007.150 -9999.0 -9999.0 -9999.0 -9999.0 -9999.0 -9999.0 -9999.0 -9999.0 -9999.0 -9999.0 -9999.0 -9999.0 -9999.0 -9999.0 -9999.0 -9999.0 -9999.0 -9999.0 -9999.0 -9999.0 -9999.0 -9999.0 -9999.0 -9999.0 -9999.0 -9999.0 -9999.0 -9999.0 -9999.0 -9999.0 -9999.0 -9999.0 -9999.0 -9999.0
-9999.0 -9999.0 -9999.0 -9999.0 -9999.0 -9999.0 -9999.0 -9999.0 00025.509 00023.786 00018.660 -9999.0 -9999.0 00013.544 00019.704 00021.369 00023.783 00025.381 00021.551 00018.454 00011.837 00004.275 00010.375 00014.596 00015.502 00013.182 00012.791 00005.910 00011.360 00011.353 00004.273 -9999.0 -9999.0 -9999.0 -9999.0 -9999.0 -9999.0 -9999.0 -9999.0 -9999.0 -9999.0 -9999.0 -9999.0 -9999.0 -9999.0 -9999.0 -9999.0 -9999.0 -9999.0 -9999.0 -9999.0 -9999.0 -9999.0 -9999.0 -9999.0 -9999.0 -9999.0 -9999.0 -9999.0 -9999.0 -9999.0 -9999.0 -9999.0 -9999.0
-9999.0 -9999.0 -9999.0 -9999.0 -9999.0 -9999.0 -9999.0 -9999.0 00020.425 00019.298 00015.511 -9999.0 -9999.0 00016.937 00021.556 00025.198 00029.183 00030.082 00030.122 00028.147 00025.720 00018.510 00001.711 00011.745 00015.465 00017.670 00015.238 00012.682 00006.345 00011.945 00010.368 -9999.0 -9999.0 -9999.0 -9999.0 -9999.0 -9999.0 -9999.0 -9999.0 -9999.0 -9999.0 -9999.0 -9999.0 -9999.0 -9999.0 -9999.0 -9999.0 -9999.0 -9999.0 -9999.0 -9999.0 -9999.0 -9999.0 -9999.0 -9999.0 -9999.0 -9999.0 -9999.0 -9999.0 -9999.0 -9999.0 -9999.0 -9999.0 -9999.0
-9999.0 -9999.0 -9999.0 -9999.0 -9999.0 -9999.0 -9999.0 -9999.0 -9999.0 -9999.0 -9999.0 -9999.0 -9999.0 00012.269 00013.336 00018.026 00027.867 00035.879 00035.364 00034.435 00032.209 00028.012 00018.900 00004.717 00013.810 00019.179 00018.654 00015.855 00011.583 00007.850 00011.930 00007.410 -9999.0 -9999.0 -9999.0 -9999.0 -9999.0 -9999.0 -9999.0 -9999.0 -9999.0 -9999.0 -9999.0 -9999.0 -9999.0 -9999.0 -9999.0 -9999.0 -9999.0 -9999.0 -9999.0 -9999.0 -9999.0 -9999.0 -9999.0 -9999.0 -9999.0 -9999.0 -9999.0 -9999.0 -9999.0 -9999.0 -9999.0 -9999.0
-9999.0 -9999.0 -9999.0 -9999.0 -9999.0 -9999.0 -9999.0 -9999.0 -9999.0 -9999.0 -9999.0 -9999.0 -9999.0 00002.833 00004.984 00015.073 00020.928 00029.434 00040.371 00039.082 00037.727 00033.505 00025.265 00009.012 00009.877 00015.007 00020.577 00019.944 00013.635 00003.087 00011.477 00010.348 -9999.0 -9999.0 -9999.0 -9999.0 -9999.0 -9999.0 -9999.0 -9999.0 -9999.0 -9999.0 -9999.0 -9999.0 -9999.0 -9999.0 -9999.0 -9999.0 -9999.0 -9999.0 -9999.0 -9999.0 -9999.0 -9999.0 -9999.0 -9999.0 -9999.0 -9999.0 -9999.0 -9999.0 -9999.0 -9999.0 -9999.0 -9999.0
-9999.0 -9999.0 -9999.0 -9999.0 -9999.0 -9999.0 -9999.0 -9999.0 00035.980 00027.208 00025.322 00022.784 00045.365 00039.782 00025.308 00008.399 00018.749 00024.222 00041.302 00042.446 00039.761 00040.637 00032.756 00023.919 00001.509 00014.604 00020.858 00020.895 00017.082 00007.830 00009.296 00011.211 -9999.0 -9999.0 -9999.0 -9999.0 -9999.0 -9999.0 -9999.0 -9999.0 -9999.0 -9999.0 -9999.0 -9999.0 -9999.0 -9999.0 -9999.0 -9999.0 -9999.0 -9999.0 -9999.0 -9999.0 -9999.0 -9999.0 -9999.0 -9999.0 -9999.0 -9999.0 -9999.0 -9999.0 -9999.0 -9999.0 -9999.0 -9999.0
-9999.0 -9999.0 -9999.0 -9999.0 -9999.0 -9999.0 -9999.0 -9999.0 00154.389 00028.721 00026.630 00023.677 00021.894 00047.262 00035.751 00011.467 00014.849 00022.326 00028.142 00043.412 00042.611 00041.152 00036.155 00028.195 00008.711 00010.750 00016.436 00020.970 00017.985 00014.463 00007.741 00012.401 00011.566 00007.720 -9999.0 -9999.0 -9999.0 -9999.0 -9999.0 -9999.0 -9999.0 -9999.0 -9999.0 -9999.0 -9999.0 -9999.0 -9999.0 -9999.0 -9999.0 -9999.0 -9999.0 -9999.0 -9999.0 -9999.0 -9999.0 -9999.0 -9999.0 -9999.0 -9999.0 -9999.0 -9999.0 -9999.0 -9999.0 -9999.0
-9999.0 -9999.0 -9999.0 -9999.0 -9999.0 -9999.0 -9999.0 -9999.0 00153.769 00125.904 00027.056 00025.250 00022.525 00050.983 00043.610 00026.489 00010.484 00021.026 00026.090 00044.970 00044.582 00042.016 00037.558 00031.477 00018.581 00009.160 00014.916 00020.395 00019.506 00013.699 00002.399 00007.844 00012.875 00013.456 00010.486 00001.932 -9999.0 -9999.0 -9999.0 -9999.0 -9999.0 00010.782 00012.277 00013.746 00013.884 00009.685 -9999.0 -9999.0 -9999.0 -9999.0 -9999.0 -9999.0 -9999.0 -9999.0 -9999.0 -9999.0 -9999.0 -9999.0 -9999.0 -9999.0 -9999.0 -9999.0 -9999.0 -9999.0
-9999.0 -9999.0 -9999.0 -9999.0 -9999.0 -9999.0 -9999.0 -9999.0 00150.100 00115.873 00101.332 00024.874 00023.017 00033.550 00047.403 00032.826 00005.050 00019.569 00026.674 00044.719 00045.559 00042.189 00038.990 00033.399 00024.714 00000.067 00012.281 00017.949 00019.610 00014.972 00014.157 00010.264 00007.803 00010.799 00013.491 00011.170 00008.861 00004.390 00006.668 00005.908 00010.655 00014.237 00016.054 00014.991 00015.353 00014.458 00009.960 -9999.0 -9999.0 -9999.0 -9999.0 -9999.0 -9999.0 -9999.0 -9999.0 -9999.0 -9999.0 -9999.0 -9999.0 -9999.0 -9999.0 -9999.0 -9999.0 -9999.0
00159.003 00157.992 -9999.0 -9999.0 -9999.0 -9999.0 -9999.0 -9999.0 00077.384 00108.360 00094.682 00025.133 00023.618 00022.017 00049.224 00036.211 00011.695 00016.161 00024.187 00028.009 00046.371 00044.252 00040.519 00036.403 00029.676 00012.186 00009.973 00013.115 00015.913 00018.317 00018.174 00014.284 00013.116 00001.947 00008.488 00012.441 00013.385 00013.104 00015.772 00014.291 00014.188 00013.121 00018.010 00016.452 00014.808 00016.215 00017.194 00010.549 -9999.0 -9999.0 -9999.0 -9999.0 -9999.0 -9999.0 -9999.0 -9999.0 -9999.0 -9999.0 -9999.0 -9999.0 -9999.0 -9999.0 -9999.0 -9999.0
00157.041 00156.482 00155.798 00155.019 00149.170 00136.618 00119.809 00111.072 00106.320 00097.942 00087.985 00036.767 00024.892 00023.157 00051.883 00042.273 00022.775 00013.687 00023.543 00028.162 00047.130 00047.563 00044.729 00041.443 00034.002 00018.628 00005.694 00005.278 00011.000 00014.721 00018.286 00017.893 00015.566 00014.102 00011.815 00006.482 00007.638 00009.345 00014.654 00009.896 00008.943 00006.654 00006.458 00006.476 00012.224 00015.212 00015.163 00014.255 -9999.0 -9999.0 -9999.0 -9999.0 -9999.0 -9999.0 -9999.0 -9999.0 -9999.0 -9999.0 -9999.0 -9999.0 -9999.0 -9999.0 -9999.0 -9999.0
00154.892 00154.796 00152.865 00151.617 00144.846 00128.708 00114.981 00107.621 00100.733 00089.902 00085.697 00080.805 00025.348 00023.702 00049.452 00045.171 00026.081 00011.644 00022.517 00028.319 00047.308 00047.927 00045.298 00040.725 00027.180 00025.608 00024.302 00019.623 00000.057 00009.899 00014.835 00016.206 00018.043 00017.654 00015.884 00012.730 00011.855 00006.547 00002.416 00001.367 00009.905 00014.952 00025.991 00012.654 00015.132 00015.335 00013.406 00014.737 -9999.0 -9999.0 -9999.0 -9999.0 -9999.0 -9999.0 -9999.0 -9999.0 -9999.0 -9999.0 -9999.0 -9999.0 -9999.0 -9999.0 -9999.0 -9999.0
00151.692 00152.170 00150.847 00150.157 00143.671 00123.147 00108.860 00102.654 00094.760 00086.965 00082.130 00076.680 00025.816 00023.855 00040.957 00047.211 00029.477 00008.596 00021.566 00027.813 00045.828 00040.560 00030.724 00033.448 00034.846 00037.523 00036.668 00030.301 00020.905 00003.355 00005.966 00010.811 00016.292 00017.781 00016.028 00016.620 00016.293 00014.362 00012.831 00013.785 00022.840 00034.767 00030.792 00016.440 00010.869 00012.204 00014.375 00011.227 -9999.0 -9999.0 -9999.0 -9999.0 -9999.0 -9999.0 -9999.0 -9999.0 -9999.0 -9999.0 -9999.0 -9999.0 -9999.0 -9999.0 -9999.0 -9999.0
00149.296 00149.964 00149.481 00149.078 00144.833 00114.920 00103.306 00096.159 00088.537 00081.740 00078.158 00071.600 00026.295 00024.088 00036.368 00048.152 00031.091 00007.761 00021.097 00027.150 00015.537 00017.548 00026.432 00047.351 00049.346 00044.313 00047.881 00036.152 00023.642 00023.757 00019.156 00000.554 00010.566 00013.019 00014.213 00016.034 00016.537 00017.415 00015.153 00023.163 00035.042 00033.342 00018.502 00009.088 00009.981 00015.509 00015.262 00006.653 -9999.0 -9999.0 -9999.0 -9999.0 -9999.0 -9999.0 -9999.0 -9999.0 -9999.0 -9999.0 -9999.0 -9999.0 -9999.0 -9999.0 -9999.0 -9999.0
00147.632 00147.299 00147.262 00147.867 00109.829 00104.771 00097.756 00088.290 00083.008 00073.968 00067.452 00063.105 00026.840 00024.543 00039.629 00047.751 00030.464 00008.230 00010.252 00014.135 00016.680 00018.811 00031.630 00049.915 00064.224 00058.362 00047.391 00048.617 00045.340 00037.027 00028.730 00020.498 00005.529 00002.689 00009.905 00012.973 00015.834 00015.470 00021.291 00025.397 00029.303 00019.645 00016.150 00009.699 00009.819 00014.481 00015.256 -9999.0 -9999.0 -9999.0 -9999.0 -9999.0 -9999.0 -9999.0 -9999.0 -9999.0 -9999.0 -9999.0 -9999.0 -9999.0 -9999.0 -9999.0 -9999.0 -9999.0
00146.540 00145.990 00145.953 00146.656 00140.596 00109.461 00090.263 00081.897 00070.729 00061.116 00060.625 00034.547 00026.993 00024.930 00052.050 00031.916 00030.567 00024.974 00019.349 00007.006 00003.261 00009.388 00021.574 00035.226 00052.955 00051.301 00053.301 00056.391 00048.479 00040.048 00034.201 00028.928 00037.361 00039.554 00011.060 00003.241 00010.922 00018.546 00024.995 00027.544 00021.109 00016.796 00020.979 00005.696 00010.214 00014.459 00014.318 00010.495 -9999.0 -9999.0 -9999.0 -9999.0 -9999.0 -9999.0 -9999.0 -9999.0 -9999.0 -9999.0 -9999.0 -9999.0 -9999.0 -9999.0 -9999.0 -9999.0
-9999.0 -9999.0 -9999.0 -9999.0 -9999.0 -9999.000 00078.062 00063.583 00058.185 00057.980 00058.774 00025.151 00026.622 00030.405 00029.359 00027.842 00027.175 00037.047 00035.237 00031.772 00028.217 00003.243 00011.476 00026.875 00030.252 00028.604 00048.715 00054.309 00059.234 00058.725 00056.780 00053.314 00056.209 00063.348 00066.835 00045.544 00002.528 00021.119 00025.936 00021.192 00017.917 00020.605 00014.352 00007.819 00010.880 00014.858 00014.795 00014.056 00007.823 -9999.0 -9999.0 -9999.0 -9999.0 -9999.0 -9999.0 -9999.0 -9999.0 -9999.0 -9999.0 -9999.0 -9999.0 -9999.0 -9999.0 -9999.0
-9999.0 -9999.0 -9999.0 -9999.0 -9999.0 -9999.0 00074.452 00052.912 00053.549 00053.743 00102.070 00084.795 00026.351 00032.621 00031.600 00030.504 00029.361 00027.585 00026.140 00031.962 00039.203 00014.713 00005.855 00013.801 00019.047 00025.960 00032.010 00045.004 00055.829 00058.212 00060.679 00059.393 00047.637 00055.743 00054.601 00051.275 00022.902 00002.132 00015.269 00018.308 00022.031 00022.228 00017.381 00018.726 00006.000 00008.250 00013.023 00014.326 00012.834 -9999.0 -9999.0 -9999.0 -9999.0 -9999.0 -9999.0 -9999.0 -9999.0 -9999.0 -9999.0 -9999.0 -9999.0 -9999.0 -9999.0 -9999.0
-9999.0 -9999.0 -9999.0 -9999.0 -9999.0 -9999.000 -9999.000 00048.818 00121.508 00107.070 00096.125 00090.263 00036.174 00034.551 00033.312 00032.459 00031.291 00029.960 00028.092 00026.645 00023.177 00032.234 00017.345 00006.681 00010.883 00020.184 00030.241 00036.051 00055.928 00064.777 00066.468 00063.971 00056.315 00041.692 00063.395 00061.787 00043.413 00009.799 00014.240 00018.928 00020.179 00023.676 00019.688 00019.778 00020.683 00009.597 00008.991 00013.379 00013.329 00005.825 -9999.0 -9999.0 -9999.0 -9999.0 -9999.0 -9999.0 -9999.0 -9999.0 -9999.0 -9999.0 -9999.0 -9999.0 -9999.0 -9999.0
-9999.0 -9999.0 -9999.0 -9999.0 -9999.000 -9999.000 00120.580 00106.084 00113.460 00100.815 00091.989 00086.851 00160.024 00156.610 00153.525 00128.765 00032.198 00031.642 00029.742 00028.529 00025.549 00022.259 00031.533 00023.574 00010.676 00014.094 00027.455 00036.514 00039.908 00064.695 00072.188 00070.275 00064.819 00031.040 00044.525 00051.031 00044.093 00029.676 00002.707 00018.196 00022.771 00022.018 00022.300 00021.733 00021.334 00023.015 00002.841 00012.239 00012.957 00008.999 -9999.0 -9999.0 -9999.0 -9999.0 -9999.0 -9999.0 -9999.0 -9999.0 -9999.0 -9999.0 -9999.0 -9999.0 -9999.0 -9999.0
-9999.0 -9999.0 -9999.0 -9999.000 -9999.000 00139.725 00121.796 00106.789 00103.609 00094.995 00087.526 00161.326 00160.951 00157.331 00153.743 00152.924 00152.510 00150.322 00145.832 00030.000 00028.058 00025.134 00021.898 00027.788 00016.608 00006.441 00020.063 00032.909 00038.017 00060.873 00054.760 00063.455 00056.393 00041.474 00038.085 00055.609 00057.374 00043.452 00005.249 00013.199 00026.200 00024.362 00021.882 00023.046 00022.022 00019.573 00009.163 00010.159 00013.165 00012.886 -9999.0 -9999.0 -9999.0 -9999.0 -9999.0 -9999.0 -9999.0 -9999.0 -9999.0 -9999.0 -9999.0 -9999.0 -9999.0 -9999.0
-9999.0 -9999.0 -9999.0 00073.309 00128.375 00135.565 00113.988 00106.881 00098.828 00089.395 00078.780 00145.001 00162.318 00158.570 00154.530 00153.654 00153.187 00151.214 00146.491 00141.285 00129.125 00026.541 00024.570 00021.494 00025.461 00012.296 00006.122 00014.720 00017.345 00018.892 00047.404 00052.443 00051.250 00045.862 00037.771 00042.482 00053.828 00049.199 00012.956 00009.207 00022.927 00024.032 00022.235 00023.498 00023.037 00017.868 00011.437 00010.085 00013.906 00014.067 -9999.0 -9999.0 -9999.0 -9999.0 -9999.0 -9999.0 -9999.0 -9999.0 -9999.0 -9999.0 -9999.0 -9999.0 -9999.0 -9999.0
-9999.0 -9999.0 -9999.0 -9999.000 00134.495 00133.646 00107.205 00105.557 00090.533 00073.834 00067.488 00159.816 00162.677 00158.825 00154.894 00154.130 00153.637 00152.097 00146.881 00140.525 00126.860 00118.545 00026.872 00023.923 00020.196 00034.906 00016.325 00006.011 00013.143 00014.645 00018.345 00035.332 00034.502 00025.087 00020.335 00032.884 00044.494 00042.280 00028.057 00011.698 00007.426 00019.478 00021.283 00022.509 00018.656 00017.038 00016.904 00010.904 00013.405 00013.341 -9999.0 -9999.0 -9999.0 -9999.0 -9999.0 -9999.0 -9999.0 -9999.0 -9999.0 -9999.0 -9999.0 -9999.0 -9999.0 -9999.0
-9999.0 -9999.0 -9999.0 -9999.000 00135.318 00130.909 00101.703 00093.247 00069.998 00062.537 00135.335 00155.961 00162.000 00158.731 00154.406 00153.589 00153.235 00151.761 00146.375 00137.838 00122.212 00117.015 00042.210 00024.507 00021.907 00040.054 00037.405 00024.324 00005.244 00014.663 00017.632 00020.783 00025.548 00039.478 00030.576 00019.648 00037.312 00054.259 00061.346 00029.253 00001.582 00014.849 00022.866 00023.296 00017.651 00017.375 00021.822 00004.233 -9999.0 -9999.0 -9999.0 -9999.0 -9999.0 -9999.0 -9999.0 -9999.0 -9999.0 -9999.0 -9999.0 -9999.0 -9999.0 -9999.0 -9999.0 -9999.0
-9999.0 -9999.0 -9999.0 -9999.0 -9999.000 -9999.000 00159.453 00103.054 00059.129 00051.084 00125.799 00145.020 00159.364 00158.471 00153.820 00152.929 00152.564 00151.140 00145.499 00135.911 00123.009 00114.859 00106.520 00024.851 00024.309 00023.146 00047.675 00037.930 00014.666 00014.027 00023.916 00029.947 00035.258 00040.188 00056.667 00029.225 00022.027 00044.564 00033.648 00020.068 00006.968 00032.078 00038.868 00025.824 00023.592 00018.291 00018.336 00010.335 -9999.0 -9999.0 -9999.0 -9999.0 -9999.0 -9999.0 -9999.0 -9999.0 -9999.0 -9999.0 -9999.0 -9999.0 -9999.0 -9999.0 -9999.0 -9999.0
-9999.0 -9999.0 -9999.0 -9999.0 -9999.0 -9999.0 -9999.000 00163.482 00066.627 00059.112 00109.498 00129.114 00156.946 00158.138 00152.976 00151.952 00151.674 00150.343 00144.572 00133.353 00119.454 00112.148 00101.539 00048.557 00025.693 00022.877 00048.339 00041.391 00024.650 00010.585 00024.490 00030.646 00032.791 00039.361 00065.376 00055.534 00020.447 00033.643 00028.048 00016.122 00003.594 00025.124 00034.256 00035.058 00030.176 00021.915 00018.223 00013.358 -9999.0 -9999.0 -9999.0 -9999.0 -9999.0 -9999.0 -9999.0 -9999.0 -9999.0 -9999.0 -9999.0 -9999.0 -9999.0 -9999.0 -9999.0 -9999.0
