tests/Case_4_ArrivalTime.asc
NCOLS 245
NROWS 163
XLLCORNER 4208400.000000
YLLCORNER 1880200.000000
CELLSIZE 100.000000
NODATA_VALUE -9999.0
[rows 90 to 119 of 163, columns 67 to 133 of 245]
04493.737 04395.578 03215.699 03098.058 03031.154 02967.865 02959.763 02896.623 02846.032 02899.357 03022.947 02958.057 01901.478 01770.046 01695.908 01670.991 01665.301 01659.633 01650.859 01671.013 01702.274 01693.555 01552.338 01399.682 00522.000 00473.905 00444.431 00377.182 00364.931 00324.377 00271.748 00226.646 00186.254 00138.794 00091.187 00000.000 0.0 0.0 0.0 0.0 0.0 0.0 0.0 0.0 0.0 0.0 0.0 0.0 0.0 0.0 0.0 0.0 0.0 0.0 0.0 0.0 0.0 0.0 0.0 0.0 0.0 0.0 0.0 0.0 0.0 0.0 0.0
04517.089 04441.077 03282.612 03187.555 03135.569 03096.762 03088.084 03073.227 03030.753 03069.079 03117.080 03029.594 02816.119 01845.286 01772.560 01747.426 01732.381 01734.321 01725.512 01724.946 01744.710 01736.342 01619.913 01495.398 01430.010 01377.761 00574.230 00478.592 00464.188 00354.833 00309.013 00265.594 00219.887 00176.463 00125.665 00000.000 0.0 0.0 0.0 0.0 0.0 0.0 0.0 0.0 0.0 0.0 0.0 0.0 0.0 0.0 0.0 0.0 0.0 0.0 0.0 0.0 0.0 0.0 0.0 0.0 0.0 0.0 0.0 0.0 0.0 0.0 0.0
04538.307 04487.295 04401.542 03291.076 03240.139 03199.834 03179.545 03190.820 03148.561 03199.519 03239.696 03116.713 02963.302 01962.375 01850.463 01827.349 01804.570 01801.232 01802.501 01796.906 01801.574 01795.304 01686.860 01600.640 01538.486 01497.093 01458.022 01387.493 00547.583 00431.276 00350.331 00297.926 00250.361 00208.245 00163.610 00112.633 00000.000 0.0 0.0 0.0 0.0 0.0 0.0 0.0 0.0 0.0 0.0 0.0 0.0 0.0 0.0 0.0 0.0 0.0 0.0 0.0 0.0 0.0 0.0 0.0 0.0 0.0 0.0 0.0 0.0 0.0 0.0
04566.004 04523.885 04488.902 04443.568 04394.865 04331.441 03272.277 03256.017 03251.684 03277.586 03326.271 03231.543 03061.154 02842.011 01943.109 01914.336 01881.135 01872.605 01881.240 01877.196 01873.718 01869.274 01757.672 01686.383 01634.919 01597.649 01557.713 01499.965 01426.980 00549.473 00416.457 00330.123 00281.800 00239.096 00199.611 00151.876 00100.708 00000.000 0.0 0.0 0.0 0.0 0.0 0.0 0.0 0.0 0.0 0.0 0.0 0.0 0.0 0.0 0.0 0.0 0.0 0.0 0.0 0.0 0.0 0.0 0.0 0.0 0.0 0.0 0.0 0.0 0.0
04599.957 04569.884 04542.801 04517.777 04492.557 04460.291 04436.545 04416.511 04393.470 03345.949 03421.923 03277.566 03135.550 02987.700 02874.608 02806.537 01995.030 01967.030 01967.864 02870.030 02858.657 02822.260 01838.143 01768.634 01715.184 01681.709 01644.372 01596.996 01525.185 01436.178 00500.837 00362.620 00304.469 00252.095 00201.942 00156.216 00113.295 00069.847 0.0 0.0 0.0 0.0 0.0 0.0 0.0 0.0 0.0 0.0 0.0 0.0 0.0 0.0 0.0 0.0 0.0 0.0 0.0 0.0 0.0 0.0 0.0 0.0 0.0 0.0 0.0 0.0 0.0
04632.488 04612.513 04592.646 04569.815 04550.050 04530.504 04523.325 04478.118 04366.417 03456.472 03387.090 03310.909 03247.185 03123.392 03056.538 02994.767 02918.092 02882.170 02905.798 02938.954 03062.058 02973.519 01964.233 01854.107 01798.680 01760.364 01715.076 01679.295 01622.565 01530.038 00555.602 00372.021 00309.154 00256.907 00206.565 00160.091 00117.082 00073.591 00000.000 0.0 0.0 0.0 0.0 0.0 0.0 0.0 0.0 0.0 0.0 0.0 0.0 0.0 0.0 0.0 0.0 0.0 0.0 0.0 0.0 0.0 0.0 0.0 0.0 0.0 0.0 0.0 0.0
04652.228 04647.123 04645.977 04624.797 04604.074 04590.999 04544.645 04481.719 04373.672 03452.916 03389.744 03349.590 03347.140 03261.672 03204.829 03148.653 03094.204 03062.913 03067.507 03087.004 03132.304 03119.287 02975.296 02820.962 01887.432 01838.160 01788.984 01757.659 01713.901 01548.510 00570.929 00387.643 00315.193 00262.473 00211.567 00164.162 00121.086 00077.725 00000.000 0.0 0.0 0.0 0.0 0.0 0.0 0.0 0.0 0.0 0.0 0.0 0.0 0.0 0.0 0.0 0.0 0.0 0.0 0.0 0.0 0.0 0.0 0.0 0.0 0.0 0.0 0.0 0.0
04683.869 04686.028 04713.089 04686.260 04659.107 04602.534 04549.770 04500.600 04413.629 03471.614 03412.960 03388.677 03389.226 03328.369 03294.464 03239.825 03203.257 03206.890 03199.305 03215.452 03245.202 03255.101 03127.875 03008.869 02895.101 01925.861 01869.765 01837.605 01716.721 01563.570 01351.301 00400.625 00319.748 00266.917 00216.086 00168.189 00125.072 00081.737 00000.000 0.0 0.0 0.0 0.0 0.0 0.0 0.0 0.0 0.0 0.0 0.0 0.0 0.0 0.0 0.0 0.0 0.0 0.0 0.0 0.0 0.0 0.0 0.0 0.0 0.0 0.0 0.0 0.0
04699.968 04700.514 04719.909 04671.032 04634.121 04601.661 04547.056 04482.550 04370.232 03531.749 03443.054 03428.844 03400.181 03359.378 03314.452 03271.593 03252.324 03283.136 03303.836 03313.323 03332.231 03373.154 03261.656 03155.579 03005.775 02845.730 01978.327 01863.594 01725.995 01575.910 01375.061 00412.914 00324.080 00271.270 00220.521 00172.182 00129.134 00085.770 00000.000 0.0 0.0 0.0 0.0 0.0 0.0 0.0 0.0 0.0 0.0 0.0 0.0 0.0 0.0 0.0 0.0 0.0 0.0 0.0 0.0 0.0 0.0 0.0 0.0 0.0 0.0 0.0 0.0
04665.024 04644.708 04633.647 04599.145 04562.241 04529.887 04496.129 04459.950 04364.780 04185.203 03509.491 03477.459 03431.631 03383.907 03336.365 03306.585 03290.256 03314.970 03395.851 03432.403 04256.059 04314.629 03375.240 03267.467 03115.065 03030.285 02835.169 01876.888 01739.035 01591.973 01399.191 00428.142 00329.092 00276.555 00226.512 00178.069 00133.355 00089.944 00000.000 0.0 0.0 0.0 0.0 0.0 0.0 0.0 0.0 0.0 0.0 0.0 0.0 0.0 0.0 0.0 0.0 0.0 0.0 0.0 0.0 0.0 0.0 0.0 0.0 0.0 0.0 0.0 0.0
04646.473 04617.893 04589.113 04558.553 04529.127 04487.277 04416.144 04345.610 04282.914 04231.850 04194.482 04143.694 03461.909 03411.398 03396.461 03352.389 03339.574 03363.651 03455.443 04400.335 04420.572 04409.648 04304.898 03357.446 03270.992 03073.381 02866.523 01903.113 01755.539 01607.061 01425.584 00453.165 00338.748 00286.172 00236.162 00187.683 00141.703 00096.075 00000.000 0.0 0.0 0.0 0.0 0.0 0.0 0.0 0.0 0.0 0.0 0.0 0.0 0.0 0.0 0.0 0.0 0.0 0.0 0.0 0.0 0.0 0.0 0.0 0.0 0.0 0.0 0.0 0.0
04639.856 04611.848 04584.486 04558.168 04531.758 04500.832 04431.551 04369.770 04316.685 04276.311 04253.382 04199.858 03524.125 03453.764 04336.010 04299.507 04288.657 04280.628 04367.107 04486.717 04553.286 04516.441 04403.601 04288.922 03306.202 03137.216 02981.599 02783.647 01778.086 01632.155 01459.725 00487.514 00350.054 00297.089 00246.517 00197.691 00151.219 00105.451 00058.917 0.0 0.0 0.0 0.0 0.0 0.0 0.0 0.0 0.0 0.0 0.0 0.0 0.0 0.0 0.0 0.0 0.0 0.0 0.0 0.0 0.0 0.0 0.0 0.0 0.0 0.0 0.0 0.0
04642.145 04615.416 04590.164 04565.582 04542.098 04516.594 04465.598 04404.083 04358.617 04314.385 04273.160 04238.933 04194.795 03545.606 04293.517 04452.571 04435.062 04435.410 04500.911 04581.451 04632.016 04562.637 04486.357 04355.973 03377.798 03251.356 03067.083 02841.602 01786.696 01637.717 01464.116 00484.009 00351.232 00296.176 00243.807 00193.145 00166.883 00115.307 00068.878 0.0 0.0 0.0 0.0 0.0 0.0 0.0 0.0 0.0 0.0 0.0 0.0 0.0 0.0 0.0 0.0 0.0 0.0 0.0 0.0 0.0 0.0 0.0 0.0 0.0 0.0 0.0 0.0
04646.706 04621.531 04601.001 04580.872 04558.967 04532.407 04502.965 04450.102 04391.169 04345.449 04305.667 04278.952 04249.467 04225.269 04348.057 04492.701 04549.561 04559.627 04609.735 04684.422 04672.005 04599.394 04534.149 04445.983 04232.595 03237.214 03023.438 01933.858 01748.867 01597.099 01411.041 00438.712 00332.733 00278.007 00225.707 00176.627 00146.022 00127.648 00079.751 00000.000 0.0 0.0 0.0 0.0 0.0 0.0 0.0 0.0 0.0 0.0 0.0 0.0 0.0 0.0 0.0 0.0 0.0 0.0 0.0 0.0 0.0 0.0 0.0 0.0 0.0 0.0 0.0
04658.154 04636.513 04616.883 04596.831 04574.639 04550.538 04522.817 04480.171 04425.824 04377.895 04343.761 04321.719 04304.385 04293.778 04389.329 04556.963 04646.272 04667.880 04718.759 04776.032 04703.093 04621.576 04535.583 04409.498 03346.190 03144.220 02939.173 01863.812 01725.213 01566.847 01369.266 00409.116 00323.009 00270.771 00220.980 00172.834 00134.700 00106.598 00088.966 00000.000 0.0 0.0 0.0 0.0 0.0 0.0 0.0 0.0 0.0 0.0 0.0 0.0 0.0 0.0 0.0 0.0 0.0 0.0 0.0 0.0 0.0 0.0 0.0 0.0 0.0 0.0 0.0
04673.682 04652.808 04632.128 04612.320 04592.938 04565.598 04536.174 04505.863 04456.014 04410.447 04385.550 04374.072 04397.457 04397.243 04459.401 04599.044 04750.187 04773.019 04829.770 04737.072 04654.228 04567.126 04461.944 04284.467 03268.990 03069.908 02841.717 01795.535 01657.307 01503.808 00553.410 00404.277 00333.552 00281.833 00231.775 00182.249 00137.686 00106.432 00085.905 00064.880 00000.000 0.0 0.0 0.0 0.0 0.0 0.0 0.0 0.0 0.0 0.0 0.0 0.0 0.0 0.0 0.0 0.0 0.0 0.0 0.0 0.0 0.0 0.0 0.0 0.0 0.0 0.0
04689.349 04668.602 04648.926 04627.399 04607.786 04585.721 04556.751 04525.600 04500.338 04453.242 04429.992 04430.001 04545.200 04531.708 04551.474 04671.897 04810.942 -9999.0 04804.796 04717.185 04632.809 04547.055 04426.204 04209.583 03229.644 03015.864 01920.647 01745.518 01601.960 01426.721 00459.090 00344.089 00289.371 00244.427 00214.791 00173.948 00151.642 00118.926 00099.565 00080.144 00060.669 00000.000 0.0 0.0 0.0 0.0 0.0 0.0 0.0 0.0 0.0 0.0 0.0 0.0 0.0 0.0 0.0 0.0 0.0 0.0 0.0 0.0 0.0 0.0 0.0 0.0 0.0
04703.619 04689.136 04678.655 04657.036 04628.638 04611.264 04582.348 04556.847 04537.864 04524.727 04507.472 04509.639 04612.656 04636.597 04665.215 04759.509 -9999.0 -9999.0 04778.778 04695.540 04610.647 04526.537 04392.577 03395.965 03199.953 02984.646 01888.854 01724.778 01569.675 01371.115 00410.847 00322.109 00267.987 00216.049 00192.380 00174.810 00154.567 00134.808 00115.649 00096.420 00077.098 00019.303 00000.000 0.0 0.0 0.0 0.0 0.0 0.0 0.0 0.0 0.0 0.0 0.0 0.0 0.0 0.0 0.0 0.0 0.0 0.0 0.0 0.0 0.0 0.0 0.0 0.0
04723.929 04729.354 04748.064 04683.444 04646.588 04628.057 04610.548 04594.424 04589.917 04627.075 04610.757 04620.181 04707.983 04739.866 04773.287 -9999.0 -9999.0 -9999.0 04767.613 04686.599 04601.467 04517.390 04375.516 03370.640 03180.689 02966.486 01873.112 01714.079 01557.940 01355.818 00407.112 00321.395 00267.295 00221.510 00201.557 00187.259 00170.050 00150.951 00131.861 00112.684 00093.444 00074.117 00000.000 0.0 0.0 0.0 0.0 0.0 0.0 0.0 0.0 0.0 0.0 0.0 0.0 0.0 0.0 0.0 0.0 0.0 0.0 0.0 0.0 0.0 0.0 0.0 0.0
04758.280 04765.020 04769.229 04704.249 04666.250 04650.762 04636.923 04629.279 04638.635 04731.642 04712.546 04730.388 04830.991 -9999.0 -9999.0 -9999.0 -9999.0 04862.794 04754.537 04674.806 04590.165 04505.863 04357.628 03364.735 03178.724 02968.262 01879.586 01721.400 01568.994 01379.568 00436.541 00340.739 00290.564 00240.827 00213.250 00199.328 00184.933 00167.171 00148.184 00129.322 00110.393 00091.148 00074.524 00000.000 0.0 0.0 0.0 0.0 0.0 0.0 0.0 0.0 0.0 0.0 0.0 0.0 0.0 0.0 0.0 0.0 0.0 0.0 0.0 0.0 0.0 0.0 0.0
04795.175 04786.065 04762.079 04737.331 04707.401 04694.761 04697.336 04691.976 04702.843 04778.520 04835.887 -9999.0 -9999.0 -9999.0 -9999.0 -9999.0 -9999.0 04843.345 04747.301 04669.828 04588.168 04506.000 04364.446 03381.694 03198.698 02991.828 01900.937 01738.679 01596.143 01449.464 00505.787 00356.645 00303.552 00252.828 00225.136 00211.220 00197.837 00183.964 00168.961 00152.601 00133.378 00110.217 00088.480 00079.463 00000.000 0.0 0.0 0.0 0.0 0.0 0.0 0.0 0.0 0.0 0.0 0.0 0.0 0.0 0.0 0.0 0.0 0.0 0.0 0.0 0.0 0.0 0.0
04821.690 04797.134 04774.376 04769.650 04812.648 04806.275 04796.844 04792.236 04807.650 -9999.0 -9999.0 -9999.0 -9999.0 -9999.0 -9999.0 -9999.0 -9999.0 04845.341 04749.916 04677.333 04599.237 04522.158 04398.473 03421.587 03231.949 03026.854 01940.267 01776.409 01652.134 01503.766 00550.213 00379.579 00312.769 00259.708 00237.463 00224.166 00211.414 00200.984 00192.805 00176.025 00153.177 00134.884 00120.317 00115.135 00107.874 00000.000 0.0 0.0 0.0 0.0 0.0 0.0 0.0 0.0 0.0 0.0 0.0 0.0 0.0 0.0 0.0 0.0 0.0 0.0 0.0 0.0 0.0
04833.932 04812.122 04818.982 04828.385 -9999.0 -9999.0 -9999.0 -9999.0 -9999.0 -9999.0 -9999.0 -9999.0 -9999.0 -9999.0 -9999.0 -9999.0 -9999.0 04898.771 04767.641 04694.862 04617.228 04538.836 04430.389 04279.421 03290.775 03087.241 02875.905 01813.959 01671.520 01534.953 00580.952 00402.982 00331.155 00289.310 00264.302 00253.361 00251.644 00230.786 00233.447 00215.502 00203.448 00180.372 00157.446 00156.313 00149.729 00098.297 00000.000 0.0 0.0 0.0 0.0 0.0 0.0 0.0 0.0 0.0 0.0 0.0 0.0 0.0 0.0 0.0 00000.000 00000.000 00000.000 00000.000 00000.000
04854.079 04860.957 -9999.0 -9999.0 -9999.0 -9999.0 -9999.0 -9999.0 -9999.0 -9999.0 -9999.0 -9999.0 -9999.0 -9999.0 -9999.0 -9999.0 -9999.0 -9999.0 04771.059 04689.345 04604.896 04521.008 04382.667 03378.392 03179.138 03016.946 02843.366 01791.318 01648.215 01486.277 00595.774 00487.943 00386.716 00347.526 00328.591 00331.109 00311.236 00306.746 00293.456 00281.202 00257.713 00216.055 00194.209 00174.259 00166.927 00120.088 00068.755 00000.000 0.0 0.0 0.0 0.0 0.0 0.0 0.0 0.0 0.0 0.0 0.0 0.0 0.0 00000.000 00000.000 00097.261 00142.977 00151.215 00133.486
04901.776 04941.550 -9999.0 -9999.0 -9999.0 -9999.0 -9999.0 -9999.0 -9999.0 -9999.0 -9999.0 -9999.0 -9999.0 -9999.0 -9999.0 -9999.0 -9999.0 04859.833 04754.505 04675.534 04591.519 04507.481 04358.610 03349.827 03160.307 02952.828 01942.540 01789.524 01656.792 01516.302 01442.995 00576.119 00483.930 00439.660 00412.482 00415.166 00384.929 00389.416 00363.279 00320.463 00266.074 00215.129 00183.539 00167.284 00147.522 00129.284 00101.598 00066.197 00000.000 0.0 0.0 0.0 0.0 0.0 0.0 0.0 0.0 0.0 0.0 00000.000 00000.000 00127.714 00136.819 00144.436 00184.969 00218.851 00175.699
-9999.0 -9999.0 -9999.0 -9999.0 -9999.0 -9999.0 -9999.0 -9999.0 -9999.0 -9999.0 -9999.0 -9999.0 -9999.0 -9999.0 -9999.0 -9999.0 -9999.0 04840.842 04745.910 04668.075 04585.258 04501.876 04352.157 03351.463 03171.606 02972.164 01977.180 01815.911 01694.090 01579.069 01472.157 01351.577 00592.836 00554.861 00487.413 00481.904 00454.325 00466.156 00397.259 00319.935 00268.997 00219.600 00189.126 00166.634 00146.071 00125.485 00103.309 00083.253 00064.644 00000.000 0.0 0.0 0.0 0.0 0.0 0.0 0.0 0.0 00000.000 00000.000 00111.157 00143.854 00172.364 00185.522 00250.425 00251.696 00208.863
-9999.0 -9999.0 -9999.0 -9999.0 -9999.0 -9999.0 -9999.0 -9999.0 -9999.0 -9999.0 -9999.0 -9999.0 -9999.0 -9999.0 -9999.0 -9999.0 -9999.0 04837.068 04743.447 04667.248 04587.180 04507.163 04367.952 03386.259 03209.933 03016.396 02782.047 01861.808 01748.917 01657.210 01549.190 01466.654 01360.742 00591.992 00524.533 00508.780 00492.663 00522.324 00409.263 00322.218 00274.760 00229.328 00199.482 00178.647 00158.260 00139.571 00120.861 00102.780 00084.861 00067.482 00000.000 00000.000 0.0 0.0 0.0 0.0 00000.000 00000.000 00087.610 00107.656 00130.743 00159.349 00193.205 00225.138 00294.246 00291.484 00277.498
-9999.0 -9999.0 -9999.0 -9999.0 -9999.0 -9999.0 -9999.0 -9999.0 -9999.0 -9999.0 -9999.0 -9999.0 -9999.0 -9999.0 -9999.0 -9999.0 -9999.0 04848.375 04752.089 04677.625 04598.394 04520.375 04393.890 04212.992 03256.631 03089.738 02898.719 01924.355 01812.741 01677.579 01532.831 01359.784 00618.104 00586.971 00579.724 01348.947 00574.919 00462.617 00403.382 00345.004 00292.724 00242.763 00214.905 00191.814 00176.419 00158.599 00141.000 00123.743 00107.018 00090.226 00079.769 00000.000 00000.000 00000.000 00000.000 00000.000 00088.731 00121.750 00148.757 00164.032 00191.174 00208.334 00227.662 00267.886 00333.249 00359.836 00351.612
-9999.0 -9999.0 -9999.0 -9999.0 -9999.0 -9999.0 -9999.0 -9999.0 -9999.0 -9999.0 -9999.0 -9999.0 -9999.0 -9999.0 -9999.0 -9999.0 -9999.0 04904.197 04765.315 04691.138 04614.710 04538.310 04430.681 04288.612 03327.819 03176.476 03006.716 01969.516 01809.827 01680.359 01540.927 01376.170 00621.593 00611.603 01364.063 01453.086 00509.950 00419.829 00402.772 00355.841 00307.118 00260.721 00229.259 00208.922 00192.513 00179.689 00162.930 00146.705 00131.451 00120.323 00111.782 00107.680 00106.954 00097.690 00098.155 00109.657 00125.954 00163.536 00229.081 00243.002 00266.751 00285.710 00269.350 00309.588 00370.117 00423.492 00442.401
-9999.0 -9999.0 -9999.0 -9999.0 -9999.0 -9999.0 -9999.0 -9999.0 -9999.0 -9999.0 -9999.0 -9999.0 -9999.0 -9999.0 -9999.0 -9999.0 -9999.0 -9999.0 04784.265 04709.681 04635.491 04562.135 04483.926 04365.985 03392.917 03196.418 02977.578 01958.281 01794.377 01664.120 01518.109 01342.299 00615.428 00597.929 01323.606 00536.001 00469.582 00380.278 00363.058 00361.372 00329.464 00276.368 00243.835 00221.929 00207.360 00196.128 00184.893 00172.306 00160.747 00150.624 00144.628 00141.983 00137.667 00132.612 00137.536 00147.782 00162.478 00220.880 00305.270 00323.824 00347.656 00331.069 00318.586 00347.285 00392.116 00448.371 00507.540
