tests/Case_4_SpreadDirection.asc
NCOLS 245
NROWS 163
XLLCORNER 4208400.000000
YLLCORNER 1880200.000000
CELLSIZE 100.000000
NODATA_VALUE -9999.0
[rows 36 to 71 of 163, columns 81 to 161 of 245]
-9999 -9999 -9999 -9999 -9999 -9999 269 267 265 261 247 335 334 320 347 325 323 323 326 335 343 340 011 -9999 -9999 -9999 -9999 -9999 -9999 -9999 -9999 -9999 -9999 -9999 -9999 -9999 -9999 -9999 -9999 -9999 -9999 -9999 -9999 -9999 -9999 -9999 -9999 -9999 -9999 -9999 -9999 -9999 -9999 -9999 -9999 -9999 -9999 -9999 -9999 -9999 343 040 046 046 047 058 058 057 058 058 058 052 052 070 068 065 067 081 081 -9999 -9999
-9999 -9999 -9999 -9999 -9999 -9999 281 284 283 284 304 295 327 326 015 320 326 324 326 334 343 336 346 314 325 334 007 020 -9999 -9999 312 321 332 342 031 -9999 -9999 -9999 -9999 -9999 -9999 -9999 -9999 -9999 -9999 -9999 -9999 -9999 -9999 -9999 -9999 -9999 -9999 -9999 -9999 026 030 037 046 054 053 059 059 059 060 060 060 061 060 067 068 072 073 073 070 071 072 076 077 -9999 -9999
-9999 -9999 -9999 -9999 -9999 313 311 311 355 279 281 291 288 320 333 321 326 324 328 334 341 340 345 314 325 329 012 018 -9999 -9999 307 312 332 339 037 -9999 -9999 -9999 -9999 -9999 -9999 -9999 -9999 -9999 -9999 -9999 -9999 -9999 -9999 -9999 -9999 -9999 -9999 -9999 -9999 338 039 050 053 059 059 059 068 068 068 068 068 064 065 067 068 068 068 078 079 080 080 055 022 034 019
-9999 -9999 -9999 -9999 297 296 296 304 301 000 306 281 242 296 321 319 322 321 327 334 334 340 344 312 313 314 320 021 -9999 -9999 306 312 321 333 043 -9999 -9999 -9999 -9999 -9999 -9999 -9999 -9999 -9999 -9999 -9999 -9999 -9999 -9999 -9999 -9999 -9999 -9999 -9999 -9999 337 040 050 062 067 067 067 067 076 075 074 072 071 071 071 073 074 076 055 081 063 063 064 024 040 020
-9999 -9999 -9999 -9999 289 289 289 288 288 290 306 305 305 305 314 318 322 325 325 334 334 340 344 359 284 286 284 315 288 287 287 307 312 330 046 -9999 -9999 -9999 -9999 -9999 -9999 -9999 -9999 -9999 -9999 -9999 -9999 -9999 -9999 -9999 -9999 -9999 -9999 -9999 -9999 329 051 062 074 074 073 073 073 073 073 072 075 076 076 078 060 060 060 064 065 066 024 025 044 025 031
-9999 -9999 -9999 -9999 290 291 291 291 290 288 297 295 304 304 309 313 317 318 325 327 334 334 340 343 000 008 282 281 282 282 287 308 312 321 026 -9999 -9999 -9999 -9999 -9999 -9999 -9999 -9999 -9999 -9999 356 002 000 002 -9999 -9999 -9999 -9999 -9999 -9999 001 062 073 073 073 070 070 070 073 069 068 068 068 068 068 068 068 068 068 028 024 024 043 008 027 030
-9999 -9999 -9999 304 300 298 297 296 294 275 294 292 301 306 307 309 314 318 318 325 327 327 334 340 340 003 008 271 271 271 275 286 310 311 320 344 350 350 350 349 348 354 354 -9999 -9999 359 002 000 002 000 000 010 036 041 050 062 062 073 075 073 079 079 079 078 076 076 076 076 076 076 078 078 091 015 026 025 042 019 027 026 026
-9999 -9999 -9999 284 285 285 285 285 285 284 308 289 299 300 306 309 308 316 316 318 318 326 327 334 338 004 007 025 258 258 272 275 283 312 320 344 348 351 350 349 348 349 351 -9999 -9999 315 002 000 000 000 000 006 040 050 057 062 073 075 079 079 079 080 079 080 083 083 083 083 083 084 089 018 025 024 040 041 049 020 024 031 032
-9999 -9999 -9999 279 280 280 280 280 284 285 295 291 289 289 299 306 306 308 308 316 316 318 318 327 335 005 007 022 061 256 256 274 275 278 314 344 348 351 350 349 348 349 350 -9999 -9999 349 000 000 000 000 000 004 041 050 061 072 075 080 083 085 085 086 086 086 087 081 081 081 082 007 019 026 041 040 042 042 020 021 043 038 018
-9999 -9999 300 300 301 302 304 307 281 282 294 292 287 290 289 299 299 299 306 306 306 307 317 327 335 336 007 020 068 247 248 250 254 278 316 317 348 351 350 350 348 349 350 348 350 349 000 000 000 000 000 000 042 058 060 073 079 083 085 086 087 087 087 088 088 088 088 346 007 026 025 038 044 078 084 024 018 052 049 019 017
-9999 -9999 284 282 281 280 279 276 309 314 287 292 293 312 245 286 293 295 295 295 298 298 307 317 327 335 007 017 077 229 230 229 227 247 276 317 347 351 350 350 349 349 349 348 349 348 000 000 000 000 000 355 052 059 071 079 081 100 100 100 097 096 096 096 102 017 017 354 045 067 092 091 078 012 034 045 053 036 041 017 011
-9999 -9999 280 280 280 280 270 270 270 260 244 259 257 245 237 215 255 278 291 292 294 298 306 317 327 334 009 016 077 016 187 283 278 280 291 310 348 351 350 350 349 349 349 348 348 348 000 000 000 000 000 002 054 071 074 077 101 102 103 105 100 101 013 018 017 017 019 003 034 064 057 020 042 020 026 038 044 033 030 022 024
-9999 -9999 271 270 270 260 260 260 254 260 259 256 250 239 218 269 266 266 266 262 262 259 301 306 317 333 012 053 004 014 055 320 283 279 291 311 313 348 350 350 349 349 348 -9999 -9999 -9999 -9999 -9999 -9999 -9999 -9999 -9999 -9999 065 104 103 103 108 064 108 012 013 017 016 017 019 021 025 055 052 017 042 021 024 045 047 048 041 043 044 082
-9999 -9999 262 261 260 260 263 263 257 257 256 250 240 237 274 260 260 261 249 254 234 247 260 303 318 327 013 020 017 010 061 318 338 283 279 311 312 349 -9999 -9999 -9999 -9999 -9999 -9999 -9999 -9999 -9999 -9999 -9999 -9999 -9999 -9999 -9999 071 111 111 111 053 067 073 012 013 017 016 020 021 023 035 042 045 036 024 044 043 042 040 040 056 055 064 076
-9999 -9999 260 263 263 255 255 257 251 251 249 239 236 260 260 249 248 206 205 198 202 269 291 291 305 318 327 020 036 042 077 318 318 275 284 311 -9999 -9999 -9999 -9999 -9999 -9999 -9999 -9999 -9999 -9999 -9999 -9999 -9999 -9999 -9999 -9999 -9999 -9999 120 054 057 066 071 354 007 012 013 015 015 020 023 029 039 040 031 042 050 043 061 060 059 066 066 076 075
-9999 -9999 253 253 256 257 253 252 249 248 239 239 259 251 251 243 211 207 199 274 274 274 286 291 305 318 324 020 037 046 317 318 318 318 275 -9999 -9999 -9999 -9999 -9999 -9999 -9999 -9999 -9999 -9999 -9999 -9999 -9999 -9999 -9999 -9999 -9999 -9999 039 044 055 057 071 074 359 007 013 013 015 014 020 024 029 042 050 044 041 047 054 057 061 064 065 065 070 072
-9999 -9999 256 256 253 253 249 250 240 240 260 259 251 250 244 239 214 202 257 258 258 259 275 287 291 305 319 021 036 042 338 317 318 318 -9999 -9999 -9999 -9999 -9999 -9999 -9999 -9999 -9999 -9999 -9999 -9999 -9999 -9999 -9999 -9999 -9999 -9999 020 042 065 058 066 074 351 358 007 013 013 015 014 020 028 029 044 045 048 052 041 058 112 115 110 003 039 057 065
-9999 -9999 -9999 253 244 240 250 307 307 314 241 251 251 245 239 215 271 269 268 268 268 267 284 273 288 290 317 030 082 313 333 317 318 -9999 -9999 -9999 -9999 -9999 -9999 -9999 -9999 -9999 -9999 -9999 -9999 -9999 -9999 -9999 -9999 -9999 082 021 021 040 006 067 072 074 346 358 007 013 013 015 013 020 029 043 043 046 051 053 039 035 028 044 044 040 052 050 055
-9999 -9999 -9999 304 290 290 300 298 305 306 311 314 319 320 236 285 269 265 265 265 265 258 265 267 273 289 306 038 074 320 335 335 -9999 -9999 -9999 -9999 -9999 -9999 -9999 -9999 -9999 -9999 -9999 -9999 -9999 -9999 -9999 -9999 -9999 -9999 -9999 021 021 067 059 068 071 096 348 358 007 013 013 015 013 021 028 043 048 053 056 057 065 064 012 036 044 035 022 030 038
001 014 296 297 297 298 304 302 299 306 307 312 316 320 335 339 265 258 258 258 256 257 258 244 269 273 289 292 007 334 335 -9999 -9999 -9999 -9999 -9999 -9999 -9999 -9999 -9999 -9999 -9999 -9999 -9999 -9999 -9999 -9999 -9999 -9999 -9999 -9999 021 021 068 063 100 105 305 307 351 007 013 013 015 013 026 027 045 048 054 064 065 056 057 051 053 037 032 032 036 037
001 013 017 284 285 286 297 298 302 300 300 309 315 318 335 340 354 286 284 284 284 284 277 295 236 238 259 291 335 -9999 -9999 -9999 -9999 -9999 -9999 -9999 -9999 -9999 -9999 -9999 -9999 -9999 -9999 -9999 -9999 -9999 -9999 -9999 -9999 -9999 -9999 -9999 -9999 061 098 131 107 290 304 352 007 013 013 015 013 026 027 045 053 060 062 070 067 074 073 067 071 069 060 060 074
359 011 018 026 289 289 288 289 289 300 300 300 310 313 337 339 352 000 282 282 282 282 284 308 340 299 300 -9999 -9999 -9999 -9999 -9999 -9999 -9999 -9999 -9999 -9999 -9999 -9999 -9999 -9999 -9999 -9999 -9999 -9999 -9999 -9999 -9999 -9999 -9999 -9999 -9999 -9999 -9999 087 089 096 290 302 356 358 013 013 015 013 026 026 047 053 060 073 071 077 073 075 078 078 074 073 076 085
357 012 015 026 288 290 289 290 289 289 300 300 301 310 311 341 352 001 359 273 268 267 273 282 310 309 -9999 -9999 -9999 -9999 -9999 -9999 -9999 -9999 -9999 -9999 -9999 -9999 -9999 -9999 -9999 -9999 -9999 -9999 -9999 -9999 -9999 -9999 -9999 -9999 -9999 -9999 -9999 -9999 092 106 111 256 292 294 000 013 013 015 013 026 046 047 053 062 072 069 072 071 073 073 072 071 096 096 100
355 013 024 032 039 284 281 282 291 290 290 290 301 301 308 307 348 352 350 000 265 266 269 273 279 342 -9999 -9999 -9999 -9999 -9999 -9999 -9999 -9999 -9999 -9999 -9999 -9999 -9999 -9999 -9999 -9999 -9999 -9999 -9999 -9999 -9999 -9999 -9999 -9999 -9999 -9999 -9999 -9999 128 156 004 244 245 289 003 013 013 015 013 025 047 052 061 068 067 069 068 068 069 079 079 077 058 080 078
013 024 030 066 067 013 286 281 281 282 281 290 290 291 291 291 299 358 001 355 048 295 324 241 279 279 -9999 -9999 -9999 -9999 -9999 -9999 -9999 -9999 -9999 -9999 -9999 -9999 -9999 -9999 -9999 -9999 -9999 -9999 -9999 -9999 -9999 -9999 -9999 -9999 -9999 -9999 -9999 -9999 342 008 340 005 294 282 007 013 013 015 013 024 048 052 060 067 070 068 072 068 070 071 067 073 080 082 079
015 076 071 006 006 011 284 284 285 285 285 285 282 283 283 283 283 289 005 350 058 288 294 318 262 259 -9999 -9999 -9999 -9999 -9999 -9999 -9999 -9999 -9999 -9999 -9999 -9999 -9999 -9999 -9999 -9999 -9999 -9999 -9999 -9999 -9999 -9999 -9999 -9999 -9999 -9999 -9999 122 338 008 340 006 298 293 318 013 013 015 013 023 049 060 062 067 070 069 068 077 076 078 078 077 075 077 079
090 093 356 006 011 021 282 282 280 281 281 281 285 285 285 285 285 282 340 341 084 272 289 292 282 -9999 -9999 -9999 -9999 -9999 -9999 -9999 -9999 -9999 -9999 -9999 -9999 -9999 -9999 -9999 -9999 -9999 -9999 -9999 -9999 -9999 -9999 -9999 -9999 -9999 -9999 -9999 008 315 339 339 339 007 000 299 334 014 013 013 013 020 052 063 062 070 070 077 081 081 081 079 074 082 090 097 097
069 333 355 006 021 043 042 278 278 278 278 278 278 278 278 278 280 285 320 337 064 014 271 290 318 -9999 -9999 -9999 -9999 -9999 -9999 -9999 -9999 -9999 -9999 -9999 -9999 -9999 -9999 -9999 -9999 -9999 -9999 -9999 -9999 -9999 -9999 -9999 -9999 -9999 -9999 316 006 311 314 339 339 007 000 297 000 013 013 013 013 054 061 063 063 069 070 082 075 075 083 083 084 083 082 075 126
006 356 006 016 046 045 051 276 275 276 269 268 268 268 268 268 268 279 324 334 307 014 296 271 291 -9999 -9999 -9999 -9999 -9999 -9999 -9999 -9999 -9999 -9999 -9999 -9999 -9999 -9999 -9999 -9999 -9999 -9999 -9999 -9999 -9999 -9999 -9999 -9999 -9999 -9999 005 335 338 314 339 008 008 000 312 000 013 014 014 013 020 063 063 064 069 082 075 082 082 082 082 083 083 084 084 085
335 339 343 051 051 042 046 268 269 268 268 268 264 264 264 264 265 267 271 328 313 017 037 296 271 -9999 -9999 -9999 -9999 -9999 -9999 -9999 -9999 -9999 -9999 -9999 -9999 -9999 -9999 -9999 -9999 -9999 -9999 -9999 -9999 -9999 -9999 -9999 -9999 294 331 006 333 008 311 -9999 -9999 -9999 -9999 -9999 -9999 -9999 -9999 -9999 -9999 062 063 063 062 082 077 082 086 086 086 087 098 099 056 058 058
327 339 355 044 042 066 066 268 263 263 263 256 263 247 247 247 244 246 238 318 351 020 028 296 -9999 -9999 -9999 -9999 -9999 -9999 -9999 -9999 -9999 -9999 -9999 -9999 -9999 -9999 -9999 -9999 -9999 -9999 -9999 -9999 -9999 -9999 -9999 -9999 275 291 356 006 331 -9999 -9999 -9999 -9999 -9999 -9999 -9999 -9999 -9999 -9999 -9999 -9999 -9999 063 064 080 078 082 085 081 087 085 081 076 069 071 072 058
327 338 351 045 040 044 044 044 298 298 304 323 323 304 237 278 325 239 271 271 297 303 049 297 -9999 -9999 -9999 -9999 -9999 -9999 -9999 -9999 -9999 -9999 -9999 -9999 -9999 -9999 -9999 -9999 -9999 -9999 -9999 -9999 -9999 -9999 -9999 018 340 278 313 -9999 -9999 -9999 -9999 -9999 -9999 -9999 -9999 -9999 -9999 -9999 -9999 -9999 -9999 -9999 -9999 060 082 085 082 086 093 093 093 093 093 092 091 090 090
326 338 348 027 051 052 052 067 292 292 297 299 322 323 303 302 330 322 261 271 269 301 354 -9999 -9999 -9999 -9999 -9999 -9999 -9999 -9999 -9999 -9999 -9999 -9999 -9999 -9999 -9999 -9999 -9999 -9999 -9999 -9999 -9999 -9999 -9999 -9999 002 340 275 -9999 -9999 -9999 -9999 -9999 -9999 -9999 -9999 -9999 -9999 -9999 -9999 -9999 -9999 -9999 -9999 -9999 064 086 088 085 087 086 075 076 080 082 072 076 079 080
326 337 345 039 059 050 050 050 288 289 289 289 296 294 291 329 334 290 324 257 260 296 336 -9999 -9999 -9999 -9999 -9999 -9999 -9999 -9999 -9999 -9999 -9999 -9999 -9999 -9999 -9999 -9999 -9999 -9999 -9999 -9999 -9999 -9999 -9999 -9999 009 339 -9999 -9999 -9999 -9999 -9999 -9999 -9999 -9999 -9999 -9999 -9999 -9999 -9999 -9999 -9999 -9999 -9999 -9999 -9999 088 086 084 080 075 077 081 079 082 083 082 082 080
326 337 343 058 058 058 049 047 277 276 275 275 275 274 274 254 269 245 254 251 233 256 -9999 -9999 -9999 -9999 -9999 -9999 -9999 -9999 -9999 -9999 -9999 -9999 -9999 -9999 -9999 -9999 -9999 -9999 -9999 -9999 -9999 -9999 -9999 -9999 -9999 -9999 -9999 -9999 -9999 -9999 -9999 -9999 -9999 -9999 -9999 -9999 -9999 -9999 -9999 -9999 -9999 -9999 -9999 -9999 -9999 -9999 084 084 081 077 080 079 080 080 081 081 083 092 083
324 337 002 052 047 047 049 319 324 268 268 268 269 270 236 236 235 235 235 242 247 249 -9999 -9999 -9999 -9999 -9999 -9999 -9999 -9999 -9999 -9999 -9999 -9999 -9999 -9999 -9999 -9999 -9999 -9999 -9999 -9999 -9999 -9999 -9999 -9999 -9999 -9999 -9999 -9999 -9999 -9999 -9999 -9999 -9999 -9999 -9999 -9999 -9999 -9999 -9999 -9999 -9999 -9999 -9999 -9999 -9999 -9999 085 084 080 082 087 088 096 041 048 052 038 121 099
