tests/Case_4_Intensity.asc
NCOLS 245
NROWS 163
XLLCORNER 4208400.000000
YLLCORNER 1880200.000000
CELLSIZE 100.000000
NODATA_VALUE -9999.0
[rows 87 to 115 of 163, columns 64 to 127 of 245]
00050.446 00469.053 00007.359 00003.875 00007.434 00010.901 00005.692 00465.150 00037.447 00139.912 00667.229 00741.563 00036.285 00027.333 00053.964 00072.111 00065.900 01144.399 01300.687 01548.333 02016.387 01345.312 00342.851 00181.793 00079.799 00050.495 00029.473 00888.611 00965.428 02010.079 02498.310 01806.816 00176.944 00175.997 00207.410 00210.232 00213.202 00090.238 -9999.000 -9999.0 -9999.0 -9999.0 -9999.0 -9999.0 -9999.0 -9999.0 -9999.0 -9999.0 -9999.0 -9999.0 -9999.0 -9999.0 -9999.0 -9999.0 -9999.0 -9999.0 -9999.0 -9999.0 -9999.0 -9999.0 -9999.0 -9999.0 -9999.0 -9999.0
00158.887 00107.980 00006.500 00011.980 00004.831 00011.106 00008.271 00507.428 00363.947 00005.747 00123.905 00265.386 00041.254 00042.471 00014.489 00056.274 00065.657 01249.476 01320.741 01442.509 01816.471 02075.423 00537.894 00200.182 00062.133 00047.848 00033.517 00912.480 01010.879 02431.527 02525.460 01468.341 00177.024 00168.897 00192.879 00206.943 00202.169 00076.395 -9999.000 -9999.0 -9999.0 -9999.0 -9999.0 -9999.0 -9999.0 -9999.0 -9999.0 -9999.0 -9999.0 -9999.0 -9999.0 -9999.0 -9999.0 -9999.0 -9999.0 -9999.0 -9999.0 -9999.0 -9999.0 -9999.0 -9999.0 -9999.0 -9999.0 -9999.0
00659.257 00526.725 00007.218 00013.533 00002.890 00010.637 00009.583 00530.602 00497.024 00365.330 00043.138 00093.847 00029.653 00058.634 00035.428 00048.403 00066.134 01385.166 01560.383 01579.010 01652.394 02194.429 00188.455 00197.213 00061.488 00047.242 00035.261 00959.362 01032.601 00901.296 02564.790 01616.244 00172.235 00165.290 00184.698 00169.845 00176.892 00069.439 -9999.000 -9999.0 -9999.0 -9999.0 -9999.0 -9999.0 -9999.0 -9999.0 -9999.0 -9999.0 -9999.0 -9999.0 -9999.0 -9999.0 -9999.0 -9999.0 -9999.0 -9999.0 -9999.0 -9999.0 -9999.0 -9999.0 -9999.0 -9999.0 -9999.0 -9999.0
00047.687 00045.850 00012.258 00014.263 00006.952 00009.171 00012.197 00009.782 00006.659 00006.434 00035.990 00028.643 00044.014 00058.711 00039.011 00034.656 00067.731 00102.306 00192.777 00124.504 00114.677 00129.664 00163.691 00183.177 00061.313 00051.527 00031.089 00043.347 00067.332 00071.909 00906.360 00123.038 00167.409 00159.720 00171.004 00159.727 00141.433 00145.697 -9999.000 -9999.0 -9999.0 -9999.0 -9999.0 -9999.0 -9999.0 -9999.0 -9999.0 -9999.0 -9999.0 -9999.0 -9999.0 -9999.0 -9999.0 -9999.0 -9999.0 -9999.0 -9999.0 -9999.0 -9999.0 -9999.0 -9999.0 -9999.0 -9999.0 -9999.0
00087.022 00075.280 00017.046 00026.861 00011.880 00006.231 00011.371 00013.377 00013.920 00015.477 00053.657 00049.114 00053.936 00068.075 00041.311 00018.668 00063.072 00097.078 00106.495 00125.397 00117.939 00112.032 00132.443 00148.997 00062.948 00056.331 00055.449 00052.467 00035.998 00020.254 00065.267 00062.998 00155.286 00153.173 00155.832 00180.326 00154.916 00152.909 -9999.000 -9999.0 -9999.0 -9999.0 -9999.0 -9999.0 -9999.0 -9999.0 -9999.0 -9999.0 -9999.0 -9999.0 -9999.0 -9999.0 -9999.0 -9999.0 -9999.0 -9999.0 -9999.0 -9999.0 -9999.0 -9999.0 -9999.0 -9999.0 -9999.0 -9999.0
00022.411 00021.729 00027.037 00027.457 00014.527 00007.804 00005.668 00008.891 00012.673 00013.760 00018.677 00016.288 00067.355 00064.232 00048.514 00038.306 00002.907 00092.128 00101.147 00109.757 00108.181 00099.843 00108.182 00119.632 00061.443 00069.685 00067.942 00072.962 00072.051 00051.739 00040.431 00032.778 00067.842 00147.526 00149.139 00173.931 00188.281 00151.131 00149.183 -9999.000 -9999.0 -9999.0 -9999.0 -9999.0 -9999.0 -9999.0 -9999.0 -9999.0 -9999.0 -9999.0 -9999.0 -9999.0 -9999.0 -9999.0 -9999.0 -9999.0 -9999.0 -9999.0 -9999.0 -9999.0 -9999.0 -9999.0 -9999.0 -9999.0
00016.050 00017.540 00026.120 00026.797 00026.289 00014.648 00012.113 00006.867 00000.351 00011.155 00013.285 00013.051 00076.863 00083.022 00047.340 00044.201 00031.755 00048.170 00066.428 00086.079 00103.385 00086.652 00075.929 00083.310 00059.320 00068.713 00085.098 00093.405 00080.778 00072.117 00081.351 00044.390 00034.802 00056.805 00149.758 00171.133 00181.478 00192.502 00183.721 00149.445 -9999.000 -9999.0 -9999.0 -9999.0 -9999.0 -9999.0 -9999.0 -9999.0 -9999.0 -9999.0 -9999.0 -9999.0 -9999.0 -9999.0 -9999.0 -9999.0 -9999.0 -9999.0 -9999.0 -9999.0 -9999.0 -9999.0 -9999.0 -9999.0
-9999.0 00026.731 00023.478 00026.061 00025.481 00025.364 00024.213 00014.805 00013.130 00011.537 00009.411 00007.471 00074.165 00020.479 00069.209 00048.842 00042.510 00037.186 00026.432 00021.409 00039.603 00048.917 00039.689 00028.583 00020.943 00065.787 00079.950 00091.945 00099.788 00095.992 00083.913 00063.408 00042.211 00039.468 00133.711 00171.712 00184.884 00193.319 00225.046 00218.943 00214.209 -9999.0 -9999.0 -9999.0 -9999.0 -9999.0 -9999.0 -9999.0 -9999.0 -9999.0 -9999.0 -9999.0 -9999.0 -9999.0 -9999.0 -9999.0 -9999.0 -9999.0 -9999.0 -9999.0 -9999.0 -9999.0 -9999.0 -9999.0
-9999.0 00012.352 00719.414 01629.860 00793.832 00024.738 00024.807 00024.854 00023.855 00022.588 00012.762 00007.040 00466.936 00746.599 00616.285 00053.378 00050.947 00046.575 00043.386 00044.062 00045.077 00047.143 00055.484 00059.119 00035.674 00002.480 00067.366 00081.237 00099.943 00095.066 00096.390 00072.433 00047.470 00033.678 00073.107 00170.684 00183.457 00192.373 00223.386 00220.560 00214.819 -9999.000 -9999.0 -9999.0 -9999.0 -9999.0 -9999.0 -9999.0 -9999.0 -9999.0 -9999.0 -9999.0 -9999.0 -9999.0 -9999.0 -9999.0 -9999.0 -9999.0 -9999.0 -9999.0 -9999.0 -9999.0 -9999.0 -9999.0
-9999.0 00013.622 01672.079 01583.633 01275.204 00020.553 00021.875 00023.814 00023.742 00027.385 00013.252 00008.193 00568.188 00792.166 00902.572 00053.913 00072.990 00055.303 00054.947 00056.468 00050.445 00057.272 00069.619 00073.376 00044.077 00036.484 00021.343 00057.924 00094.721 00089.631 00095.231 00075.993 00045.179 00019.739 00057.627 00169.664 00181.323 00190.888 00220.858 00221.496 00215.797 -9999.000 -9999.0 -9999.0 -9999.0 -9999.0 -9999.0 -9999.0 -9999.0 -9999.0 -9999.0 -9999.0 -9999.0 -9999.0 -9999.0 -9999.0 -9999.0 -9999.0 -9999.0 -9999.0 -9999.0 -9999.0 -9999.0 -9999.0
-9999.0 00007.290 01735.948 01466.752 01270.087 00011.207 00015.855 00020.715 00026.286 00027.160 00014.899 00008.918 00375.695 00838.210 01168.828 01539.024 00768.422 00989.516 00496.686 00803.201 00095.567 00064.813 00065.840 00072.707 00053.330 00045.944 00042.179 00033.953 00056.012 00076.750 00090.186 00061.244 00045.990 00006.206 00057.047 00169.063 00181.478 00191.012 00221.271 00221.223 00216.836 -9999.000 -9999.0 -9999.0 -9999.0 -9999.0 -9999.0 -9999.0 -9999.0 -9999.0 -9999.0 -9999.0 -9999.0 -9999.0 -9999.0 -9999.0 -9999.0 -9999.0 -9999.0 -9999.0 -9999.0 -9999.0 -9999.0 -9999.0
-9999.0 -9999.0 01427.482 01123.235 00705.263 00007.090 00013.190 00015.754 00021.094 00025.391 00012.584 00007.202 00088.653 00800.670 00970.382 00800.282 00977.883 00894.048 01103.375 01164.235 00196.880 00082.857 00090.296 00077.012 00042.593 00059.852 00049.260 00039.828 00033.908 00028.641 00050.856 00061.688 00046.391 00018.889 00055.533 00168.227 00181.353 00190.744 00222.349 00221.006 00216.882 -9999.000 -9999.0 -9999.0 -9999.0 -9999.0 -9999.0 -9999.0 -9999.0 -9999.0 -9999.0 -9999.0 -9999.0 -9999.0 -9999.0 -9999.0 -9999.0 -9999.0 -9999.0 -9999.0 -9999.0 -9999.0 -9999.0 -9999.0
-9999.0 00003.406 01488.878 01285.380 00777.273 00015.674 00018.962 00049.595 00019.270 00011.415 00010.281 00005.950 00104.416 00164.228 00309.441 00738.511 00840.596 00968.534 01152.957 01408.230 00109.977 00064.695 00022.405 00018.064 00044.060 00042.387 00058.795 00049.300 00041.852 00032.145 00052.104 00060.732 00047.089 00025.510 00053.400 00167.553 00180.418 00190.391 00209.789 00216.346 00214.703 -9999.000 -9999.0 -9999.0 -9999.0 -9999.0 -9999.0 -9999.0 -9999.0 -9999.0 -9999.0 -9999.0 -9999.0 -9999.0 -9999.0 -9999.0 -9999.0 -9999.0 -9999.0 -9999.0 -9999.0 -9999.0 -9999.0 -9999.0
01638.357 01659.739 01482.503 01495.850 01465.924 01477.303 01535.579 01303.816 00676.068 00673.955 00669.597 00625.755 00475.437 00242.578 00016.396 00578.696 00887.508 00038.328 00416.238 00243.482 00079.748 00011.541 00050.719 00054.539 00058.176 00042.692 00044.091 00063.750 00043.176 00034.230 00042.037 00057.913 00048.226 00032.295 00050.729 00165.533 00178.225 00188.691 00198.547 00208.400 00206.550 -9999.000 -9999.0 -9999.0 -9999.0 -9999.0 -9999.0 -9999.0 -9999.0 -9999.0 -9999.0 -9999.0 -9999.0 -9999.0 -9999.0 -9999.0 -9999.0 -9999.0 -9999.0 -9999.0 -9999.0 -9999.0 -9999.0 -9999.0
01804.183 01838.194 01630.403 01646.435 01672.701 01747.785 01754.459 01615.551 00633.982 00668.037 00735.242 00740.182 00792.251 00787.104 00412.397 00133.634 00859.628 00038.579 00039.815 00036.611 00033.913 00048.017 00050.811 00078.806 00100.936 00053.213 00036.710 00049.974 00045.073 00042.635 00004.005 00054.425 00057.127 00038.778 00042.366 00162.620 00175.294 00186.084 00195.167 00206.653 00202.213 00196.611 -9999.0 -9999.0 -9999.0 -9999.0 -9999.0 -9999.0 -9999.0 -9999.0 -9999.0 -9999.0 -9999.0 -9999.0 -9999.0 -9999.0 -9999.0 -9999.0 -9999.0 -9999.0 -9999.0 -9999.0 -9999.0 -9999.0
01871.601 01898.050 01673.501 01718.458 01805.264 01834.692 01871.587 01666.966 01487.946 00571.223 00680.741 00767.870 00801.742 00944.641 00642.791 00223.964 00047.077 00028.985 00061.448 00060.463 00057.324 00055.328 00062.607 00104.310 00106.998 00062.173 00049.707 00035.826 00050.476 00041.099 00021.581 00051.124 00055.669 00038.584 00042.256 00145.710 00157.935 00167.019 00172.878 00315.436 00201.068 00196.847 -9999.0 -9999.0 -9999.0 -9999.0 -9999.0 -9999.0 -9999.0 -9999.0 -9999.0 -9999.0 -9999.0 -9999.0 -9999.0 -9999.0 -9999.0 -9999.0 -9999.0 -9999.0 -9999.0 -9999.0 -9999.0 -9999.0
01900.397 01920.986 01705.720 01763.303 01848.477 01842.980 01810.165 01677.706 01485.230 00793.590 00645.358 00774.073 00806.619 00953.887 00928.573 00650.582 00407.775 00043.498 00051.067 00089.564 00078.154 00066.757 00064.580 00105.831 00109.774 00107.098 00050.831 00001.039 00037.227 00037.147 00015.657 00054.086 00046.601 00029.220 00052.705 00157.723 00170.233 00179.958 00276.541 00338.518 00346.263 00177.681 -9999.000 -9999.0 -9999.0 -9999.0 -9999.0 -9999.0 -9999.0 -9999.0 -9999.0 -9999.0 -9999.0 -9999.0 -9999.0 -9999.0 -9999.0 -9999.0 -9999.0 -9999.0 -9999.0 -9999.0 -9999.0 -9999.0
01918.277 01955.493 01735.715 01768.766 01851.804 01890.032 01811.064 01660.827 01466.000 01438.044 00693.801 00798.997 00836.384 00993.330 00944.578 00789.437 00694.921 00045.378 00055.088 00081.352 00073.051 00069.766 00086.222 00102.130 00087.102 00078.992 00038.767 00030.193 00039.538 00034.536 00036.162 00056.002 00047.251 00017.268 00056.670 00166.542 00180.480 00191.209 00230.300 00276.412 00292.833 00619.551 -9999.000 -9999.0 -9999.0 -9999.0 -9999.0 -9999.0 -9999.0 -9999.0 -9999.0 -9999.0 -9999.0 -9999.0 -9999.0 -9999.0 -9999.0 -9999.0 -9999.0 -9999.0 -9999.0 -9999.0 -9999.0 -9999.0
01952.212 01965.004 01966.478 01733.819 01822.052 01896.800 01841.634 01730.002 01444.236 01309.443 01042.607 00814.873 00885.587 00983.958 00866.030 00051.983 00055.704 00053.399 00055.733 00050.229 00066.650 00042.453 00096.077 00091.534 00094.089 00049.392 00023.788 00046.526 00038.518 00021.469 00052.123 00058.061 00043.818 00025.985 00063.424 00166.621 00180.222 00187.258 00189.198 00204.020 02445.763 02577.089 02225.188 -9999.000 -9999.0 -9999.0 -9999.0 -9999.0 -9999.0 -9999.0 -9999.0 -9999.0 -9999.0 -9999.0 -9999.0 -9999.0 -9999.0 -9999.0 -9999.0 -9999.0 -9999.0 -9999.0 -9999.0 -9999.0
01929.529 01944.631 01964.070 01882.833 01742.109 01916.198 01947.438 01719.951 01550.999 01140.671 01337.866 00587.377 00781.688 00873.629 00780.639 00048.802 00083.878 00067.046 00054.756 00033.679 -9999.0 00063.360 00101.429 00095.652 00098.383 00050.354 00000.290 00040.879 00036.968 00019.664 00055.101 00046.965 00033.070 00050.212 00141.286 00142.500 00138.815 00151.491 00290.297 00201.341 02138.689 02136.455 02069.887 02031.144 -9999.000 -9999.0 -9999.0 -9999.0 -9999.0 -9999.0 -9999.0 -9999.0 -9999.0 -9999.0 -9999.0 -9999.0 -9999.0 -9999.0 -9999.0 -9999.0 -9999.0 -9999.0 -9999.0 -9999.0
01881.272 01904.188 01937.980 01954.436 01368.706 00201.980 00354.155 01736.040 01523.245 01258.164 01088.657 01095.395 00308.998 00066.940 00067.542 00059.071 00079.065 00068.309 00051.703 -9999.0 -9999.0 00084.278 00106.450 00099.152 00100.012 00050.263 00025.854 00041.762 00035.728 00032.591 00056.073 00046.687 00018.102 00056.005 00162.287 00173.815 00631.034 02966.221 02431.066 02317.865 02109.445 02092.050 02076.823 02050.296 01953.653 -9999.000 -9999.0 -9999.0 -9999.0 -9999.0 -9999.0 -9999.0 -9999.0 -9999.0 -9999.0 -9999.0 -9999.0 -9999.0 -9999.0 -9999.0 -9999.0 -9999.0 -9999.0 -9999.0
01866.908 01860.817 01782.013 01644.940 01369.537 00101.573 00114.071 01849.361 01693.180 01461.707 01309.876 00888.059 00088.746 00085.357 00071.266 00058.786 00077.677 00062.648 -9999.0 -9999.0 -9999.0 00090.636 00101.769 00100.962 00100.727 00049.320 00034.507 00042.834 00034.819 00037.602 00056.840 00046.848 00010.185 00057.514 00168.781 00183.035 01237.918 02919.083 02609.849 02112.165 02114.255 02101.298 02085.422 02071.735 02041.906 -9999.000 -9999.0 -9999.0 -9999.0 -9999.0 -9999.0 -9999.0 -9999.0 -9999.0 -9999.0 -9999.0 -9999.0 -9999.0 -9999.0 -9999.0 -9999.0 -9999.0 -9999.0 -9999.0
01695.872 01674.828 01528.013 01334.894 01175.250 00233.128 00116.653 01762.857 01648.335 01578.554 01334.968 00783.633 00066.726 00084.611 00064.401 00024.662 -9999.0 -9999.0 -9999.0 -9999.0 00016.223 00095.949 00098.704 00103.065 00077.684 00049.755 00036.914 00043.242 00037.385 00036.350 00057.004 00047.948 00024.744 00056.265 00165.145 00176.171 00186.529 02883.538 02879.980 02414.905 02074.436 02060.976 02037.402 02008.269 01900.939 02020.447 -9999.000 -9999.0 -9999.0 -9999.0 -9999.0 -9999.0 -9999.0 -9999.0 -9999.0 -9999.0 -9999.0 -9999.0 -9999.0 -9999.0 -9999.0 -9999.0 -9999.0 -9999.0
01517.862 01500.523 01410.895 01266.592 01765.285 01829.679 00976.784 00097.325 00089.948 00088.874 00090.603 00082.145 00056.757 00029.241 -9999.0 -9999.0 -9999.0 -9999.0 -9999.0 -9999.0 00043.620 00100.881 00103.645 00106.821 00081.092 00052.775 00032.132 00043.185 00038.109 00029.879 00056.913 00051.711 00043.397 00038.313 00161.299 00172.144 00185.503 02847.771 02865.503 02841.327 02192.966 01817.560 00208.810 00058.418 00254.356 01808.659 01449.180 -9999.000 -9999.0 -9999.0 -9999.0 -9999.0 -9999.0 -9999.0 -9999.0 -9999.0 -9999.0 -9999.0 -9999.0 -9999.0 -9999.0 -9999.0 -9999.0 -9999.0
01417.387 01374.280 01266.757 01623.894 01761.067 01712.359 01383.653 00040.431 00045.333 00062.679 00066.829 00055.895 -9999.0 -9999.0 -9999.0 -9999.0 -9999.0 -9999.0 -9999.0 -9999.0 00042.863 00103.367 00105.048 00108.909 00107.700 00055.156 00013.016 00042.089 00039.043 00014.860 00058.010 00065.065 00047.707 00031.605 00061.043 00170.861 00695.543 02789.573 02780.984 02719.663 02612.024 02537.304 00056.652 00054.516 00049.736 01597.438 01488.011 00141.925 -9999.000 -9999.0 -9999.0 -9999.0 -9999.0 -9999.0 -9999.0 -9999.0 -9999.0 -9999.0 -9999.0 -9999.0 -9999.0 -9999.0 -9999.0 -9999.0
01004.089 00903.966 01404.880 01634.013 01652.030 00168.164 00035.319 -9999.0 -9999.0 -9999.0 -9999.0 -9999.0 -9999.0 -9999.0 -9999.0 -9999.0 -9999.0 -9999.0 -9999.0 -9999.0 00003.199 00100.105 00117.688 00105.778 00108.136 00056.132 00025.130 00047.375 00042.326 00026.562 00048.739 00060.910 00048.342 00011.197 00061.530 00161.447 00161.612 00148.117 00141.496 00145.194 00157.505 00142.914 00152.498 00160.311 00122.064 00062.739 00041.985 00174.199 00158.185 -9999.000 -9999.0 -9999.0 -9999.0 -9999.0 -9999.0 -9999.0 -9999.0 -9999.0 -9999.0 -9999.0 -9999.0 -9999.0 -9999.0 -9999.0
00198.588 00198.135 00862.728 01309.676 00751.431 -9999.0 -9999.0 -9999.0 -9999.0 -9999.0 -9999.0 -9999.0 -9999.0 -9999.0 -9999.0 -9999.0 -9999.0 -9999.0 -9999.0 -9999.0 -9999.0 00086.314 00101.481 00099.687 00098.903 00049.770 00031.703 00043.452 00042.210 00022.465 00055.318 00060.043 00049.914 00029.838 00048.974 00075.355 00133.978 00125.906 00118.942 00138.406 00123.808 00138.630 00140.239 00177.562 00184.492 00068.320 00182.834 00273.064 00153.503 00149.897 -9999.000 -9999.0 -9999.0 -9999.0 -9999.0 -9999.0 -9999.0 -9999.0 -9999.0 -9999.0 -9999.0 -9999.0 -9999.0 -9999.0
-9999.0 -9999.0 00180.498 00515.746 00122.992 -9999.0 -9999.0 -9999.0 -9999.0 -9999.0 -9999.0 -9999.0 -9999.0 -9999.0 -9999.0 -9999.0 -9999.0 -9999.0 -9999.0 -9999.0 00018.153 00097.157 00098.777 00102.257 00082.103 00048.167 00040.905 00043.281 00039.480 00032.104 00060.682 00065.423 00058.640 00065.666 00054.389 00062.472 00081.821 00090.816 00089.248 00092.889 00092.924 00114.223 00164.218 00178.252 00196.249 00092.396 00112.500 01691.528 00317.996 00176.762 00054.070 -9999.000 -9999.0 -9999.0 -9999.0 -9999.0 -9999.0 -9999.0 -9999.0 -9999.0 -9999.0 -9999.0 -9999.000 -9999.000
-9999.0 -9999.0 -9999.0 -9999.0 -9999.0 -9999.0 -9999.0 -9999.0 -9999.0 -9999.0 -9999.0 -9999.0 -9999.0 -9999.0 -9999.0 -9999.0 -9999.0 -9999.0 -9999.0 -9999.0 00045.110 00100.527 00102.342 00104.748 00065.626 00049.209 00041.547 00043.935 00040.301 00020.858 00063.132 00070.309 00064.547 00056.811 00042.165 00039.770 00074.532 01206.852 01274.854 01258.988 00289.325 00058.199 00168.462 00186.684 00188.587 00073.789 00815.672 02597.176 02429.915 02453.102 02148.418 01991.502 -9999.000 -9999.0 -9999.0 -9999.0 -9999.0 -9999.0 -9999.0 -9999.0 -9999.0 -9999.000 -9999.000 00057.528
