tests/Case_4_HeatPerUnitArea.asc
NCOLS 245
NROWS 163
XLLCORNER 4208400.000000
YLLCORNER 1880200.000000
CELLSIZE 100.000000
NODATA_VALUE -9999.0
[rows 58 to 86 of 163, columns 64 to 127 of 245]
-9999.0 -9999.0 -9999.0 -9999.0 -9999.0 -9999.0 -9999.0 -9999.0 01118.117 04757.481 05048.222 05111.114 05105.877 04967.466 04526.745 03605.643 02734.191 03605.457 03217.077 03656.524 04850.047 05104.514 04844.919 04536.841 05138.705 04907.179 04168.641 04996.871 05023.616 04604.427 03630.287 05252.183 05391.024 05452.419 05469.880 05489.780 05565.399 05691.074 05757.724 05768.827 05724.425 05678.729 05644.590 -9999.000 -9999.0 -9999.0 -9999.0 -9999.0 -9999.0 -9999.0 -9999.0 -9999.0 -9999.0 -9999.0 -9999.0 -9999.0 -9999.0 -9999.0 -9999.0 -9999.0 -9999.0 -9999.0 -9999.0 -9999.0
-9999.0 -9999.0 -9999.0 -9999.0 -9999.0 -9999.0 -9999.0 -9999.0 04261.866 04948.893 05081.393 05114.327 05026.146 04023.815 04645.368 05001.498 05064.630 05091.403 05014.464 04856.690 04167.911 04496.411 04528.994 04936.234 05125.985 04097.534 04759.031 05039.024 04925.133 03068.850 05135.716 05414.334 05563.333 05656.538 05714.170 05732.793 05740.913 05682.942 05753.837 05763.956 05715.239 05643.800 05595.191 -9999.000 -9999.0 -9999.0 -9999.0 -9999.0 -9999.0 -9999.0 -9999.0 -9999.0 -9999.0 -9999.0 -9999.0 -9999.0 -9999.0 -9999.0 -9999.0 -9999.0 -9999.0 -9999.0 -9999.0 -9999.0
-9999.0 -9999.0 -9999.0 -9999.0 -9999.0 -9999.0 -9999.0 02364.075 04796.874 05061.235 05110.073 05087.196 04453.390 04528.462 05042.924 05046.975 05059.900 05132.109 05143.147 05108.143 04949.092 03798.394 02193.654 05036.773 05088.141 00708.441 04929.905 05054.102 04726.382 03928.851 05323.206 05478.083 05644.089 05748.175 05771.128 05771.508 05772.802 05757.023 05747.655 05762.435 05725.467 05633.820 01037.956 -9999.0 -9999.0 -9999.0 -9999.0 -9999.0 -9999.0 -9999.0 -9999.0 -9999.0 -9999.0 -9999.0 -9999.0 -9999.0 -9999.0 -9999.0 -9999.0 -9999.0 -9999.0 -9999.0 -9999.0 -9999.0
-9999.0 -9999.0 -9999.0 -9999.0 -9999.0 -9999.0 -9999.0 04031.928 04925.758 05086.345 05112.525 04978.844 02735.692 04989.735 04968.502 04441.539 04212.851 04683.714 05083.867 05140.828 05093.768 05049.182 04973.367 05104.020 04986.909 03836.323 04983.561 05037.461 04482.466 04794.308 05389.073 05536.964 05667.777 05756.874 05782.490 08799.135 05766.042 05759.729 05750.472 05758.784 05733.936 05674.552 01571.089 -9999.0 -9999.0 -9999.0 -9999.0 -9999.0 -9999.0 -9999.0 -9999.0 -9999.0 -9999.0 -9999.0 -9999.0 -9999.0 -9999.0 -9999.0 -9999.0 -9999.0 -9999.0 -9999.0 -9999.0 -9999.0
-9999.0 -9999.0 -9999.0 -9999.0 -9999.0 -9999.0 -9999.0 03991.949 04929.299 05079.010 05007.543 04780.037 03916.593 05033.436 04335.829 08141.319 15841.816 04006.937 05053.307 05116.096 05120.129 05126.997 05132.468 05131.187 04858.060 04412.047 05034.067 04990.643 03803.693 05139.561 05433.422 05581.758 05704.650 05760.610 08974.277 31566.528 31538.924 05764.386 05753.442 05745.574 05712.039 05675.121 -9999.000 -9999.0 -9999.0 -9999.0 -9999.0 -9999.0 -9999.0 -9999.0 -9999.0 -9999.0 -9999.0 -9999.0 -9999.0 -9999.0 -9999.0 -9999.0 -9999.0 -9999.0 -9999.0 -9999.0 -9999.0 -9999.0
-9999.0 -9999.0 -9999.0 -9999.0 -9999.0 -9999.0 04284.861 04939.936 05081.404 05109.042 04946.157 04551.200 03626.800 05029.101 04542.136 22664.219 25196.538 03355.306 04591.175 04389.750 04546.320 04836.027 05016.548 05126.871 04630.833 04672.850 05045.656 04942.429 02242.665 05243.853 05464.178 05612.529 05731.438 05764.962 05763.964 31527.467 31483.529 05755.375 05759.516 05739.491 05695.245 05648.618 -9999.000 -9999.0 -9999.0 -9999.0 -9999.0 -9999.0 -9999.0 -9999.0 -9999.0 -9999.0 -9999.0 -9999.0 -9999.0 -9999.0 -9999.0 -9999.0 -9999.0 -9999.0 -9999.0 -9999.0 -9999.0 -9999.0
-9999.0 -9999.0 -9999.0 -9999.0 -9999.0 04307.542 04945.909 05091.747 05110.272 05026.922 04097.615 04538.112 04936.823 05030.300 04581.379 26309.902 24839.815 03930.019 04373.587 04460.931 04140.862 03029.697 04462.628 05019.716 04376.421 04748.783 05049.585 04896.512 02326.458 05286.679 05475.676 05621.549 05737.184 05769.452 05748.373 31464.386 31442.156 05741.889 05737.131 05733.921 05699.982 05624.516 -9999.000 -9999.0 -9999.0 -9999.0 -9999.0 -9999.0 -9999.0 -9999.0 -9999.0 -9999.0 -9999.0 -9999.0 -9999.0 -9999.0 -9999.0 -9999.0 -9999.0 -9999.0 -9999.0 -9999.0 -9999.0 -9999.0
-9999.0 -9999.0 -9999.0 -9999.0 02390.357 04794.968 05061.439 05107.109 05010.524 03959.945 04672.675 05027.838 05008.812 04969.612 04101.764 27262.238 27644.985 27730.125 27832.968 27874.223 12824.971 04380.390 02852.605 04541.074 04415.254 04679.082 05042.230 04915.027 01689.945 05266.636 05465.623 05613.098 05730.599 05769.498 05747.076 31437.061 31398.542 05716.760 05710.667 05731.241 05684.622 05558.250 -9999.0 -9999.0 -9999.0 -9999.0 -9999.0 -9999.0 -9999.0 -9999.0 -9999.0 -9999.0 -9999.0 -9999.0 -9999.0 -9999.0 -9999.0 -9999.0 -9999.0 -9999.0 -9999.0 -9999.0 -9999.0 -9999.0
-9999.0 -9999.0 -9999.0 -9999.0 04307.900 04942.487 05100.814 05103.054 04841.144 04278.972 05022.783 04946.392 03823.845 03383.040 02678.148 27711.378 27834.231 27927.783 27966.020 27986.442 17477.085 04805.227 04357.492 02547.254 04525.456 04634.557 05026.798 04945.752 03068.055 05194.396 05432.730 05576.631 05689.789 05750.329 05762.208 25539.824 30029.405 11336.902 19052.434 07540.459 05664.050 -9999.000 -9999.0 -9999.0 -9999.0 -9999.0 -9999.0 -9999.0 -9999.0 -9999.0 -9999.0 -9999.0 -9999.0 -9999.0 -9999.0 -9999.0 -9999.0 -9999.0 -9999.0 -9999.0 -9999.0 -9999.0 -9999.0 -9999.0
-9999.0 -9999.0 -9999.0 03698.309 04917.750 05084.589 05108.276 04882.876 03859.015 04747.981 05032.973 04374.731 26805.808 27428.503 27705.726 27870.945 27957.109 27999.339 28039.581 28062.005 12139.761 04915.800 04691.064 04020.207 02493.056 04731.165 05028.833 04791.847 03295.038 04901.250 05341.231 05424.054 05567.705 05661.880 05682.274 05668.119 05612.137 31099.050 30984.755 30392.519 05623.873 -9999.0 -9999.0 -9999.0 -9999.0 -9999.0 -9999.0 -9999.0 -9999.0 -9999.0 -9999.0 -9999.0 -9999.0 -9999.0 -9999.0 -9999.0 -9999.0 -9999.0 -9999.0 -9999.0 -9999.0 -9999.0 -9999.0 -9999.000
-9999.0 -9999.0 -9999.0 04512.778 05036.017 05114.927 05082.861 04210.806 04827.173 05043.374 04996.485 03578.165 27379.515 27701.212 27878.496 27968.336 28024.230 28070.562 28078.374 28083.405 10618.856 05004.764 04904.446 04644.141 03775.612 04948.602 05033.137 04332.498 04819.080 05331.439 05422.982 05552.099 05651.315 05676.005 05692.217 05670.214 05610.889 31070.738 30927.720 28799.496 -9999.000 -9999.0 -9999.0 -9999.0 -9999.0 -9999.0 -9999.0 -9999.0 -9999.0 -9999.0 -9999.0 -9999.0 -9999.0 -9999.0 -9999.0 -9999.0 -9999.0 -9999.0 -9999.0 -9999.0 -9999.0 -9999.0 -9999.0 -9999.000
-9999.0 -9999.0 04533.189 04986.467 05078.183 05116.976 05018.503 02477.239 05027.156 04816.767 04119.562 03321.539 27658.213 27842.117 27967.180 28033.850 28074.281 28083.568 28092.646 28092.270 14156.295 05041.448 04980.221 04871.961 04553.168 05027.635 04982.483 03000.168 05232.328 05409.513 05541.861 05650.246 07337.673 05689.962 05680.294 17415.557 05625.569 31064.312 30576.304 29253.337 -9999.0 -9999.0 -9999.0 -9999.0 -9999.0 -9999.0 -9999.0 -9999.0 -9999.0 -9999.0 -9999.0 -9999.0 -9999.0 -9999.0 -9999.0 -9999.0 -9999.0 -9999.0 -9999.0 -9999.0 -9999.0 -9999.0 -9999.0 -9999.0
-9999.0 -9999.0 00677.141 00805.088 00846.774 00839.118 01775.217 04294.063 05033.797 04263.738 26573.007 27616.087 27811.139 27931.165 28026.921 28074.708 28089.215 28089.980 28069.439 28053.905 16251.878 05053.037 05031.315 04964.173 04822.777 05044.032 04925.739 03455.370 05316.194 05441.189 05566.094 14921.798 31177.330 30190.795 31569.533 31455.739 31332.500 31128.115 30558.151 -9999.000 -9999.0 -9999.0 -9999.0 -9999.0 -9999.0 -9999.0 -9999.0 -9999.0 -9999.0 -9999.0 -9999.0 -9999.0 -9999.0 -9999.0 -9999.0 -9999.0 -9999.0 -9999.0 -9999.0 -9999.0 -9999.0 -9999.0 -9999.0 -9999.0
-9999.0 -9999.0 00719.554 00821.161 00846.579 00838.997 00658.539 04559.543 05027.478 03630.782 27423.468 27716.952 27912.545 27992.800 28061.380 28090.898 28081.617 28048.278 28000.001 27961.178 11537.125 05055.300 05047.997 05017.294 04974.007 05049.855 04908.631 03731.505 05320.978 05453.185 05566.723 27801.062 31622.656 31674.039 31618.334 31509.578 31398.501 31211.074 30549.372 -9999.000 -9999.0 -9999.0 -9999.0 -9999.0 -9999.0 -9999.0 -9999.0 -9999.0 -9999.0 -9999.0 -9999.0 -9999.0 -9999.0 -9999.0 -9999.0 -9999.0 -9999.0 -9999.0 -9999.0 -9999.0 -9999.0 -9999.0 -9999.0 -9999.0
-9999.0 -9999.0 00671.426 00792.623 00834.127 04994.249 04272.727 04640.690 05019.133 03281.688 27622.999 27854.376 27960.527 28045.165 28073.668 28081.586 28037.010 27962.403 27869.601 27819.109 11616.972 05030.298 05057.277 05034.515 05053.400 04982.270 04719.342 02456.817 05278.454 05411.109 05530.845 05647.366 31591.562 31630.504 31677.664 31600.821 30755.468 05739.908 05678.394 -9999.000 -9999.0 -9999.0 -9999.0 -9999.0 -9999.0 -9999.0 -9999.0 -9999.0 -9999.0 -9999.0 -9999.0 -9999.0 -9999.0 -9999.0 -9999.0 -9999.0 -9999.0 -9999.0 -9999.0 -9999.0 -9999.0 -9999.0 -9999.0 -9999.0
-9999.0 -9999.0 00486.151 00755.356 00819.575 04980.873 04525.987 04768.617 05004.635 00040.084 27718.751 27923.918 28015.976 28059.272 28075.563 28043.633 27951.084 27817.664 27686.493 27571.289 14264.230 04997.321 05049.540 05047.379 04983.593 04445.267 03408.169 04694.583 05076.067 05386.065 05518.055 05620.145 31564.047 31600.679 31619.373 31643.692 31661.409 05743.169 05678.385 -9999.000 -9999.0 -9999.0 -9999.0 -9999.0 -9999.0 -9999.0 -9999.0 -9999.0 -9999.0 -9999.0 -9999.0 -9999.0 -9999.0 -9999.0 -9999.0 -9999.0 -9999.0 -9999.0 -9999.0 -9999.0 -9999.0 -9999.0 -9999.0 -9999.0
-9999.0 -9999.0 00509.664 00760.865 00825.937 04969.136 04255.880 04851.556 04956.541 02962.812 27845.531 27965.574 28047.208 28070.649 28051.590 27981.155 27850.326 27663.062 27376.988 24971.170 04498.118 04885.960 05019.676 05022.522 04736.746 03172.472 05239.204 05311.951 05369.727 05414.034 05487.016 20062.119 31526.214 31566.266 31574.761 31607.235 29194.390 05740.985 05684.263 -9999.000 -9999.0 -9999.0 -9999.0 -9999.0 -9999.0 -9999.0 -9999.0 -9999.0 -9999.0 -9999.0 -9999.0 -9999.0 -9999.0 -9999.0 -9999.0 -9999.0 -9999.0 -9999.0 -9999.0 -9999.0 -9999.0 -9999.0 -9999.0 -9999.0
-9999.0 -9999.0 -9999.0 -9999.0 -9999.0 04969.153 04052.637 04913.027 04969.141 03373.382 27896.018 28000.485 28056.875 28072.537 28027.420 27921.363 27719.262 27385.235 26730.086 24073.681 04445.054 04834.025 04885.983 04608.391 03695.855 05030.657 20446.820 30227.722 30529.613 30856.539 31049.884 31132.513 31328.142 31512.151 31537.348 05747.458 05761.506 05739.841 05703.957 -9999.000 -9999.0 -9999.0 -9999.0 -9999.0 -9999.0 -9999.0 -9999.0 -9999.0 -9999.0 -9999.0 -9999.0 -9999.0 -9999.0 -9999.0 -9999.0 -9999.0 -9999.0 -9999.0 -9999.0 -9999.0 -9999.0 -9999.0 -9999.0 -9999.0
-9999.0 -9999.0 -9999.0 -9999.0 -9999.0 04923.840 03267.502 04994.071 04879.627 03671.027 27918.616 28030.510 28069.304 28063.766 27991.315 27851.080 27576.152 26978.106 25471.546 10762.280 03674.905 04158.334 03404.314 04182.279 05069.827 06365.115 29954.202 30219.380 30486.475 30811.566 31026.912 31137.011 31440.015 31549.968 27744.854 05763.499 05766.776 05757.984 05711.575 -9999.000 -9999.0 -9999.0 -9999.0 -9999.0 -9999.0 -9999.0 -9999.0 -9999.0 -9999.0 -9999.0 -9999.0 -9999.0 -9999.0 -9999.0 -9999.0 -9999.0 -9999.0 -9999.0 -9999.0 -9999.0 -9999.0 -9999.0 -9999.0 -9999.0
-9999.0 -9999.0 -9999.0 -9999.0 -9999.0 04932.585 03618.073 04979.766 04966.621 02916.311 04489.102 04802.189 28079.270 28056.648 27955.885 27787.600 27444.743 26417.113 19445.177 08009.744 23196.771 26289.980 27514.084 28223.354 28916.118 29594.624 29948.299 30211.353 30432.077 30768.490 30974.409 24712.201 05642.852 05684.390 05755.845 05768.254 05751.420 05739.996 05706.564 -9999.000 -9999.0 -9999.0 -9999.0 -9999.0 -9999.0 -9999.0 -9999.0 -9999.0 -9999.0 -9999.0 -9999.0 -9999.0 -9999.0 -9999.0 -9999.0 -9999.0 -9999.0 -9999.0 -9999.0 -9999.0 -9999.0 -9999.0 -9999.0 -9999.0
-9999.0 -9999.0 -9999.0 -9999.0 -9999.0 04969.158 04266.909 04808.067 05047.649 04782.073 03088.760 04830.601 28084.723 28042.002 27939.122 27743.097 27322.320 25823.260 12028.143 10247.151 23976.584 26310.764 27556.206 28204.168 28837.848 29519.499 29863.654 30137.867 30300.421 30546.020 30640.672 30548.696 05634.710 05737.228 05761.114 05756.996 05736.263 05716.198 05673.334 -9999.000 -9999.0 -9999.0 -9999.0 -9999.0 -9999.0 -9999.0 -9999.0 -9999.0 -9999.0 -9999.0 -9999.0 -9999.0 -9999.0 -9999.0 -9999.0 -9999.0 -9999.0 -9999.0 -9999.0 -9999.0 -9999.0 -9999.0 -9999.0 -9999.0
-9999.0 -9999.0 -9999.0 -9999.0 -9999.0 05006.698 04661.227 03579.528 04977.737 04868.795 02938.273 04804.866 28086.710 28043.638 25427.945 27729.486 27284.576 25614.358 11345.926 10474.957 20336.981 26190.576 27388.299 28068.373 28587.901 29286.154 29725.561 30010.596 30286.533 30624.251 30474.511 25430.064 05722.961 05755.902 05770.302 05748.560 05719.011 04431.603 05631.052 -9999.000 -9999.0 -9999.0 -9999.0 -9999.0 -9999.0 -9999.0 -9999.0 -9999.0 -9999.0 -9999.0 -9999.0 -9999.0 -9999.0 -9999.0 -9999.0 -9999.0 -9999.0 -9999.0 -9999.0 -9999.0 -9999.0 -9999.0 -9999.0 -9999.0
-9999.0 -9999.0 -9999.0 -9999.0 -9999.0 -9999.0 -9999.0 -9999.0 -9999.0 -9999.0 26910.012 25651.337 04902.711 07922.437 04892.383 27738.456 27319.793 26069.263 17457.006 08345.103 03688.147 03740.322 26985.738 27852.931 28485.835 29280.520 29788.006 30036.912 30203.601 30284.451 05494.168 06536.361 05739.486 05766.318 05757.483 05738.795 05706.703 01054.019 01041.811 -9999.000 -9999.0 -9999.0 -9999.0 -9999.0 -9999.0 -9999.0 -9999.0 -9999.0 -9999.0 -9999.0 -9999.0 -9999.0 -9999.0 -9999.0 -9999.0 -9999.0 -9999.0 -9999.0 -9999.0 -9999.0 -9999.0 -9999.0 -9999.0 -9999.0
-9999.0 -9999.0 -9999.0 -9999.0 -9999.0 -9999.0 -9999.0 -9999.0 -9999.0 -9999.0 27708.076 27893.264 06538.204 04814.873 04901.511 27778.104 27474.031 26755.133 23972.707 20117.823 03631.419 04200.414 26681.723 26433.045 28481.005 29065.177 29510.372 29716.720 29871.958 29156.339 05485.102 05628.084 05743.436 05767.459 05736.524 03584.141 05448.449 01052.938 01040.965 -9999.0 -9999.0 -9999.0 -9999.0 -9999.0 -9999.0 -9999.0 -9999.0 -9999.0 -9999.0 -9999.0 -9999.0 -9999.0 -9999.0 -9999.0 -9999.0 -9999.0 -9999.0 -9999.0 -9999.0 -9999.0 -9999.0 -9999.0 -9999.0 -9999.0
-9999.0 -9999.0 27631.605 28026.119 28218.628 28292.557 28289.936 -9999.0 -9999.0 -9999.0 27615.134 27732.221 14006.347 04773.279 04908.109 27841.361 27612.961 27235.695 26180.124 25470.119 04163.085 04594.983 03315.891 03113.110 04524.230 28587.014 29034.084 06904.676 05322.419 05317.186 05481.443 05625.223 05744.053 05765.964 05746.336 01060.998 01056.423 01051.677 01040.045 -9999.0 -9999.0 -9999.0 -9999.0 -9999.0 -9999.0 -9999.0 -9999.0 -9999.0 -9999.0 -9999.0 -9999.0 -9999.0 -9999.0 -9999.0 -9999.0 -9999.0 -9999.0 -9999.0 -9999.0 -9999.0 -9999.0 -9999.0 -9999.0 -9999.0
-9999.0 -9999.0 27787.965 28088.549 28282.315 28277.843 28138.677 -9999.0 -9999.0 -9999.0 27384.359 27618.721 04218.131 04742.834 04912.194 27904.335 27740.609 27500.806 27173.458 26879.688 04489.651 04857.928 04782.183 04442.515 02989.856 28268.847 23770.119 05113.506 04803.897 05286.882 05466.898 05611.525 05728.619 05761.717 05746.071 01060.815 01056.145 01050.600 01039.165 -9999.0 -9999.0 -9999.0 -9999.0 -9999.0 -9999.0 -9999.0 -9999.0 -9999.0 -9999.0 -9999.0 -9999.0 -9999.0 -9999.0 -9999.0 -9999.0 -9999.0 -9999.0 -9999.0 -9999.0 -9999.0 -9999.0 -9999.0 -9999.0 -9999.0
-9999.0 -9999.0 27848.287 28136.332 28286.420 26469.038 22358.030 -9999.0 -9999.0 -9999.0 27021.125 27182.868 03392.732 04673.769 04921.940 27959.933 27856.888 27714.367 27513.434 27193.751 19226.122 04932.962 05031.141 04942.171 02709.823 27822.511 24537.229 04612.314 03875.513 12365.952 05431.919 05568.202 05689.662 05750.607 05755.258 01062.246 01374.849 01050.998 -9999.000 -9999.0 -9999.0 -9999.0 -9999.0 -9999.0 -9999.0 -9999.0 -9999.0 -9999.0 -9999.0 -9999.0 -9999.0 -9999.0 -9999.0 -9999.0 -9999.0 -9999.0 -9999.0 -9999.0 -9999.0 -9999.0 -9999.0 -9999.0 -9999.0 -9999.0
20877.131 27280.056 27820.977 28036.486 28209.591 00871.011 00686.745 25948.054 06438.850 20234.398 26263.633 26811.782 08127.092 04398.321 04886.606 04906.508 04858.286 27837.033 27729.609 27675.986 04863.648 04984.987 05042.856 04999.318 04428.582 02927.192 04031.803 27764.370 28204.330 28458.555 05375.905 05483.647 05621.674 05740.855 05773.658 05754.689 05690.038 01050.503 -9999.000 -9999.0 -9999.0 -9999.0 -9999.0 -9999.0 -9999.0 -9999.0 -9999.0 -9999.0 -9999.0 -9999.0 -9999.0 -9999.0 -9999.0 -9999.0 -9999.0 -9999.0 -9999.0 -9999.0 -9999.0 -9999.0 -9999.0 -9999.0 -9999.0 -9999.0
14154.407 26804.112 27606.186 27943.803 28177.379 00871.286 00661.926 22676.443 08057.738 19025.644 24493.851 25463.461 03560.000 03109.684 04686.491 04876.446 04917.314 27933.912 27870.351 26068.299 04953.493 05031.251 05054.542 05050.473 04894.779 04543.472 02634.168 28115.446 28540.983 24389.334 05304.423 05463.853 05623.133 05739.195 05772.858 05749.068 05685.983 01049.902 -9999.000 -9999.0 -9999.0 -9999.0 -9999.0 -9999.0 -9999.0 -9999.0 -9999.0 -9999.0 -9999.0 -9999.0 -9999.0 -9999.0 -9999.0 -9999.0 -9999.0 -9999.0 -9999.0 -9999.0 -9999.0 -9999.0 -9999.0 -9999.0 -9999.0 -9999.0
