tests/Case_5_ArrivalTime.asc
NCOLS 354
NROWS 235
XLLCORNER 2900300.000000
YLLCORNER 2159500.000000
CELLSIZE 100.000000
NODATA_VALUE -9999.0
[rows 90 to 119 of 235, columns 69 to 137 of 354]
01393.660 01372.988 01342.823 01311.250 01295.933 01295.097 01334.540 01311.061 01292.373 01227.483 00475.854 00461.619 00463.177 00442.636 00424.496 00396.729 00362.911 00315.013 00283.387 00262.233 00254.554 00255.951 00214.275 00132.444 00000.000 0.0 0.0 0.0 0.0 0.0 0.0 0.0 0.0 0.0 0.0 0.0 0.0 0.0 0.0 0.0 0.0 0.0 0.0 0.0 0.0 0.0 0.0 0.0 0.0 0.0 0.0 0.0 0.0 0.0 0.0 0.0 0.0 0.0 0.0 0.0 0.0 0.0 0.0 0.0 0.0 0.0 0.0 0.0 0.0
01404.929 01418.317 01408.187 01370.551 01354.119 01358.551 01408.745 01452.141 01400.937 01259.800 01156.082 01063.591 01100.302 00475.444 00425.067 00396.143 00363.410 00338.835 00317.795 00311.124 00315.819 00305.006 00208.436 00140.166 00000.000 00000.000 0.0 0.0 0.0 0.0 0.0 0.0 0.0 0.0 0.0 0.0 0.0 0.0 0.0 0.0 0.0 0.0 0.0 0.0 0.0 0.0 0.0 0.0 0.0 0.0 0.0 0.0 0.0 0.0 0.0 0.0 0.0 0.0 0.0 0.0 0.0 0.0 0.0 0.0 0.0 0.0 0.0 0.0 0.0
01425.163 01451.884 01450.453 01424.400 01418.813 01420.617 01438.282 01477.796 01397.099 01319.138 01263.636 01271.878 01194.090 00521.434 00437.044 00400.287 00373.252 00359.162 00334.207 00338.879 00343.962 00266.746 00207.918 00163.188 00120.760 00000.000 0.0 0.0 0.0 0.0 0.0 0.0 0.0 0.0 0.0 0.0 0.0 0.0 0.0 0.0 0.0 0.0 0.0 0.0 0.0 0.0 0.0 0.0 0.0 0.0 0.0 0.0 0.0 0.0 0.0 0.0 0.0 0.0 0.0 0.0 0.0 0.0 0.0 0.0 0.0 0.0 0.0 0.0 0.0
01451.479 01484.606 01474.131 01450.541 01457.554 01476.540 01476.850 01486.669 01414.510 01362.849 01337.283 01357.430 01272.146 01092.485 00471.892 00412.054 00388.880 00369.849 00352.762 00360.639 00323.902 00267.333 00228.928 00191.232 00148.708 00122.306 00000.000 0.0 0.0 0.0 0.0 0.0 0.0 0.0 0.0 0.0 0.0 0.0 0.0 0.0 0.0 0.0 0.0 0.0 0.0 0.0 0.0 0.0 0.0 0.0 0.0 0.0 0.0 0.0 0.0 0.0 0.0 0.0 0.0 0.0 0.0 0.0 0.0 0.0 0.0 0.0 0.0 0.0 0.0
01477.583 01506.044 01494.328 01467.585 01471.940 01503.017 01515.596 01497.724 01444.301 01409.345 01402.915 01439.884 01375.254 01224.377 00561.610 00452.922 00416.139 00385.571 00375.602 00372.145 00324.657 00284.177 00253.777 00220.697 00179.331 00155.472 00119.371 00000.000 0.0 0.0 0.0 0.0 0.0 0.0 0.0 0.0 0.0 0.0 0.0 0.0 0.0 0.0 0.0 0.0 0.0 0.0 0.0 0.0 0.0 0.0 0.0 0.0 0.0 0.0 0.0 0.0 0.0 0.0 0.0 0.0 0.0 0.0 0.0 0.0 0.0 0.0 0.0 0.0 0.0
01497.265 01523.209 01517.919 01488.160 01485.439 01505.430 01537.787 01527.455 01479.879 01452.131 01451.877 01485.332 01403.568 01309.378 01240.805 01226.370 01198.235 00407.157 00400.395 00377.656 00338.421 00299.550 00282.611 00244.757 00212.979 00184.746 00157.517 00125.478 00000.000 0.0 0.0 0.0 0.0 0.0 0.0 0.0 0.0 0.0 0.0 0.0 0.0 0.0 0.0 0.0 0.0 0.0 0.0 0.0 0.0 0.0 0.0 0.0 0.0 0.0 0.0 0.0 0.0 0.0 0.0 0.0 0.0 0.0 0.0 0.0 0.0 0.0 0.0 0.0 0.0
01508.035 01531.231 01554.761 01522.192 01509.703 01518.898 01544.237 01554.227 01511.953 01493.312 01475.201 01440.352 01389.622 01333.293 01305.217 01292.325 01242.589 01175.725 00433.073 00397.705 00358.597 00322.866 00285.613 00255.016 00234.727 00212.735 00213.658 00197.430 00146.892 00000.000 0.0 0.0 0.0 0.0 0.0 0.0 0.0 0.0 0.0 0.0 0.0 0.0 0.0 0.0 0.0 0.0 0.0 0.0 0.0 0.0 0.0 0.0 0.0 0.0 0.0 0.0 0.0 0.0 0.0 0.0 0.0 0.0 0.0 0.0 0.0 0.0 0.0 0.0 0.0
01515.552 01531.945 01562.790 01560.676 01543.490 01545.844 01564.899 01568.415 01502.781 01451.711 01408.183 01374.122 01352.093 01345.988 01338.965 01314.860 01272.445 01223.667 00426.361 00389.092 00355.705 00318.695 00286.546 00265.582 00250.434 00241.933 00220.740 00177.579 00135.937 00000.000 0.0 0.0 0.0 0.0 0.0 0.0 0.0 0.0 0.0 0.0 0.0 0.0 0.0 0.0 0.0 0.0 0.0 0.0 0.0 0.0 0.0 0.0 0.0 0.0 0.0 0.0 0.0 0.0 0.0 0.0 0.0 0.0 0.0 0.0 0.0 0.0 0.0 0.0 0.0
01528.853 01540.366 01569.980 01606.870 01575.610 01538.912 01510.258 01492.221 01464.726 01409.494 01359.930 01319.701 01294.523 01315.065 01310.929 01323.686 01297.249 01246.780 00425.347 00385.769 00348.725 00313.619 00287.609 00274.802 00254.509 00234.632 00205.674 00169.209 00132.661 00000.000 0.0 0.0 0.0 0.0 0.0 0.0 0.0 0.0 0.0 0.0 0.0 0.0 0.0 0.0 0.0 0.0 0.0 0.0 0.0 0.0 0.0 0.0 0.0 0.0 0.0 0.0 0.0 0.0 0.0 0.0 0.0 0.0 0.0 0.0 0.0 0.0 0.0 0.0 0.0
01554.450 01565.720 01596.702 01566.057 01521.463 01490.421 01463.831 01439.873 01414.896 01376.499 01325.364 01277.401 01239.528 01251.437 01236.160 01239.405 01286.804 01253.676 00429.389 00389.478 00351.108 00318.327 00283.724 00255.042 00231.754 00212.274 00188.040 00161.320 00134.109 00025.285 0.0 0.0 0.0 0.0 0.0 0.0 0.0 0.0 0.0 0.0 0.0 0.0 0.0 0.0 0.0 0.0 0.0 0.0 0.0 0.0 0.0 0.0 0.0 0.0 0.0 0.0 0.0 0.0 0.0 0.0 0.0 0.0 0.0 0.0 0.0 0.0 0.0 0.0 0.0
01583.069 01597.173 01562.689 01521.563 01487.501 01458.428 01433.467 01408.314 01381.515 01349.040 01301.741 01246.549 01196.364 01129.367 01072.245 00975.013 00554.124 00493.116 00441.859 00399.885 00354.539 00316.830 00279.519 00244.510 00224.573 00204.999 00182.895 00161.831 00140.520 00109.839 00000.000 0.0 0.0 0.0 0.0 0.0 0.0 0.0 0.0 0.0 0.0 0.0 0.0 0.0 0.0 0.0 0.0 0.0 0.0 0.0 0.0 0.0 0.0 0.0 0.0 0.0 0.0 0.0 0.0 0.0 0.0 0.0 0.0 0.0 0.0 0.0 0.0 0.0 0.0
01609.722 01598.564 01555.116 01508.471 01469.036 01437.905 01410.695 01385.995 01361.413 01331.221 01287.397 01235.399 01187.885 01136.167 01060.088 00669.993 00551.089 00498.799 00450.635 00404.159 00358.958 00317.613 00278.348 00248.237 00225.032 00205.540 00185.923 00169.119 00149.097 00127.094 00100.172 0.0 0.0 0.0 0.0 0.0 0.0 0.0 0.0 0.0 0.0 0.0 0.0 0.0 0.0 0.0 0.0 0.0 0.0 0.0 0.0 0.0 0.0 0.0 0.0 0.0 0.0 0.0 0.0 0.0 0.0 0.0 0.0 0.0 0.0 0.0 0.0 0.0 0.0
01632.881 01605.472 01565.308 01509.254 01468.385 01437.409 01400.675 01369.809 01340.495 01305.997 01273.894 01233.566 01185.747 01132.147 01061.079 00945.305 00563.825 00506.722 00458.588 00411.966 00366.247 00326.237 00297.013 00261.358 00238.372 00222.262 00205.500 00191.098 00178.057 00154.084 00149.701 00000.000 00000.000 0.0 0.0 0.0 0.0 0.0 0.0 0.0 0.0 0.0 0.0 0.0 0.0 0.0 0.0 0.0 0.0 0.0 0.0 0.0 0.0 0.0 0.0 0.0 0.0 0.0 0.0 0.0 0.0 0.0 0.0 0.0 0.0 0.0 0.0 0.0 0.0
01639.954 01631.250 01589.623 01526.446 01486.107 01448.531 01408.371 01369.610 01340.575 01312.164 01274.675 01238.604 01192.912 01143.027 01086.966 00976.059 00581.226 00516.448 00468.884 00425.628 00384.945 00351.946 00320.705 00291.106 00267.252 00252.036 00243.786 00235.172 00217.851 00210.289 00174.940 00124.371 00096.019 00000.000 0.0 0.0 0.0 0.0 0.0 0.0 0.0 0.0 0.0 0.0 0.0 0.0 0.0 0.0 0.0 0.0 0.0 0.0 0.0 0.0 0.0 0.0 0.0 0.0 0.0 0.0 0.0 0.0 0.0 0.0 0.0 0.0 0.0 0.0 0.0
01659.476 01655.694 01610.633 01559.523 01514.090 01479.429 01446.087 01406.584 01377.421 01337.954 01305.077 01267.881 01234.844 01184.532 01136.969 01053.226 00615.617 00530.710 00486.113 00447.423 00412.497 00385.209 00352.883 00327.021 00300.755 00285.692 00277.577 00273.103 00259.435 00251.959 00212.047 00163.273 00129.430 00107.659 00000.000 0.0 0.0 0.0 0.0 0.0 0.0 0.0 0.0 0.0 0.0 0.0 0.0 0.0 0.0 0.0 0.0 0.0 0.0 0.0 0.0 0.0 0.0 0.0 0.0 0.0 0.0 0.0 0.0 0.0 0.0 0.0 0.0 0.0 0.0
01678.587 01652.400 01629.350 01586.576 01547.699 01516.780 01495.587 01464.835 01436.043 01398.466 01368.618 01333.217 01293.930 01247.756 01190.873 01134.055 00970.248 00556.993 00509.121 00473.537 00446.164 01250.127 01215.500 00361.290 00335.327 00319.776 00311.178 00309.383 00294.630 00275.728 00232.276 00192.705 00168.910 00153.548 00129.157 00000.000 0.0 0.0 0.0 0.0 0.0 0.0 0.0 0.0 0.0 0.0 0.0 0.0 0.0 0.0 0.0 0.0 0.0 0.0 0.0 0.0 0.0 0.0 0.0 0.0 0.0 0.0 0.0 0.0 0.0 0.0 0.0 0.0 0.0
01679.345 01659.595 01644.767 01622.089 01587.936 01555.908 01536.720 01522.918 01492.051 01460.750 01430.997 01394.137 01343.995 01295.423 01245.244 01168.825 01087.156 00616.894 00542.568 00503.613 00484.162 01255.203 01254.690 00390.194 00366.217 00350.291 00340.038 00337.258 00327.261 00296.067 00258.900 00233.801 00215.502 00198.573 00171.029 00136.153 00000.000 00000.000 0.0 0.0 0.0 0.0 0.0 0.0 0.0 0.0 0.0 0.0 0.0 0.0 0.0 0.0 0.0 0.0 0.0 0.0 0.0 0.0 0.0 0.0 0.0 0.0 0.0 0.0 0.0 0.0 0.0 0.0 0.0
01704.521 01682.109 01670.760 01650.237 01629.942 01599.095 01582.781 01571.512 01541.031 01518.824 01490.860 01442.302 01381.658 01319.408 01257.991 01189.338 01138.946 01092.988 01227.143 01266.132 01255.648 01292.860 01305.344 01246.718 01192.431 00391.286 00377.236 00369.741 00357.062 00321.015 00294.546 00295.212 00286.457 00275.529 00269.747 00246.177 00152.833 00118.204 00000.000 00000.000 00000.000 00000.000 00000.000 00099.021 00103.374 00102.976 00000.000 00000.000 00000.000 0.0 0.0 0.0 0.0 0.0 0.0 0.0 0.0 0.0 0.0 0.0 0.0 0.0 0.0 0.0 0.0 0.0 0.0 0.0 0.0
01761.418 01745.933 01719.873 01690.338 01666.138 01644.677 01629.053 01619.087 01589.591 01550.574 01494.159 01435.592 01373.663 01317.530 01268.085 01225.692 01196.667 01180.927 01253.548 01331.829 01351.326 01372.045 01377.406 01329.719 01294.563 01268.617 01256.155 01233.487 00381.216 00348.396 00329.008 00350.970 00473.033 00424.596 00393.690 00269.059 00187.258 00158.458 00148.956 00146.444 00147.062 00216.525 00241.617 00228.268 00229.830 00152.743 00098.967 00097.425 00095.660 00097.510 00000.000 00000.000 0.0 0.0 0.0 0.0 0.0 0.0 0.0 0.0 0.0 0.0 0.0 0.0 0.0 0.0 0.0 0.0 0.0
01820.253 01805.497 01760.116 01725.711 01694.133 01677.429 01668.805 01665.676 01625.861 01568.330 01504.288 01439.242 01385.153 01337.074 01296.721 01271.917 01256.297 01259.525 01301.490 01355.062 01427.066 01460.019 01455.343 01409.678 01368.146 01345.447 01300.789 01240.675 00411.955 00378.934 00363.753 00402.924 00539.178 01224.367 01055.007 00301.477 00225.604 00205.542 00197.328 00194.267 00189.814 00239.096 00281.661 00344.871 00327.145 00187.389 00136.662 00133.197 00146.721 00155.656 00138.771 00116.251 00104.881 00108.906 00106.522 00000.000 00000.000 00000.000 0.0 0.0 0.0 0.0 0.0 0.0 0.0 0.0 0.0 0.0 0.0
-9999.0 -9999.0 01797.120 01750.271 01719.264 01701.583 01696.629 01681.882 01636.775 01584.289 01533.386 01481.960 01425.986 01384.323 01354.212 01335.065 01325.008 01324.104 01349.158 01405.901 01467.591 01520.732 01529.423 01538.558 01527.685 01476.976 01430.692 01333.881 00593.601 00511.028 00494.264 00536.906 00734.456 01447.162 01316.130 00367.371 00265.858 00251.105 00246.588 00244.312 00237.261 00257.793 00300.971 00357.266 00428.449 00252.495 00207.463 00203.520 00242.560 00257.993 00231.079 00208.011 00194.730 00197.986 00208.235 00219.333 00203.177 00183.189 00162.482 00000.000 0.0 0.0 0.0 0.0 0.0 0.0 0.0 0.0 0.0
-9999.0 -9999.0 -9999.0 01780.168 01749.768 01728.402 01720.128 01674.520 01643.535 01604.734 01558.817 01516.001 01480.027 01447.480 01418.988 01402.581 01389.909 01385.261 01401.587 01447.916 01505.166 01539.220 01577.265 01629.111 01708.638 01670.963 01613.787 01471.917 01331.681 01291.570 01333.304 01381.467 01389.191 01414.257 01031.066 00438.988 00302.614 00287.049 00281.376 00280.582 00273.732 00288.637 00338.268 00441.120 00604.926 00481.322 00366.495 00369.345 00405.054 00407.790 00361.289 00352.066 00335.784 00341.598 00342.965 00351.236 00342.470 00321.628 00307.717 00223.493 00000.000 00000.000 00000.000 00000.000 00000.000 00000.000 00000.000 0.0 0.0
-9999.0 -9999.0 01880.954 01815.509 01787.042 01763.875 01732.591 01688.973 01657.717 01616.374 01570.017 01535.524 01506.704 01494.226 01475.661 01458.135 01450.944 01454.749 01465.447 01504.386 01536.395 01582.451 01636.466 01658.919 01702.743 01639.550 01558.174 01493.596 01448.841 01433.319 01510.459 01543.916 01581.189 01489.328 01253.789 00625.822 00387.742 00359.090 00356.057 00353.848 00346.332 00368.148 00431.412 00567.774 01210.504 01278.450 01223.663 00891.892 00866.787 00785.995 00765.332 00820.560 00727.816 00756.889 00748.895 01100.994 01115.924 00951.208 00548.691 00384.136 00235.729 00184.203 00159.062 00036.314 00026.229 00000.000 00000.000 00000.000 00000.000
-9999.0 01941.273 01892.506 01857.031 01829.095 01808.702 01780.836 01721.090 01678.581 01625.915 01584.181 01553.764 01532.106 01524.593 01520.764 01511.510 01514.630 01516.171 01532.828 01542.673 01570.972 01619.446 01699.219 01736.075 01751.057 01678.697 01609.435 01551.781 01498.290 01502.920 01532.773 01602.423 01712.828 01610.878 01463.207 01272.723 00745.472 00595.669 00587.755 00589.104 00612.858 00646.587 00885.371 01181.131 01368.599 01493.922 01497.327 01445.792 01400.042 01360.459 01352.969 01350.406 01328.117 01352.971 01372.221 01377.131 01403.756 01361.979 01133.649 00458.549 00257.865 00201.905 00185.312 00172.868 00160.242 00164.763 00199.014 00245.730 00223.882
-9999.0 -9999.0 01925.736 01895.766 01873.329 01859.355 -9999.0 01754.348 01698.371 01646.519 01613.436 01578.580 01559.374 01549.677 01559.474 01552.892 01558.439 01560.148 01574.735 01593.658 01599.153 01653.539 01738.587 01808.852 01823.808 01727.508 01662.061 01599.578 01564.548 01557.999 01579.275 01649.204 01752.590 01753.814 01615.343 01497.516 01425.313 01358.772 01337.255 01331.130 01370.167 01363.684 01377.817 01431.471 01506.505 01570.981 01642.278 01604.704 01579.325 01534.410 01528.910 01498.989 01479.338 01501.863 01556.058 01573.844 01583.549 01384.159 01114.545 00605.851 00307.819 00230.917 00209.170 00194.488 00194.549 00201.296 00242.210 00296.091 00326.803
-9999.0 -9999.0 -9999.0 -9999.0 -9999.0 -9999.0 -9999.0 01810.584 01741.267 01686.343 01665.887 01622.631 01600.559 01581.027 01588.174 01591.160 01602.217 01611.763 01633.522 01651.266 01674.172 01709.313 01768.276 01866.188 -9999.0 01801.472 01715.752 01646.882 01604.552 01595.415 01613.809 01679.947 01779.201 01841.031 01697.619 01614.925 01571.252 01546.354 01520.766 01510.842 01539.087 01549.413 01534.569 01554.754 01587.062 01620.016 01668.742 01736.784 01755.438 01701.073 01703.321 01649.102 01597.856 01603.823 01643.829 01711.238 01653.986 01464.645 01294.715 00779.273 00372.832 00271.682 00241.618 00232.169 00232.374 00245.674 00269.953 00295.152 00319.882
-9999.0 -9999.0 -9999.0 -9999.0 -9999.0 -9999.0 -9999.0 -9999.0 01801.551 01744.641 01735.770 01686.342 01655.321 01621.109 01621.561 01631.007 01649.846 01671.427 01699.129 01744.148 01768.076 01807.169 01858.577 -9999.0 -9999.0 -9999.0 01817.815 01717.865 01646.023 01637.706 01649.893 01713.181 01805.293 01817.420 01722.712 01661.622 01627.855 01622.600 01606.229 01596.493 01600.654 01633.101 01613.058 01628.621 01642.425 01653.951 01709.544 01784.711 01930.096 -9999.0 -9999.0 01917.693 01754.822 01754.742 01798.588 01786.087 01725.630 01589.735 01427.832 01177.458 00487.849 00321.320 00297.353 00283.559 00278.600 00304.058 00319.645 00337.342 00348.762
-9999.0 -9999.0 -9999.0 -9999.0 -9999.0 -9999.0 -9999.0 -9999.0 -9999.0 01813.840 01802.657 01749.364 01685.288 01664.390 01663.125 01673.519 01702.179 01724.910 01761.623 01817.427 01880.782 -9999.0 -9999.0 -9999.0 -9999.0 -9999.0 -9999.0 01805.423 01719.850 01709.942 01712.154 01752.519 01848.524 01860.253 01752.699 01680.411 01669.967 01688.497 01682.858 01685.314 01686.374 01711.029 01690.344 01699.213 01711.440 01722.499 01765.854 01902.756 -9999.0 -9999.0 -9999.0 -9999.0 01820.390 01774.806 01742.707 01722.135 01696.352 01675.026 01546.738 01333.267 00823.227 00472.457 00425.382 00375.018 00368.776 00447.831 00553.641 00503.180 00493.675
-9999.0 -9999.0 -9999.0 -9999.0 -9999.0 -9999.0 -9999.0 -9999.0 -9999.0 -9999.0 -9999.0 01830.916 01741.747 01715.964 01713.925 01728.578 01756.832 01786.858 01820.529 01882.014 -9999.0 -9999.0 -9999.0 -9999.0 -9999.0 -9999.0 -9999.0 -9999.0 01835.251 01824.231 01810.178 01835.332 01902.971 01929.743 01787.838 01739.561 01724.523 01745.675 01734.590 01763.550 01764.193 01759.631 01752.862 01752.785 01764.377 01777.609 01899.377 -9999.0 -9999.0 -9999.0 -9999.0 -9999.0 -9999.0 01792.929 01762.527 01744.404 01732.370 01704.548 01581.321 01397.279 01203.617 00975.157 00926.751 00792.044 00707.250 00807.819 00976.148 01139.315 01142.105
-9999.0 -9999.0 -9999.0 -9999.0 -9999.0 -9999.0 -9999.0 -9999.0 -9999.0 -9999.0 -9999.0 -9999.0 01819.135 01782.039 01783.606 01813.506 01819.005 -9999.0 -9999.0 -9999.0 -9999.0 -9999.0 -9999.0 -9999.0 -9999.0 -9999.0 -9999.0 -9999.0 -9999.0 -9999.0 -9999.0 -9999.0 -9999.0 -9999.0 01868.180 01821.871 01805.730 01790.376 01773.704 01808.541 01845.781 01831.244 01810.452 01805.097 01819.505 01859.951 -9999.0 -9999.0 -9999.0 -9999.0 -9999.0 -9999.0 -9999.0 01834.431 01803.851 01790.803 01768.256 01742.096 01633.836 01477.241 01357.270 01291.732 01303.041 01286.082 01250.062 01194.888 01261.403 01430.416 01456.287
