tests/Case_4_FlameLength.asc
NCOLS 245
NROWS 163
XLLCORNER 4208400.000000
YLLCORNER 1880200.000000
CELLSIZE 100.000000
NODATA_VALUE -9999.0
[rows 124 to 154 of 163, columns 69 to 137 of 245]
-9999.0 -9999.0 -9999.0 -9999.0 -9999.0 -9999.0 -9999.0 -9999.0 -9999.0 -9999.0 -9999.0 -9999.0 -9999.0 00.32 00.38 00.45 00.48 00.65 00.63 00.64 00.48 00.32 00.44 00.44 00.40 00.47 00.54 00.54 00.49 00.40 03.95 04.15 03.46 02.70 01.71 00.16 00.22 00.32 00.38 00.39 00.40 00.40 00.72 00.49 00.53 00.80 00.83 04.58 04.51 04.33 04.09 03.59 00.54 00.73 00.75 03.62 03.79 03.89 04.10 03.58 00.93 00.43 00.49 00.56 00.46 00.51 00.51 02.51 03.50
-9999.0 -9999.0 -9999.0 -9999.0 -9999.0 -9999.0 -9999.0 -9999.0 -9999.0 -9999.0 -9999.0 00.41 00.54 00.55 00.52 00.51 00.51 00.48 00.66 00.66 00.26 00.06 00.29 00.24 00.19 00.35 00.31 00.42 00.27 00.21 03.87 04.10 00.19 00.23 00.22 00.29 00.25 00.19 00.20 00.28 00.27 00.21 00.34 00.31 02.76 04.31 04.84 04.47 04.33 04.17 03.91 03.46 02.51 04.96 04.35 04.59 04.54 04.51 04.47 04.44 00.51 00.57 02.03 02.09 02.79 03.22 03.56 03.68 03.87
-9999.0 -9999.0 -9999.0 -9999.0 -9999.0 -9999.0 -9999.0 -9999.0 -9999.0 -9999.0 00.33 00.58 00.60 00.58 00.56 00.45 00.44 00.48 00.66 00.66 00.25 00.10 00.24 00.24 00.18 00.27 00.32 00.33 00.27 00.17 03.75 03.60 00.24 00.38 00.31 00.35 00.37 00.31 00.27 00.26 00.29 00.29 00.07 00.32 02.89 04.73 04.41 04.30 04.19 03.99 03.77 03.40 03.59 04.89 04.89 04.81 04.73 04.66 04.52 04.30 00.73 00.51 00.47 00.99 02.94 03.49 03.81 04.03 04.12
-9999.0 -9999.0 -9999.0 -9999.0 -9999.0 -9999.0 -9999.0 -9999.0 -9999.0 -9999.0 00.57 00.65 00.62 00.62 00.50 01.88 01.72 00.45 00.50 00.63 00.42 00.35 00.24 00.24 00.21 00.25 00.31 00.32 00.28 00.22 00.17 00.23 00.32 00.40 00.41 00.37 00.39 00.35 00.32 00.32 00.34 00.19 02.42 02.26 02.11 04.46 04.21 04.15 04.02 03.83 03.64 03.97 04.50 04.59 04.61 04.62 04.63 00.82 00.61 00.52 02.26 01.71 00.12 00.70 01.50 03.33 03.94 04.19 04.30
-9999.0 -9999.0 -9999.0 -9999.0 -9999.0 -9999.0 -9999.0 -9999.0 -9999.0 -9999.0 00.62 00.63 00.64 00.56 00.49 01.82 00.95 00.47 00.43 00.41 00.40 00.44 00.24 00.26 00.23 00.23 00.31 00.32 00.29 00.29 00.30 00.32 00.36 00.40 00.43 00.41 00.39 00.41 00.33 00.28 00.28 00.19 02.49 02.65 02.98 03.37 03.63 03.76 03.87 03.96 04.03 04.12 04.24 04.36 04.40 04.43 04.44 00.70 00.06 00.51 03.36 02.15 00.64 00.54 01.21 03.09 03.98 04.21 04.32
-9999.0 -9999.0 -9999.0 -9999.0 -9999.0 -9999.0 -9999.0 -9999.0 -9999.0 00.39 00.65 00.64 00.65 00.50 00.45 01.19 00.68 00.27 00.26 00.45 00.46 00.43 00.28 00.27 00.24 00.05 00.31 00.33 00.34 00.32 00.33 00.35 00.38 00.40 00.42 00.45 00.51 00.47 00.28 00.25 00.22 00.16 02.49 02.65 02.96 03.25 03.48 03.61 03.74 03.80 03.89 03.94 04.02 04.12 04.21 04.27 04.28 00.67 00.32 00.47 02.99 01.44 00.27 00.67 01.21 03.58 04.16 04.29 04.36
-9999.0 -9999.0 -9999.0 -9999.0 -9999.0 -9999.0 -9999.0 00.42 00.51 00.54 00.54 00.62 00.66 00.50 00.43 00.49 01.80 02.19 02.29 02.48 00.46 00.44 00.25 00.25 00.26 00.18 00.27 00.33 00.35 00.36 00.38 00.35 03.49 03.69 04.78 00.84 00.53 00.87 00.48 00.43 03.45 04.14 02.46 02.66 02.92 03.14 03.36 03.47 03.58 03.69 03.75 03.82 03.88 03.92 04.05 04.09 04.14 04.09 04.30 02.33 01.86 00.70 00.40 00.86 02.11 03.89 04.24 04.30 04.35
-9999.0 -9999.0 -9999.0 -9999.0 -9999.0 -9999.0 00.47 00.61 00.59 00.57 00.54 00.50 00.45 00.45 00.41 00.10 02.01 02.27 02.30 01.87 00.44 00.42 00.31 00.18 00.20 00.21 00.29 00.32 00.34 00.36 00.38 00.38 03.95 04.49 05.02 01.87 00.53 00.90 00.48 00.39 04.12 04.26 04.16 02.67 02.87 03.03 03.23 03.37 03.45 03.56 03.63 03.70 03.76 03.80 03.84 03.94 04.00 04.05 03.96 02.74 02.25 00.79 00.48 01.04 02.60 03.97 04.27 04.30 04.41
-9999.0 -9999.0 -9999.0 -9999.0 -9999.0 -9999.0 00.59 00.66 00.64 00.64 02.16 02.20 02.14 01.89 01.69 00.31 00.89 00.21 00.24 00.25 00.24 00.21 00.54 01.69 02.19 02.52 02.76 02.42 02.34 03.10 03.36 02.77 03.73 04.22 04.64 00.85 00.84 00.72 00.48 00.47 00.48 00.30 04.14 04.19 02.99 02.93 03.12 03.27 03.33 03.42 03.52 03.58 03.65 03.70 03.73 03.76 03.80 03.70 03.31 02.93 02.38 00.96 00.42 01.00 02.82 03.89 04.10 04.21 04.28
-9999.0 -9999.0 -9999.0 -9999.0 -9999.0 00.48 00.54 00.63 00.66 00.66 02.43 02.58 02.30 02.01 00.95 01.45 02.16 00.17 00.24 00.25 00.25 00.20 00.70 01.81 02.41 02.66 02.80 02.92 02.97 03.13 03.45 03.12 03.59 04.06 04.49 00.86 00.86 00.53 00.55 00.54 00.57 00.42 04.22 03.93 03.68 04.14 03.42 03.12 03.23 03.30 03.38 03.46 03.50 03.56 03.69 03.78 03.69 03.48 03.21 02.80 02.10 00.64 00.54 01.31 03.02 04.00 04.20 04.31 04.37
-9999.0 -9999.0 -9999.0 -9999.0 00.57 00.61 00.57 00.54 00.52 00.64 03.00 03.26 02.18 01.68 00.70 01.88 01.44 00.23 00.25 00.24 00.19 00.19 00.70 01.80 02.47 02.70 02.85 02.98 03.14 03.23 03.11 03.21 03.48 02.99 03.29 00.89 00.78 00.61 00.52 00.46 00.42 00.38 04.09 03.54 03.28 03.17 04.13 04.17 04.15 04.12 04.08 04.01 03.96 03.87 03.79 03.69 03.54 03.24 03.00 02.45 01.04 00.26 00.76 01.69 03.47 04.10 04.29 04.37 04.43
01.98 01.53 -9999.0 00.46 00.61 00.63 00.64 03.28 02.62 02.03 02.24 02.63 02.09 01.89 02.03 00.18 00.13 00.23 00.24 00.21 01.54 00.42 00.56 01.46 02.38 02.71 02.89 03.03 03.21 03.40 02.72 02.77 02.81 02.89 03.38 00.97 00.60 00.58 00.50 00.39 00.47 01.04 03.54 03.28 03.02 02.98 03.81 04.00 04.01 03.98 03.93 03.87 03.80 03.71 03.60 03.43 03.31 02.98 02.56 01.45 00.39 00.58 01.24 02.41 03.87 04.13 04.30 04.41 04.46
02.50 02.28 00.49 00.60 00.58 00.55 00.61 03.20 02.04 02.13 02.59 02.78 02.01 02.30 02.46 00.15 00.23 00.25 00.38 00.21 01.62 00.56 00.42 01.30 02.13 02.68 02.89 03.06 03.17 02.63 02.74 02.76 02.77 02.79 02.63 00.74 00.50 00.49 00.45 00.35 00.93 02.10 01.98 01.90 01.98 02.94 03.50 03.76 03.73 03.70 03.65 03.60 03.55 03.43 03.28 03.08 02.80 01.76 01.29 00.46 00.50 00.97 01.96 03.38 03.89 04.17 04.23 04.36 04.44
02.70 02.48 00.61 00.62 00.63 03.38 03.36 02.02 01.99 02.19 03.77 03.86 01.83 00.76 00.62 00.02 00.24 02.01 01.76 01.67 01.68 00.90 00.20 00.79 01.86 02.58 02.73 02.63 02.61 02.71 02.77 02.75 02.72 02.71 02.46 02.43 02.40 02.31 02.07 01.25 00.25 00.86 00.77 00.62 01.25 00.41 00.36 03.34 03.35 03.33 03.27 03.20 03.09 02.87 02.50 01.71 01.48 00.77 00.25 00.57 00.98 01.83 03.24 03.83 04.04 04.28 04.43 04.37 04.39
02.94 02.61 00.64 00.65 00.65 03.53 02.10 02.05 02.27 03.26 04.54 02.55 00.87 00.74 02.03 00.15 00.24 02.03 01.79 01.76 01.72 01.40 00.44 00.51 01.36 02.16 02.45 02.57 02.64 02.76 02.79 02.72 02.68 02.58 02.48 02.47 02.43 02.38 02.28 02.23 01.04 00.68 00.98 00.81 00.42 00.60 00.36 01.93 02.00 01.97 01.93 01.90 01.82 01.46 00.92 00.63 00.24 00.48 00.78 01.43 02.17 03.33 03.80 03.93 04.11 04.31 04.42 04.49 04.53
03.14 02.55 00.52 00.65 00.64 03.62 02.14 02.10 03.85 04.19 03.54 02.09 00.29 02.09 01.47 00.08 00.24 02.08 01.87 01.79 01.76 01.69 00.71 00.21 00.84 01.97 02.48 02.58 02.66 02.78 02.80 02.73 02.69 02.64 02.52 02.54 02.55 02.48 02.47 02.66 02.57 02.45 02.66 02.57 02.08 00.51 00.74 00.46 00.74 00.77 00.70 00.59 00.06 00.30 00.45 00.65 00.83 01.32 01.94 02.93 03.56 03.88 03.99 04.02 04.11 04.27 04.38 04.46 04.51
03.44 03.47 03.39 03.48 02.55 03.72 02.21 02.33 02.84 04.12 03.14 01.05 00.72 02.27 02.24 02.09 01.71 02.10 02.11 01.82 01.78 01.66 00.93 00.22 00.82 01.96 02.48 02.60 02.67 02.82 02.80 02.82 02.72 02.72 02.57 02.74 02.99 00.49 00.49 00.45 00.45 00.48 00.47 00.46 00.47 00.53 00.41 00.74 00.62 00.63 00.66 00.70 00.76 00.94 01.04 01.66 02.36 03.03 03.29 03.63 03.81 04.00 04.11 04.17 04.17 04.20 04.34 04.42 04.48
03.76 03.78 03.81 03.80 03.72 03.64 02.14 03.03 03.50 02.95 02.46 01.22 00.73 02.23 02.34 02.47 02.25 02.10 02.07 01.78 01.72 01.67 00.99 00.24 00.79 01.95 02.48 02.64 02.69 02.84 02.82 02.90 02.78 02.76 02.58 02.82 02.27 00.64 00.53 00.50 00.49 00.51 00.52 00.58 00.62 00.61 00.42 01.94 01.96 01.95 02.12 02.12 02.29 02.53 03.27 03.26 03.38 03.47 03.57 03.69 03.87 04.01 04.15 04.21 04.24 04.28 04.29 04.36 04.43
03.82 03.72 03.76 03.78 03.81 03.82 02.32 02.45 03.65 03.18 02.22 01.50 00.71 02.07 02.33 02.48 02.47 02.02 02.04 01.81 01.73 01.67 01.19 00.28 00.78 01.92 02.49 02.67 02.72 02.88 02.80 02.89 02.90 02.83 02.90 02.63 02.12 00.74 00.76 00.59 00.59 00.61 02.73 03.22 03.82 02.00 00.43 02.42 02.77 02.80 03.12 03.17 03.24 03.46 03.55 03.42 03.52 03.69 03.78 03.76 03.86 03.99 04.11 04.19 04.25 04.32 04.34 04.33 04.35
03.77 03.80 03.85 03.87 03.88 03.84 02.29 02.81 03.59 03.04 02.17 01.70 00.03 02.08 02.20 02.30 02.40 02.02 02.04 01.78 01.73 01.68 01.28 00.35 00.71 01.80 02.46 02.66 02.78 02.89 02.80 02.98 03.02 02.98 03.03 03.28 03.70 00.84 00.87 00.85 00.65 00.53 02.78 03.10 03.55 02.67 00.45 02.71 02.99 03.07 03.15 03.28 03.54 03.72 03.70 03.65 03.59 03.75 03.87 03.87 03.85 03.94 04.04 04.16 04.25 04.30 04.35 04.38 04.37
03.83 03.86 03.87 03.87 03.85 03.85 03.06 03.17 03.40 02.85 02.05 01.80 00.76 01.74 02.21 02.32 02.42 02.03 02.04 01.89 01.74 01.69 01.53 00.44 00.55 01.44 02.37 02.67 02.80 02.85 02.96 03.00 03.07 03.21 03.25 03.89 04.12 00.84 00.86 00.85 00.68 00.52 03.19 03.18 03.58 01.46 00.44 02.89 03.09 03.20 03.19 03.37 03.55 03.74 03.82 03.76 03.61 03.71 03.84 03.96 03.89 03.92 04.00 04.09 04.20 04.26 04.32 04.38 04.41
03.82 03.82 03.85 03.88 03.88 03.97 04.36 03.38 03.25 02.52 01.88 01.79 00.86 01.58 02.20 02.31 02.42 02.02 02.03 02.02 01.75 01.71 01.64 00.56 00.43 01.36 02.16 02.63 02.72 02.85 03.00 03.02 03.16 03.28 03.37 03.89 04.03 00.83 00.86 00.84 02.44 02.72 03.22 03.77 03.30 02.43 01.95 02.94 03.12 03.26 03.23 03.37 03.61 03.73 03.86 03.85 03.79 03.72 03.81 03.92 04.01 03.90 03.97 04.04 04.16 04.23 04.28 04.35 04.41
03.81 03.85 03.87 03.89 03.89 03.91 03.98 03.90 04.26 02.42 02.03 01.77 01.46 00.75 02.16 02.32 02.38 02.02 02.02 02.03 01.76 01.73 01.65 00.76 00.15 00.87 01.96 02.52 02.75 02.94 02.97 03.13 03.20 03.33 03.45 03.90 04.26 01.71 00.85 00.79 02.79 03.00 03.37 03.30 02.67 02.64 02.77 02.97 03.16 03.28 03.28 03.38 03.58 03.69 03.82 03.92 03.86 03.72 03.79 03.88 03.99 04.04 03.95 04.02 04.08 04.19 04.25 04.32 04.37
03.97 03.84 03.88 03.88 03.86 03.84 03.93 05.05 04.12 02.40 02.16 01.79 01.60 00.68 02.00 02.35 02.38 02.36 02.02 02.02 01.77 01.73 01.68 01.22 00.37 00.61 01.46 02.38 02.75 02.89 02.93 03.08 03.39 03.32 03.55 03.95 04.25 02.78 00.78 00.57 02.91 03.15 03.36 02.86 02.89 02.72 02.85 03.05 03.20 03.29 03.32 03.40 03.53 03.66 03.77 03.88 03.95 03.87 03.77 03.85 03.94 04.03 04.09 03.99 04.06 04.12 04.19 04.27 04.33
04.20 03.83 03.83 03.82 03.81 04.13 04.55 05.06 04.15 02.78 02.19 01.80 01.64 00.33 02.03 02.36 02.40 02.46 02.01 02.03 01.82 01.75 01.71 01.61 00.54 00.42 01.29 02.12 02.68 02.83 02.95 03.07 03.25 03.53 03.51 03.88 03.79 00.66 00.68 00.51 02.98 03.22 03.02 02.89 02.97 02.87 02.92 03.08 03.22 03.31 03.37 03.39 03.56 03.65 03.75 03.85 03.93 03.94 03.81 03.83 03.90 03.99 04.07 03.94 04.01 04.07 04.14 04.22 04.31
04.19 04.01 03.78 03.84 03.80 04.07 05.62 05.45 04.55 03.63 02.21 01.77 01.69 00.44 01.94 02.25 02.37 02.45 02.03 02.04 02.05 01.77 01.73 01.68 00.87 00.21 00.77 01.50 02.36 02.77 02.95 03.06 03.23 03.39 03.65 03.69 03.56 00.56 00.50 00.51 03.11 03.11 02.86 02.94 03.03 03.14 03.04 03.13 03.24 03.31 03.40 03.40 03.51 03.64 03.74 03.82 03.91 03.98 03.93 03.81 03.86 03.96 04.02 04.06 03.98 04.01 04.11 04.19 04.24
04.15 04.16 03.78 03.80 03.81 03.96 05.33 05.63 04.74 03.86 02.23 01.90 01.87 00.87 01.41 02.20 02.36 02.42 02.12 02.04 02.06 01.78 01.76 01.72 01.46 00.48 00.43 00.90 02.02 02.67 02.92 03.03 03.22 03.34 03.58 03.75 03.56 03.66 04.73 02.68 03.01 02.85 02.81 02.97 03.10 03.19 03.35 03.48 03.25 03.33 03.40 03.41 03.49 03.63 03.71 03.80 03.88 03.95 04.02 03.93 03.84 03.91 03.99 04.03 04.00 03.97 04.06 00.49 00.43
04.10 04.15 03.87 03.83 03.83 03.88 03.99 05.72 05.25 04.00 02.12 01.96 01.98 01.54 00.71 02.03 02.34 02.40 02.46 02.04 02.07 01.93 01.79 01.76 01.69 00.90 00.34 00.58 01.43 02.24 02.79 03.00 03.18 03.32 03.56 03.63 03.61 04.58 04.83 02.85 02.94 02.81 02.84 02.99 03.14 03.22 03.37 03.50 03.61 03.74 03.55 03.42 03.48 03.58 03.70 03.77 03.85 03.92 03.99 04.06 03.86 03.87 03.97 04.12 04.52 04.68 04.63 00.55 00.43
04.11 04.14 04.07 03.75 03.76 03.86 03.98 05.62 04.85 04.26 02.03 01.91 01.90 01.71 00.27 02.06 02.32 02.39 02.46 02.05 02.09 02.11 01.81 01.79 01.74 01.67 00.62 00.15 00.83 01.58 02.39 02.90 03.11 03.29 03.57 03.52 03.66 04.27 04.85 04.26 03.10 02.81 02.96 02.96 03.16 03.25 03.44 03.49 03.62 03.74 03.82 03.86 03.91 03.92 03.92 03.94 04.03 04.20 04.47 04.70 04.59 04.50 04.55 04.68 04.53 02.42 00.50 00.51 00.41
03.98 04.04 04.11 03.83 03.81 03.77 03.84 05.59 05.89 04.50 03.62 01.85 01.84 01.77 00.62 01.80 02.27 02.43 02.45 02.35 02.09 02.12 02.11 01.82 01.78 01.70 01.33 00.44 00.48 00.97 02.00 02.53 02.98 03.23 03.51 03.50 03.93 04.30 04.50 04.38 02.88 02.83 03.02 02.97 03.12 03.26 03.44 03.50 03.61 03.72 03.80 03.84 03.88 03.97 04.13 04.25 04.37 04.47 04.55 04.68 04.74 04.52 04.52 04.58 04.66 00.46 00.36 00.36 00.36
04.00 03.97 04.11 03.79 03.83 03.84 03.99 05.15 05.84 04.55 03.85 01.88 01.77 01.80 00.91 00.73 02.11 02.42 02.44 02.51 02.08 02.13 02.14 01.89 01.77 01.73 01.67 00.82 00.34 00.57 01.22 02.08 02.55 03.10 03.31 03.53 03.68 04.08 04.03 03.90 02.85 02.87 02.97 02.95 03.04 03.21 03.43 03.49 03.59 03.70 03.79 03.83 03.85 03.92 04.07 04.20 04.28 04.41 04.49 04.59 04.68 04.74 04.49 04.54 04.49 00.39 00.39 00.39 00.25
