tests/Case_4_FlameLength.asc
NCOLS 245
NROWS 163
XLLCORNER 4208400.000000
YLLCORNER 1880200.000000
CELLSIZE 100.000000
NODATA_VALUE -9999.0
[rows 62 to 92 of 163, columns 69 to 137 of 245]
-9999.0 -9999.0 00.51 00.62 00.67 00.66 00.47 00.36 00.43 00.36 00.58 01.37 00.41 00.52 00.47 00.48 00.51 00.53 00.44 00.40 00.44 00.52 00.47 00.36 00.48 00.80 00.83 00.85 01.03 01.64 08.36 08.00 00.93 01.22 01.04 01.24 01.06 -9999.00 -9999.0 -9999.0 -9999.0 -9999.0 -9999.0 -9999.0 -9999.0 -9999.0 -9999.0 -9999.0 -9999.0 -9999.0 -9999.0 -9999.0 -9999.0 -9999.0 -9999.0 -9999.0 -9999.0 -9999.0 -9999.0 -9999.0 -9999.0 -9999.0 -9999.0 -9999.00 00.97 01.31 01.37 01.40 01.40
-9999.0 00.50 00.58 00.58 00.59 00.45 00.39 00.33 00.43 00.38 01.99 02.62 00.33 00.41 00.40 00.42 00.46 00.49 00.50 00.38 00.47 00.52 00.47 00.21 00.50 00.81 00.84 00.86 01.01 01.05 08.21 08.21 00.99 01.41 00.99 01.02 01.23 -9999.00 -9999.0 -9999.0 -9999.0 -9999.0 -9999.0 -9999.0 -9999.0 -9999.0 -9999.0 -9999.0 -9999.0 -9999.0 -9999.0 -9999.0 -9999.0 -9999.0 -9999.0 -9999.0 -9999.0 -9999.0 -9999.0 -9999.0 -9999.0 -9999.0 -9999.00 01.39 01.41 01.31 01.33 01.37 01.38
00.52 00.58 00.58 00.58 00.48 00.37 00.43 00.46 00.43 00.39 02.45 02.23 00.44 00.47 00.51 00.51 00.41 00.44 00.50 00.37 00.48 00.52 00.46 00.32 00.50 00.82 00.85 00.87 00.96 01.01 07.72 08.14 01.40 01.41 01.28 01.00 01.00 -9999.00 -9999.0 -9999.0 -9999.0 -9999.0 -9999.0 -9999.0 -9999.0 -9999.0 -9999.0 -9999.0 -9999.0 -9999.0 -9999.0 -9999.0 -9999.0 -9999.0 -9999.0 -9999.0 -9999.0 -9999.0 -9999.0 -9999.0 -9999.0 -9999.00 -9999.00 01.40 01.39 01.37 01.28 01.20 01.30
00.61 00.61 00.62 00.48 00.36 00.43 00.45 00.45 00.45 00.35 02.56 02.66 02.72 03.13 03.49 01.52 00.61 00.40 00.45 00.37 00.47 00.52 00.47 00.24 00.50 00.82 00.85 00.88 00.90 00.92 06.67 07.83 01.42 01.40 01.41 01.21 00.97 -9999.0 -9999.0 -9999.0 -9999.0 -9999.0 -9999.0 -9999.0 -9999.0 -9999.0 -9999.0 -9999.0 -9999.0 -9999.0 -9999.0 -9999.0 -9999.0 -9999.0 -9999.0 -9999.0 -9999.0 -9999.0 -9999.0 -9999.00 -9999.00 01.36 01.41 01.41 01.38 01.39 01.30 -9999.00 -9999.00
00.61 00.62 00.63 00.47 00.39 00.43 00.44 00.35 00.31 00.28 02.64 02.95 03.04 03.15 03.36 02.10 00.77 00.64 00.37 00.38 00.48 00.53 00.48 00.29 00.50 00.82 00.85 00.86 00.86 00.82 03.72 06.36 02.29 04.04 01.66 01.20 -9999.00 -9999.0 -9999.0 -9999.0 -9999.0 -9999.0 -9999.0 -9999.0 -9999.0 -9999.0 -9999.0 -9999.0 -9999.0 -9999.0 -9999.0 -9999.0 -9999.0 -9999.0 -9999.0 -9999.0 -9999.0 -9999.0 -9999.0 -9999.00 01.02 01.20 01.21 00.98 00.99 -9999.00 -9999.00 -9999.0 -9999.0
00.60 00.60 00.44 00.35 00.44 00.44 00.39 02.48 02.56 02.63 02.91 02.97 03.06 03.18 03.46 01.54 00.80 00.64 00.56 00.25 00.48 00.53 00.46 00.31 00.49 00.70 00.80 00.79 00.80 00.92 00.94 00.99 07.08 07.99 07.45 01.04 -9999.0 -9999.0 -9999.0 -9999.0 -9999.0 -9999.0 -9999.0 -9999.0 -9999.0 -9999.0 -9999.0 -9999.0 -9999.0 -9999.0 -9999.0 -9999.0 -9999.0 -9999.0 -9999.0 -9999.0 -9999.0 -9999.0 -9999.00 01.39 01.42 00.99 00.74 -9999.00 -9999.0 -9999.0 -9999.0 -9999.0 -9999.0
00.63 00.48 00.40 00.43 00.45 00.44 00.35 02.56 02.59 02.85 02.92 02.97 03.05 03.19 03.50 01.30 00.80 00.79 00.67 00.52 00.51 00.50 00.41 00.46 00.73 00.74 00.75 00.77 01.33 01.28 00.88 00.91 06.43 07.13 06.69 -9999.00 -9999.0 -9999.0 -9999.0 -9999.0 -9999.0 -9999.0 -9999.0 -9999.0 -9999.0 -9999.0 -9999.0 -9999.0 -9999.0 -9999.0 -9999.0 -9999.0 -9999.0 -9999.0 -9999.0 -9999.0 -9999.0 -9999.0 -9999.00 01.39 01.40 01.20 -9999.00 -9999.0 -9999.0 -9999.0 -9999.0 -9999.0 -9999.0
00.62 00.48 00.23 00.43 00.41 00.37 00.30 02.60 02.81 02.85 02.91 02.97 03.04 03.21 03.58 01.77 00.82 00.80 00.78 00.65 00.52 00.47 00.28 00.51 00.77 00.79 00.80 01.49 01.21 01.23 03.26 00.87 05.26 06.81 06.63 -9999.0 -9999.0 -9999.0 -9999.0 -9999.0 -9999.0 -9999.0 -9999.0 -9999.0 -9999.0 -9999.0 -9999.0 -9999.0 -9999.0 -9999.0 -9999.0 -9999.0 -9999.0 -9999.0 -9999.0 -9999.0 -9999.0 -9999.0 -9999.0 00.94 01.35 -9999.00 -9999.0 -9999.0 -9999.0 -9999.0 -9999.0 -9999.0 -9999.0
00.34 00.32 00.39 00.43 00.35 02.33 02.57 02.81 02.82 02.83 02.89 02.96 03.03 03.12 03.02 02.15 00.82 00.81 00.80 00.76 00.52 00.47 00.33 00.78 00.81 00.83 01.97 05.13 04.91 05.38 05.22 05.28 04.69 05.73 -9999.00 -9999.0 -9999.0 -9999.0 -9999.0 -9999.0 -9999.0 -9999.0 -9999.0 -9999.0 -9999.0 -9999.0 -9999.0 -9999.0 -9999.0 -9999.0 -9999.0 -9999.0 -9999.0 -9999.0 -9999.0 -9999.0 -9999.0 -9999.0 -9999.0 -9999.00 -9999.00 -9999.0 -9999.0 -9999.0 -9999.0 -9999.0 -9999.0 -9999.0 -9999.0
00.35 00.21 00.41 00.42 00.30 02.50 02.66 02.82 02.83 02.82 02.86 02.94 02.57 02.67 02.90 01.03 00.80 00.80 00.80 00.54 00.54 00.47 00.35 00.79 00.82 00.85 04.31 04.63 04.63 04.58 04.58 04.47 04.39 04.82 -9999.00 -9999.0 -9999.0 -9999.0 -9999.0 -9999.0 -9999.0 -9999.0 -9999.0 -9999.0 -9999.0 -9999.0 -9999.0 -9999.0 -9999.0 -9999.0 -9999.0 -9999.0 -9999.0 -9999.0 -9999.0 -9999.0 -9999.0 -9999.0 -9999.0 -9999.0 -9999.0 -9999.0 -9999.0 -9999.0 -9999.0 -9999.0 -9999.0 -9999.0 -9999.0
00.64 00.43 00.42 00.42 00.27 02.53 02.75 02.80 02.82 02.82 02.83 02.51 02.55 02.64 02.81 01.02 00.69 00.84 00.84 00.54 00.49 00.47 00.24 00.68 00.82 00.84 00.86 05.12 04.28 04.23 04.01 03.39 00.85 00.88 -9999.00 -9999.0 -9999.0 -9999.0 -9999.0 -9999.0 -9999.0 -9999.0 -9999.0 -9999.0 -9999.0 -9999.0 -9999.0 -9999.0 -9999.0 -9999.0 -9999.0 -9999.0 -9999.0 -9999.0 -9999.0 -9999.0 -9999.0 -9999.0 -9999.0 -9999.0 -9999.0 -9999.0 -9999.0 -9999.0 -9999.0 -9999.0 -9999.0 -9999.0 -9999.0
00.63 00.44 00.43 00.42 00.02 02.62 02.76 02.80 02.80 02.78 02.46 02.47 02.50 02.57 02.84 01.39 00.67 00.81 00.81 00.47 00.42 00.34 00.51 00.51 00.81 00.84 00.86 05.32 05.00 03.94 03.68 05.61 00.94 00.93 -9999.00 -9999.0 -9999.0 -9999.0 -9999.0 -9999.0 -9999.0 -9999.0 -9999.0 -9999.0 -9999.0 -9999.0 -9999.0 -9999.0 -9999.0 -9999.0 -9999.0 -9999.0 -9999.0 -9999.0 -9999.0 -9999.0 -9999.0 -9999.0 -9999.0 -9999.0 -9999.0 -9999.0 -9999.0 -9999.0 -9999.0 -9999.0 -9999.0 -9999.0 -9999.0
00.62 00.41 00.41 00.41 00.30 02.69 02.75 02.79 02.77 02.63 02.43 02.43 02.44 02.48 02.31 00.58 00.68 00.70 00.51 00.45 00.32 00.52 00.63 00.65 00.66 00.73 02.72 05.21 05.11 05.28 04.51 04.72 00.94 00.93 -9999.00 -9999.0 -9999.0 -9999.0 -9999.0 -9999.0 -9999.0 -9999.0 -9999.0 -9999.0 -9999.0 -9999.0 -9999.0 -9999.0 -9999.0 -9999.0 -9999.0 -9999.0 -9999.0 -9999.0 -9999.0 -9999.0 -9999.0 -9999.0 -9999.0 -9999.0 -9999.0 -9999.0 -9999.0 -9999.0 -9999.0 -9999.0 -9999.0 -9999.0 -9999.0
00.51 00.39 00.41 00.41 00.35 02.69 02.73 02.76 02.75 02.44 02.41 02.38 02.37 02.34 02.24 00.62 00.67 00.49 00.46 00.36 00.47 02.58 04.91 05.04 05.14 05.38 05.36 05.01 04.60 04.90 00.99 01.30 00.94 00.93 -9999.00 -9999.0 -9999.0 -9999.0 -9999.0 -9999.0 -9999.0 -9999.0 -9999.0 -9999.0 -9999.0 -9999.0 -9999.0 -9999.0 -9999.0 -9999.0 -9999.0 -9999.0 -9999.0 -9999.0 -9999.0 -9999.0 -9999.0 -9999.0 -9999.0 -9999.0 -9999.0 -9999.0 -9999.0 -9999.0 -9999.0 -9999.0 -9999.0 -9999.0 -9999.0
00.48 00.31 00.42 00.41 00.39 02.80 02.73 02.74 02.74 02.45 02.40 02.34 02.28 02.11 00.66 00.47 00.44 00.34 00.43 00.51 00.60 05.07 05.16 05.23 05.32 05.37 05.35 05.38 05.19 05.28 01.30 01.36 01.29 00.94 -9999.00 -9999.0 -9999.0 -9999.0 -9999.0 -9999.0 -9999.0 -9999.0 -9999.0 -9999.0 -9999.0 -9999.0 -9999.0 -9999.0 -9999.0 -9999.0 -9999.0 -9999.0 -9999.0 -9999.0 -9999.0 -9999.0 -9999.0 -9999.0 -9999.0 -9999.0 -9999.0 -9999.0 -9999.0 -9999.0 -9999.0 -9999.0 -9999.0 -9999.0 -9999.0
00.49 00.36 00.42 00.43 00.33 00.56 00.51 02.74 02.55 02.44 02.39 02.33 02.20 01.44 00.69 02.65 03.19 02.33 02.46 02.56 04.96 05.10 05.18 05.25 05.26 05.22 03.07 00.78 00.84 01.02 01.24 01.36 01.35 01.04 -9999.00 -9999.0 -9999.0 -9999.0 -9999.0 -9999.0 -9999.0 -9999.0 -9999.0 -9999.0 -9999.0 -9999.0 -9999.0 -9999.0 -9999.0 -9999.0 -9999.0 -9999.0 -9999.0 -9999.0 -9999.0 -9999.0 -9999.0 -9999.0 -9999.0 -9999.0 -9999.0 -9999.0 -9999.0 -9999.0 -9999.0 -9999.0 -9999.0 -9999.0 -9999.0
00.50 00.43 00.46 00.45 00.42 00.32 00.51 02.74 02.46 02.46 02.39 02.32 02.13 00.77 00.93 03.14 03.47 02.35 02.46 02.58 05.01 05.09 05.14 05.12 04.82 04.31 03.76 00.76 00.79 01.05 01.04 01.30 01.35 01.27 -9999.00 -9999.0 -9999.0 -9999.0 -9999.0 -9999.0 -9999.0 -9999.0 -9999.0 -9999.0 -9999.0 -9999.0 -9999.0 -9999.0 -9999.0 -9999.0 -9999.0 -9999.0 -9999.0 -9999.0 -9999.0 -9999.0 -9999.0 -9999.0 -9999.0 -9999.0 -9999.0 -9999.0 -9999.0 -9999.0 -9999.0 -9999.0 -9999.0 -9999.0 -9999.0
00.63 00.47 00.35 00.35 00.43 00.31 00.51 02.79 02.58 02.07 02.41 02.34 02.14 00.75 01.02 03.06 03.77 02.35 02.48 02.59 03.07 04.97 04.92 04.80 05.00 04.76 03.45 00.82 01.28 01.34 00.99 01.20 01.04 01.05 -9999.00 -9999.0 -9999.0 -9999.0 -9999.0 -9999.0 -9999.0 -9999.0 -9999.0 -9999.0 -9999.0 -9999.0 -9999.0 -9999.0 -9999.0 -9999.0 -9999.0 -9999.0 -9999.0 -9999.0 -9999.0 -9999.0 -9999.0 -9999.0 -9999.0 -9999.0 -9999.0 -9999.0 -9999.0 -9999.0 -9999.0 -9999.0 -9999.0 -9999.0 -9999.0
-9999.0 -9999.0 -9999.0 -9999.0 -9999.0 02.46 02.38 00.58 00.81 00.49 02.44 02.38 02.25 01.32 00.72 00.53 00.40 02.31 02.40 02.49 03.02 05.05 05.00 04.74 04.44 00.80 00.92 00.87 01.03 01.30 01.39 00.98 00.65 00.65 -9999.00 -9999.0 -9999.0 -9999.0 -9999.0 -9999.0 -9999.0 -9999.0 -9999.0 -9999.0 -9999.0 -9999.0 -9999.0 -9999.0 -9999.0 -9999.0 -9999.0 -9999.0 -9999.0 -9999.0 -9999.0 -9999.0 -9999.0 -9999.0 -9999.0 -9999.0 -9999.0 -9999.0 -9999.0 -9999.0 -9999.0 -9999.0 -9999.0 -9999.0 -9999.0
-9999.0 -9999.0 -9999.0 -9999.0 -9999.0 02.85 03.29 00.77 00.63 00.48 02.50 02.47 02.42 02.25 02.24 00.52 00.40 02.29 02.16 02.56 02.77 04.69 04.58 04.27 03.56 00.82 00.85 00.87 00.94 01.02 01.02 01.22 00.65 00.64 -9999.0 -9999.0 -9999.0 -9999.0 -9999.0 -9999.0 -9999.0 -9999.0 -9999.0 -9999.0 -9999.0 -9999.0 -9999.0 -9999.0 -9999.0 -9999.0 -9999.0 -9999.0 -9999.0 -9999.0 -9999.0 -9999.0 -9999.0 -9999.0 -9999.0 -9999.0 -9999.0 -9999.0 -9999.0 -9999.0 -9999.0 -9999.0 -9999.0 -9999.0 -9999.0
02.12 02.35 -9999.0 -9999.0 -9999.0 03.05 03.56 01.78 00.50 00.50 02.55 02.55 02.56 02.63 03.08 00.59 00.46 00.39 00.38 00.47 02.82 03.20 00.73 00.65 00.51 00.82 00.86 00.87 00.93 00.93 00.65 00.65 00.65 00.64 -9999.0 -9999.0 -9999.0 -9999.0 -9999.0 -9999.0 -9999.0 -9999.0 -9999.0 -9999.0 -9999.0 -9999.0 -9999.0 -9999.0 -9999.0 -9999.0 -9999.0 -9999.0 -9999.0 -9999.0 -9999.0 -9999.0 -9999.0 -9999.0 -9999.0 -9999.0 -9999.0 -9999.0 -9999.0 -9999.0 -9999.0 -9999.0 -9999.0 -9999.0 -9999.0
02.04 02.03 -9999.0 -9999.0 -9999.0 03.16 03.56 00.67 00.49 00.51 02.61 02.64 02.66 02.86 03.38 00.65 00.71 00.55 00.50 00.40 02.83 02.40 00.69 00.54 00.51 00.83 00.86 00.87 00.88 00.93 00.61 00.63 00.64 00.64 -9999.0 -9999.0 -9999.0 -9999.0 -9999.0 -9999.0 -9999.0 -9999.0 -9999.0 -9999.0 -9999.0 -9999.0 -9999.0 -9999.0 -9999.0 -9999.0 -9999.0 -9999.0 -9999.0 -9999.0 -9999.0 -9999.0 -9999.0 -9999.0 -9999.0 -9999.0 -9999.0 -9999.0 -9999.0 -9999.0 -9999.0 -9999.0 -9999.0 -9999.0 -9999.0
01.72 01.41 -9999.0 -9999.0 -9999.0 03.19 03.76 00.56 00.49 00.53 02.66 02.70 02.76 02.99 03.41 02.25 00.72 00.67 00.52 00.26 02.77 02.53 00.62 00.42 00.83 00.82 00.85 00.84 00.80 00.82 00.53 00.68 00.62 -9999.00 -9999.0 -9999.0 -9999.0 -9999.0 -9999.0 -9999.0 -9999.0 -9999.0 -9999.0 -9999.0 -9999.0 -9999.0 -9999.0 -9999.0 -9999.0 -9999.0 -9999.0 -9999.0 -9999.0 -9999.0 -9999.0 -9999.0 -9999.0 -9999.0 -9999.0 -9999.0 -9999.0 -9999.0 -9999.0 -9999.0 -9999.0 -9999.0 -9999.0 -9999.0 -9999.0
00.23 00.18 01.55 00.42 01.51 03.10 03.63 00.80 00.48 00.54 00.60 00.51 02.83 03.06 03.35 00.69 00.73 00.81 00.49 00.45 00.42 00.47 02.46 02.59 02.59 00.81 00.82 00.83 00.82 00.93 00.90 00.93 00.62 -9999.00 -9999.0 -9999.0 -9999.0 -9999.0 -9999.0 -9999.0 -9999.0 -9999.0 -9999.0 -9999.0 -9999.0 -9999.0 -9999.0 -9999.0 -9999.0 -9999.0 -9999.0 -9999.0 -9999.0 -9999.0 -9999.0 -9999.0 -9999.0 -9999.0 -9999.0 -9999.0 -9999.0 -9999.0 -9999.0 -9999.0 -9999.0 -9999.0 -9999.0 -9999.0 -9999.0
00.23 00.18 01.28 00.56 01.78 02.86 03.47 00.36 00.35 00.53 00.60 00.52 02.91 03.13 03.10 00.70 00.73 00.86 00.54 00.51 00.51 00.35 02.47 02.60 02.17 00.55 00.82 00.83 00.84 00.92 00.95 00.95 00.62 -9999.00 -9999.0 -9999.0 -9999.0 -9999.0 -9999.0 -9999.0 -9999.0 -9999.0 -9999.0 -9999.0 -9999.0 -9999.0 -9999.0 -9999.0 -9999.0 -9999.0 -9999.0 -9999.0 -9999.0 -9999.0 -9999.0 -9999.0 -9999.0 -9999.0 -9999.0 -9999.0 -9999.0 -9999.0 -9999.0 -9999.0 -9999.0 -9999.0 -9999.0 -9999.0 -9999.0
00.23 00.17 01.60 00.41 00.75 02.03 02.18 00.40 00.35 00.49 00.55 00.53 02.91 03.17 03.57 04.25 03.25 01.31 00.85 00.58 00.47 00.37 02.46 02.60 04.24 04.91 03.95 00.84 00.84 00.90 00.91 00.91 00.61 -9999.00 -9999.0 -9999.0 -9999.0 -9999.0 -9999.0 -9999.0 -9999.0 -9999.0 -9999.0 -9999.0 -9999.0 -9999.0 -9999.0 -9999.0 -9999.0 -9999.0 -9999.0 -9999.0 -9999.0 -9999.0 -9999.0 -9999.0 -9999.0 -9999.0 -9999.0 -9999.0 -9999.0 -9999.0 -9999.0 -9999.0 -9999.0 -9999.0 -9999.0 -9999.0 -9999.0
00.23 00.20 01.69 01.36 00.17 00.71 01.01 00.43 00.43 00.27 00.49 00.53 03.09 03.21 03.40 03.97 04.33 01.76 00.89 00.52 00.46 00.39 02.51 02.68 04.82 04.94 03.44 00.84 00.82 00.87 00.90 00.89 00.57 -9999.00 -9999.0 -9999.0 -9999.0 -9999.0 -9999.0 -9999.0 -9999.0 -9999.0 -9999.0 -9999.0 -9999.0 -9999.0 -9999.0 -9999.0 -9999.0 -9999.0 -9999.0 -9999.0 -9999.0 -9999.0 -9999.0 -9999.0 -9999.0 -9999.0 -9999.0 -9999.0 -9999.0 -9999.0 -9999.0 -9999.0 -9999.0 -9999.0 -9999.0 -9999.0 -9999.0
00.23 00.22 01.75 01.67 01.36 00.44 00.63 00.37 00.50 00.40 00.46 00.53 03.31 03.58 03.61 03.72 04.50 00.86 00.88 00.52 00.46 00.40 02.59 02.72 02.49 04.99 03.67 00.83 00.81 00.85 00.82 00.84 00.55 -9999.00 -9999.0 -9999.0 -9999.0 -9999.0 -9999.0 -9999.0 -9999.0 -9999.0 -9999.0 -9999.0 -9999.0 -9999.0 -9999.0 -9999.0 -9999.0 -9999.0 -9999.0 -9999.0 -9999.0 -9999.0 -9999.0 -9999.0 -9999.0 -9999.0 -9999.0 -9999.0 -9999.0 -9999.0 -9999.0 -9999.0 -9999.0 -9999.0 -9999.0 -9999.0 -9999.0
00.21 00.24 00.22 00.19 00.18 00.40 00.36 00.44 00.50 00.42 00.40 00.54 00.65 00.87 00.71 00.69 00.73 00.81 00.85 00.51 00.48 00.38 00.44 00.54 00.55 02.50 00.71 00.82 00.80 00.83 00.80 00.76 00.77 -9999.00 -9999.0 -9999.0 -9999.0 -9999.0 -9999.0 -9999.0 -9999.0 -9999.0 -9999.0 -9999.0 -9999.0 -9999.0 -9999.0 -9999.0 -9999.0 -9999.0 -9999.0 -9999.0 -9999.0 -9999.0 -9999.0 -9999.0 -9999.0 -9999.0 -9999.0 -9999.0 -9999.0 -9999.0 -9999.0 -9999.0 -9999.0 -9999.0 -9999.0 -9999.0 -9999.0
00.18 00.24 00.26 00.26 00.27 00.48 00.46 00.49 00.54 00.43 00.30 00.52 00.64 00.66 00.72 00.70 00.68 00.73 00.77 00.52 00.50 00.49 00.48 00.40 00.31 00.53 00.52 00.79 00.78 00.79 00.85 00.79 00.78 -9999.00 -9999.0 -9999.0 -9999.0 -9999.0 -9999.0 -9999.0 -9999.0 -9999.0 -9999.0 -9999.0 -9999.0 -9999.0 -9999.0 -9999.0 -9999.0 -9999.0 -9999.0 -9999.0 -9999.0 -9999.0 -9999.0 -9999.0 -9999.0 -9999.0 -9999.0 -9999.0 -9999.0 -9999.0 -9999.0 -9999.0 -9999.0 -9999.0 -9999.0 -9999.0 -9999.0
00.20 00.17 00.21 00.25 00.26 00.30 00.28 00.54 00.53 00.46 00.41 00.13 00.62 00.65 00.67 00.67 00.64 00.67 00.70 00.52 00.55 00.54 00.56 00.55 00.48 00.43 00.39 00.54 00.77 00.77 00.83 00.86 00.78 00.77 -9999.00 -9999.0 -9999.0 -9999.0 -9999.0 -9999.0 -9999.0 -9999.0 -9999.0 -9999.0 -9999.0 -9999.0 -9999.0 -9999.0 -9999.0 -9999.0 -9999.0 -9999.0 -9999.0 -9999.0 -9999.0 -9999.0 -9999.0 -9999.0 -9999.0 -9999.0 -9999.0 -9999.0 -9999.0 -9999.0 -9999.0 -9999.0 -9999.0 -9999.0 -9999.0
