tests/Case_5_ArrivalTime.asc
NCOLS 354
NROWS 235
XLLCORNER 2900300.000000
YLLCORNER 2159500.000000
CELLSIZE 100.000000
NODATA_VALUE -9999.0
[rows 30 to 59 of 235, columns 138 to 206 of 354]
01571.549 01584.037 01590.305 01541.018 01522.387 01500.932 01470.661 01456.235 01466.261 01452.031 01352.091 01279.875 01254.920 01258.143 01290.233 01307.591 01325.461 01347.695 01379.896 01429.301 01495.514 01585.377 01677.233 01666.878 01600.812 01574.006 01561.527 01564.546 01594.935 01652.735 01716.845 01767.609 01782.727 01811.217 01846.749 01877.533 01902.991 01929.279 01958.313 -9999.0 -9999.0 -9999.0 -9999.0 -9999.0 -9999.0 -9999.0 -9999.0 -9999.0 -9999.0 -9999.0 -9999.0 -9999.0 -9999.0 -9999.0 -9999.0 -9999.0 -9999.0 -9999.0 -9999.0 -9999.0 -9999.0 -9999.0 -9999.0 -9999.0 -9999.0 -9999.0 -9999.0 -9999.0 -9999.0
01537.411 01544.748 01539.097 01491.417 01469.252 01447.729 01414.315 01400.214 01405.396 01397.342 01365.323 01282.609 01233.476 01217.506 01219.014 01238.654 01240.675 01281.751 01328.184 01385.041 01481.436 01578.019 01650.553 01646.865 01575.545 01553.462 01540.469 01544.710 01560.708 01593.538 01663.808 01738.481 01789.363 01811.926 01838.073 01864.446 01886.613 01909.180 01934.708 -9999.0 -9999.0 -9999.0 -9999.0 -9999.0 -9999.0 -9999.0 -9999.0 -9999.0 -9999.0 -9999.0 -9999.0 -9999.0 -9999.0 -9999.0 -9999.0 -9999.0 -9999.0 -9999.0 -9999.0 -9999.0 -9999.0 -9999.0 -9999.0 -9999.0 -9999.0 -9999.0 -9999.0 -9999.0 -9999.0
01508.374 01508.330 01489.656 01444.973 01417.475 01390.861 01351.439 01351.583 01343.847 01319.799 01303.999 01267.538 01221.847 01177.294 01159.346 01149.584 01175.975 01232.592 01291.214 01365.389 01482.181 01544.398 01578.633 01614.168 01544.414 01528.104 01522.095 01521.452 01526.238 01547.637 01615.529 01697.061 01771.781 01816.471 01844.874 01862.427 01881.595 01903.403 01913.668 01900.040 01904.205 01913.767 01923.992 01927.541 01929.615 01935.429 01951.236 01976.084 -9999.0 -9999.0 -9999.0 -9999.0 -9999.0 -9999.0 -9999.0 -9999.0 -9999.0 -9999.0 -9999.0 -9999.0 -9999.0 -9999.0 -9999.0 -9999.0 -9999.0 -9999.0 -9999.0 -9999.0 -9999.0
01490.503 01467.775 01435.867 01392.305 01355.357 01325.250 01275.277 01295.508 01289.560 01242.407 01211.067 01204.720 01201.353 01176.213 01103.272 01099.864 01147.018 01204.073 01273.560 01362.990 01456.007 01507.647 01537.530 01565.124 01506.277 01496.678 01499.418 01505.968 01513.286 01532.216 01572.506 01644.196 01732.090 01812.984 01857.807 01864.936 01881.628 01902.022 01864.272 01844.023 01846.958 01856.750 01867.563 01877.398 01891.011 01902.945 01917.469 01938.497 -9999.0 -9999.0 -9999.0 -9999.0 -9999.0 -9999.0 -9999.0 -9999.0 -9999.0 -9999.0 -9999.0 -9999.0 -9999.0 -9999.0 -9999.0 -9999.0 -9999.0 -9999.0 -9999.0 -9999.0 -9999.0
01467.652 01443.504 01390.685 01337.152 01300.023 01243.595 01206.768 01241.656 01239.520 00429.202 00428.967 00445.600 01170.416 01161.203 00540.275 01059.214 01128.441 01194.810 01273.576 01397.564 01469.618 01466.331 01473.487 01501.544 01468.973 01464.030 01475.516 01496.534 01516.062 01536.010 01566.358 01613.313 01692.215 01778.148 01843.273 01879.699 01888.259 01858.525 01816.191 01785.949 01789.494 01801.792 01816.575 01839.358 01858.451 01874.152 01891.978 01914.246 01942.837 -9999.0 -9999.0 -9999.0 -9999.0 -9999.0 -9999.0 -9999.0 -9999.0 -9999.0 -9999.0 -9999.0 -9999.0 -9999.0 -9999.0 -9999.0 -9999.0 -9999.0 -9999.0 -9999.0 -9999.0
01419.973 01420.997 01342.173 01272.413 01223.187 01163.473 01114.659 00472.473 00419.023 00392.673 00400.727 00418.437 00440.432 00476.800 00525.734 00584.379 01118.176 01197.968 01311.638 01392.981 01416.295 01411.353 01426.064 01450.502 01424.740 01429.476 01455.300 01487.122 01514.629 01542.131 01571.740 01601.040 01659.758 01745.092 01760.107 01777.147 01804.220 01778.650 01755.032 01732.229 01740.265 01758.286 01783.010 01807.755 01833.992 01857.935 01876.773 01900.132 01928.385 -9999.0 -9999.0 -9999.0 -9999.0 -9999.0 -9999.0 -9999.0 -9999.0 -9999.0 -9999.0 -9999.0 -9999.0 -9999.0 -9999.0 -9999.0 -9999.0 -9999.0 -9999.0 -9999.0 -9999.0
01356.325 01369.560 01286.095 01213.288 01148.293 00510.275 00444.702 00390.369 00371.931 00369.784 00384.845 00407.903 00438.617 00477.559 00504.362 00559.054 01116.482 01228.538 01340.551 01346.560 01349.085 01367.147 01380.399 01365.797 01374.433 01396.286 01432.338 01465.365 01496.883 01527.282 01565.155 01595.527 01648.624 01714.969 01685.187 01703.897 01725.821 01693.398 01680.176 01680.094 01699.107 01727.295 01757.262 01789.498 01823.128 01851.438 01873.364 01898.799 01927.302 -9999.0 -9999.0 -9999.0 -9999.0 -9999.0 -9999.0 -9999.0 -9999.0 -9999.0 -9999.0 -9999.0 -9999.0 -9999.0 -9999.0 -9999.0 -9999.0 -9999.0 -9999.0 -9999.0 -9999.0
01296.932 01296.096 01238.241 01165.244 00519.125 00442.194 00387.499 00354.734 00346.239 00352.593 00373.244 00404.472 00443.804 00464.902 00489.627 00537.949 01123.161 01261.428 01276.006 01277.004 01302.496 01334.320 01295.729 01294.753 01318.194 01369.013 01440.636 01477.704 01505.146 01533.826 01567.933 01614.775 01662.620 01625.357 01625.730 01644.649 01666.883 01628.261 01622.578 01631.870 01665.133 01695.470 01713.582 01751.930 01812.316 -9999.0 -9999.0 -9999.0 -9999.0 -9999.0 -9999.0 -9999.0 -9999.0 -9999.0 -9999.0 -9999.0 -9999.0 -9999.0 -9999.0 -9999.0 -9999.0 -9999.0 -9999.0 -9999.0 -9999.0 -9999.0 -9999.0 -9999.0 -9999.0
01241.307 01228.058 01194.124 01115.037 00479.968 00415.822 00360.177 00330.083 00327.110 00337.712 00363.253 00406.892 00456.460 00442.320 00463.727 00506.158 00587.526 01136.533 01186.830 01225.045 01261.739 01235.675 01226.263 01237.773 01257.994 01296.493 01376.482 01431.403 01457.015 01479.716 01500.477 01547.695 01580.896 01569.347 01574.644 01589.588 01609.763 01585.966 01585.121 01606.064 01618.510 01622.191 01649.375 01691.437 01731.003 01770.165 01815.718 -9999.0 -9999.0 -9999.0 -9999.0 -9999.0 -9999.0 -9999.0 -9999.0 -9999.0 -9999.0 -9999.0 -9999.0 -9999.0 -9999.0 -9999.0 -9999.0 -9999.0 -9999.0 -9999.0 -9999.0 -9999.0 -9999.0
01155.729 01138.065 01098.284 00521.335 00468.328 00409.269 00347.792 00310.059 00307.776 00324.278 00358.305 00406.733 00400.626 00385.914 00409.725 00455.898 00501.475 00544.061 01164.592 01160.725 01157.099 01151.588 01186.879 01215.487 01244.366 01274.178 01309.619 01348.811 01388.705 01420.168 01461.078 01505.080 01538.018 01535.869 01542.615 01555.473 01562.922 01552.940 01570.974 01591.280 01578.579 01580.588 01603.077 01643.042 01681.929 01710.974 01743.376 01784.219 -9999.0 -9999.0 -9999.0 -9999.0 -9999.0 -9999.0 -9999.0 -9999.0 -9999.0 -9999.0 -9999.0 -9999.0 -9999.0 -9999.0 -9999.0 -9999.0 -9999.0 -9999.0 -9999.0 -9999.0 -9999.0
00518.930 00431.060 00414.808 00416.635 00407.477 00416.102 00351.491 00302.181 00286.886 00304.278 00336.329 00348.311 00321.565 00321.589 00356.292 00422.371 00469.116 00474.013 00478.443 00502.800 00567.512 01133.941 01186.074 01219.704 01252.136 01283.454 01315.700 01353.704 01389.316 01420.839 01456.635 01493.247 01518.572 01519.660 01521.397 01527.468 01514.916 01515.334 01536.503 01536.663 01536.200 01552.517 01578.999 01606.328 01640.268 01673.620 01703.715 01737.868 01780.256 -9999.0 -9999.0 -9999.0 -9999.0 -9999.0 -9999.0 -9999.0 -9999.0 -9999.0 -9999.0 -9999.0 -9999.0 -9999.0 -9999.0 -9999.0 -9999.0 -9999.0 -9999.0 -9999.0 -9999.0
00409.964 00344.761 00330.180 00321.362 00341.032 00378.554 00383.377 00315.864 00266.543 00255.025 00254.892 00260.807 00261.692 00272.751 00304.620 00370.520 00400.542 00427.702 00458.376 00504.920 01041.316 01155.059 01207.815 01244.239 01278.557 01309.510 01343.389 01379.548 01410.241 01436.697 01466.547 01503.118 01505.121 01502.765 01499.041 01492.911 01469.659 01458.768 01479.956 01482.307 01499.603 01528.456 01548.557 01578.109 01614.576 01648.448 01682.325 01718.166 01763.284 01833.035 -9999.0 -9999.0 -9999.0 -9999.0 -9999.0 -9999.0 -9999.0 -9999.0 -9999.0 -9999.0 -9999.0 -9999.0 -9999.0 -9999.0 -9999.0 -9999.0 -9999.0 -9999.0 -9999.0
00290.340 00263.307 00263.344 00264.416 00289.181 00334.636 00376.470 00339.954 00241.718 00195.623 00185.737 00200.778 00236.290 00259.685 00282.465 00314.134 00355.936 00406.248 00459.531 00521.517 01114.297 01247.957 01288.548 01304.742 01331.982 01355.489 01382.476 01415.451 01444.580 01470.812 01498.957 01515.827 01490.328 01477.319 01468.931 01456.198 01430.928 01419.489 01428.278 01447.880 01476.951 01503.445 01529.205 01563.581 01603.122 01634.978 01668.180 01702.768 01748.500 01782.711 01800.093 01832.458 -9999.0 -9999.0 -9999.0 -9999.0 -9999.0 -9999.0 -9999.0 -9999.0 -9999.0 -9999.0 -9999.0 -9999.0 -9999.0 -9999.0 -9999.0 -9999.0 -9999.0
00191.600 00190.199 00200.010 00211.702 00235.392 00270.937 00339.454 00287.569 00221.634 00157.713 00158.309 00174.091 00215.675 00251.510 00273.394 00299.927 00336.544 00386.859 00441.211 00492.823 00576.662 01167.288 01294.662 01416.073 01446.773 01450.873 01466.166 01488.950 01507.145 01532.061 01555.748 01524.966 01484.750 01444.724 01437.295 01422.584 01398.931 01390.270 01404.258 01439.614 01467.267 01495.899 01525.218 01561.905 01594.883 01619.233 01646.368 01691.408 01712.226 01726.667 01742.319 01761.103 01772.097 01799.767 -9999.0 -9999.0 -9999.0 -9999.0 -9999.0 -9999.0 -9999.0 -9999.0 -9999.0 -9999.0 -9999.0 -9999.0 -9999.0 -9999.0 -9999.0
00127.693 00120.979 00130.673 00154.185 00171.378 00207.055 00239.237 00214.002 00163.526 00130.761 00132.738 00149.500 00189.309 00233.460 00258.748 00287.894 00327.891 00377.273 00431.723 00480.478 00522.017 01132.377 01231.739 01317.040 01402.979 01493.281 01556.993 01571.757 01592.570 01605.348 01538.578 01477.994 01418.520 01406.007 01411.954 01400.281 01368.029 01358.903 01391.985 01441.667 01476.379 01500.837 01525.552 01555.579 01585.026 01613.259 01646.927 01657.070 01670.294 01692.316 01710.920 01724.157 01743.786 01766.694 01803.184 -9999.0 -9999.0 -9999.0 -9999.0 -9999.0 -9999.0 -9999.0 -9999.0 -9999.0 -9999.0 -9999.0 -9999.0 -9999.0 -9999.0
00084.198 00081.081 00087.083 00103.896 00118.519 00153.784 00181.261 00168.458 00121.557 00111.404 00111.618 00133.391 00156.684 00199.562 00246.777 00276.412 00312.512 00348.441 00382.625 00417.538 00456.889 01184.080 01227.637 01301.119 01380.295 01458.685 01532.639 01596.547 01571.692 01497.734 01429.035 01366.151 01334.711 01345.816 01389.269 01385.343 01334.755 01331.737 01358.625 01425.969 01497.625 01530.629 01558.775 01592.249 01618.419 01642.353 01629.152 01619.522 01633.843 01659.922 01676.631 01690.222 01713.867 01744.700 01774.307 01799.390 01814.065 -9999.0 -9999.0 -9999.0 -9999.0 -9999.0 -9999.0 -9999.0 -9999.0 -9999.0 -9999.0 -9999.0 -9999.0
00029.182 00025.326 00022.463 00022.855 00084.570 00113.116 00148.109 00117.487 00097.196 00092.040 00097.670 00101.537 00127.032 00177.547 00235.613 00268.920 00298.118 00330.400 00362.619 00395.712 00433.917 01209.324 01227.827 01301.629 01398.798 01463.932 01526.907 01579.327 01551.347 01469.445 01389.700 01319.844 01282.419 01283.474 01368.043 01352.485 01301.012 01297.121 01322.400 01349.324 01405.570 01451.063 01499.520 01568.185 01626.920 01600.239 01577.945 01575.937 01592.267 01617.849 01627.381 01643.408 01684.977 01723.778 01748.191 01768.686 01794.672 -9999.0 -9999.0 -9999.0 -9999.0 -9999.0 -9999.0 -9999.0 -9999.0 -9999.0 -9999.0 -9999.0 -9999.0
00018.372 00014.292 00009.993 00009.019 00000.000 00000.000 00000.000 00000.000 00021.659 00023.530 00028.341 00033.695 00120.250 00194.550 00245.785 00277.421 00307.989 00336.930 00369.148 00404.308 00430.222 00481.639 00585.654 01203.128 01321.943 01417.365 01493.704 01531.890 01507.111 01462.086 01373.088 01291.131 01243.069 01238.214 01248.822 01291.217 01284.109 01285.336 01294.117 01317.561 01356.065 01398.934 01454.780 01539.555 01565.385 01544.724 01521.014 01528.379 01550.863 01574.486 01583.928 01606.087 01660.111 01699.527 01728.228 01760.058 01801.131 -9999.0 -9999.0 -9999.0 -9999.0 -9999.0 -9999.0 -9999.0 -9999.0 -9999.0 -9999.0 -9999.0 -9999.0
00010.862 00006.968 00000.000 0.0 0.0 0.0 0.0 0.0 00000.000 00000.000 00012.414 00017.459 00036.455 00153.650 00247.767 00300.002 00330.727 00363.932 00393.128 00425.345 00456.874 00484.650 01105.694 01217.308 01298.642 01374.386 01435.703 01421.345 01383.236 01368.452 01355.449 01279.848 01222.430 01204.164 01212.014 01242.288 01256.258 01276.820 01294.455 01316.650 01342.710 01377.228 01425.090 01512.378 01508.666 01491.209 01482.075 01492.408 01520.520 01544.332 01557.866 01587.250 01635.756 01685.955 01724.045 01759.699 01808.156 -9999.0 -9999.0 -9999.0 -9999.0 -9999.0 -9999.0 -9999.0 -9999.0 -9999.0 -9999.0 -9999.0 -9999.0
00000.000 0.0 0.0 0.0 0.0 0.0 0.0 0.0 0.0 0.0 00000.000 00000.000 00017.365 00140.072 00240.878 00287.619 00346.538 00389.360 00422.196 00450.569 00481.436 00534.571 01165.475 01251.643 01315.926 01371.983 01404.218 01314.675 01258.884 01229.458 01221.297 01222.859 01204.008 01185.692 01173.470 01200.749 01253.993 01296.778 01316.421 01332.651 01356.898 01386.244 01423.851 01498.271 01445.958 01446.066 01453.398 01470.529 01499.066 01521.073 01540.059 01571.997 01623.859 01675.226 01715.400 01749.806 01783.787 01820.834 -9999.0 -9999.0 -9999.0 -9999.0 -9999.0 -9999.0 -9999.0 -9999.0 -9999.0 -9999.0 -9999.0
0.0 0.0 0.0 0.0 0.0 0.0 0.0 0.0 0.0 0.0 0.0 0.0 00023.453 00106.090 00163.749 00237.626 00282.023 00329.317 00386.206 00441.405 00493.599 01134.715 01220.420 01283.268 01340.782 01389.394 01388.992 01287.191 01177.556 01109.738 01072.974 01056.854 01209.804 01169.832 01143.257 01168.921 01218.552 01277.360 01311.645 01334.315 01359.728 01388.078 01403.233 01455.391 01398.026 01413.410 01421.060 01448.086 01478.410 01506.105 01530.634 01569.524 01619.133 01664.749 01698.617 01722.605 01746.211 01780.634 -9999.0 -9999.0 -9999.0 -9999.0 -9999.0 -9999.0 -9999.0 -9999.0 -9999.0 -9999.0 -9999.0
0.0 0.0 0.0 0.0 0.0 0.0 0.0 0.0 0.0 0.0 0.0 0.0 00000.000 00021.784 00091.706 00152.770 00240.741 00269.580 00310.054 00360.443 00407.813 00456.609 01103.087 01223.236 01308.836 01386.719 01390.463 01297.780 01192.969 01043.947 00952.481 00834.869 01120.944 01090.169 01111.776 01154.665 01209.334 01269.283 01305.152 01331.100 01341.834 01345.232 01369.893 01403.930 01353.703 01370.897 01378.306 01418.618 01465.758 01500.314 01530.934 01566.050 01601.358 01630.950 01667.101 01703.367 01736.125 01774.850 -9999.0 -9999.0 -9999.0 -9999.0 -9999.0 -9999.0 -9999.0 -9999.0 -9999.0 -9999.0 -9999.0
0.0 0.0 0.0 0.0 0.0 0.0 0.0 0.0 0.0 0.0 0.0 0.0 0.0 00000.000 00032.783 00131.609 00165.380 00214.516 00263.057 00308.698 00354.255 00399.070 00463.430 01140.067 01245.495 01329.036 01412.941 01338.817 01187.249 00890.200 00792.508 00752.213 00699.888 00697.950 01102.012 01206.305 01283.228 01308.301 01321.358 01291.002 01286.552 01306.023 01341.668 01355.563 01309.401 01320.245 01333.775 01389.187 01454.139 01500.062 01536.791 01581.435 01604.564 01628.014 01672.363 01711.640 01754.684 01804.213 -9999.0 -9999.0 -9999.0 -9999.0 -9999.0 -9999.0 -9999.0 -9999.0 -9999.0 -9999.0 -9999.0
0.0 0.0 0.0 0.0 0.0 0.0 0.0 0.0 0.0 0.0 0.0 0.0 0.0 0.0 00000.000 00089.538 00134.211 00172.360 00236.227 00276.678 00315.170 00351.998 00404.049 00485.420 01210.131 01290.279 01367.878 01270.342 01148.623 00795.363 00718.848 00664.762 00671.113 00643.929 01125.383 01301.137 01362.840 01284.311 01241.492 01224.138 01240.665 01271.544 01321.182 01294.436 01286.141 01295.652 01309.629 01352.292 01423.105 01476.421 01508.067 01544.639 01578.763 01608.781 01644.389 01687.469 01727.710 01779.062 -9999.0 -9999.0 -9999.0 -9999.0 -9999.0 -9999.0 -9999.0 -9999.0 -9999.0 -9999.0 -9999.0
0.0 0.0 0.0 0.0 0.0 0.0 0.0 0.0 0.0 0.0 0.0 0.0 0.0 0.0 0.0 00000.000 00091.449 00133.457 00193.294 00255.917 00293.862 00328.372 00368.227 00427.618 00468.280 01188.125 01331.035 01231.084 01123.428 00749.467 00684.802 00637.992 00615.240 00608.181 01164.798 01237.808 01179.635 01170.607 01156.893 01176.857 01210.174 01252.952 01256.298 01254.139 01277.266 01288.998 01311.408 01348.850 01423.112 01476.857 01505.585 01538.594 01571.171 01600.811 01633.325 01671.749 01717.440 01773.775 -9999.0 -9999.0 -9999.0 -9999.0 -9999.0 -9999.0 -9999.0 -9999.0 -9999.0 -9999.0 -9999.0
0.0 0.0 0.0 0.0 0.0 0.0 0.0 0.0 0.0 0.0 0.0 0.0 0.0 0.0 0.0 0.0 00000.000 00105.090 00161.283 00242.023 00284.781 00326.022 00352.537 00353.804 00372.303 00405.088 01276.643 01221.477 01188.155 01181.221 01181.144 01170.616 00567.539 00553.393 00553.562 00560.234 00573.151 00587.165 00614.311 01154.830 01197.609 01204.818 01213.281 01242.423 01269.516 01300.302 01328.288 01390.160 01464.263 01503.481 01528.325 01564.646 01599.114 01620.961 01648.057 01682.809 01723.884 01771.465 01821.392 -9999.0 -9999.0 -9999.0 -9999.0 -9999.0 -9999.0 -9999.0 -9999.0 -9999.0 -9999.0
0.0 0.0 0.0 0.0 0.0 0.0 0.0 0.0 0.0 0.0 0.0 0.0 0.0 0.0 0.0 0.0 0.0 00088.962 00143.425 00226.845 00282.118 00311.874 00307.710 00325.993 00340.759 00362.308 00387.516 01187.744 01206.830 01199.910 01197.483 01167.963 00500.560 00500.665 00506.745 00520.717 00538.222 00557.823 00577.584 01140.118 01159.925 01149.369 01198.378 01240.134 01290.971 01347.685 01368.123 01423.147 01487.406 01530.103 01572.118 01609.982 01632.698 01654.061 01681.147 01708.011 01744.318 01776.427 01817.337 -9999.0 -9999.0 -9999.0 -9999.0 -9999.0 -9999.0 -9999.0 -9999.0 -9999.0 -9999.0
0.0 0.0 0.0 0.0 0.0 0.0 0.0 0.0 0.0 0.0 0.0 0.0 0.0 0.0 0.0 0.0 0.0 00000.000 00147.157 00207.671 00244.929 00266.604 00283.217 00299.717 00314.326 00332.726 00355.602 00386.106 01184.875 00424.362 00438.153 00448.600 00449.929 00454.989 00465.044 00483.508 00504.945 00528.786 00560.032 00595.243 00697.583 00841.780 01198.861 01268.679 01328.067 01380.740 01444.414 01460.788 01497.573 01528.107 01570.256 01620.258 01662.623 01682.208 01704.371 01733.802 01762.799 01796.245 -9999.0 -9999.0 -9999.0 -9999.0 -9999.0 -9999.0 -9999.0 -9999.0 -9999.0 -9999.0 -9999.0
0.0 0.0 0.0 0.0 0.0 0.0 0.0 0.0 0.0 0.0 0.0 0.0 0.0 0.0 0.0 0.0 0.0 0.0 00000.000 00130.238 00181.937 00232.505 00254.890 00272.526 00290.490 00309.476 00331.311 00356.490 00393.542 00376.671 00385.246 00397.591 00407.938 00417.086 00431.067 00452.292 00477.125 00507.122 00545.414 00579.649 00608.861 00737.730 01247.223 01284.864 01335.752 01403.457 01510.161 01548.930 01535.983 01547.610 01580.558 01628.604 01670.880 01700.960 01737.123 01762.636 01791.399 -9999.0 -9999.0 -9999.0 -9999.0 -9999.0 -9999.0 -9999.0 -9999.0 -9999.0 -9999.0 -9999.0 -9999.0
0.0 0.0 0.0 0.0 0.0 0.0 0.0 0.0 0.0 0.0 0.0 0.0 0.0 0.0 0.0 0.0 0.0 0.0 0.0 0.0 00000.000 00153.269 00207.498 00250.518 00270.265 00288.747 00303.800 00319.056 00319.660 00326.418 00342.520 00359.310 00372.619 00386.157 00402.639 00424.098 00452.800 00489.792 00526.608 00550.938 00578.696 00623.643 01216.432 01261.417 01307.502 01382.734 01467.804 01545.246 01597.071 01599.689 01615.062 01667.385 01715.500 01733.996 01771.690 01805.063 -9999.0 -9999.0 -9999.0 -9999.0 -9999.0 -9999.0 -9999.0 -9999.0 -9999.0 -9999.0 -9999.0 -9999.0 -9999.0
