tests/Case_5_HeatPerUnitArea.asc
NCOLS 354
NROWS 235
XLLCORNER 2900300.000000
YLLCORNER 2159500.000000
CELLSIZE 100.000000
NODATA_VALUE -9999.0
[rows 174 to 202 of 235, columns 260 to 324 of 354]
01725.837 03324.866 03663.037 04154.669 04661.454 04754.235 04926.783 00985.982 01002.022 01004.263 21986.719 29315.180 29415.745 29087.887 28916.284 28699.251 28570.646 28240.336 28265.966 28222.695 28108.784 27923.555 27884.606 27849.550 27747.826 04197.970 01700.924 05129.916 05397.983 05534.411 05546.854 05428.542 05201.892 03795.133 -9999.0 -9999.0 -9999.0 -9999.0 -9999.0 -9999.0 -9999.0 -9999.0 -9999.0 -9999.0 -9999.0 -9999.0 -9999.0 -9999.0 -9999.0 -9999.0 -9999.0 -9999.0 -9999.0 -9999.0 -9999.0 -9999.0 -9999.0 -9999.0 -9999.0 -9999.0 -9999.0 -9999.0 -9999.0 -9999.0 -9999.0
00594.655 00611.628 00462.284 00603.941 00568.791 00243.764 00664.758 00845.222 00941.417 00905.391 00906.228 00906.246 23160.186 28728.520 28671.625 -9999.0 -9999.0 28103.839 28150.199 27964.755 27901.743 27876.978 27847.226 27794.808 27679.083 04164.722 01754.868 05157.557 05423.809 05540.005 05535.390 05372.805 05098.801 02954.934 -9999.0 -9999.0 -9999.0 -9999.0 -9999.0 -9999.0 -9999.0 -9999.0 -9999.0 -9999.0 -9999.0 -9999.0 -9999.0 -9999.0 -9999.0 -9999.0 -9999.0 -9999.0 -9999.0 -9999.0 -9999.0 -9999.0 -9999.0 -9999.0 -9999.0 -9999.0 -9999.0 -9999.0 -9999.0 -9999.0 -9999.0
01173.604 00838.714 00868.745 00821.145 00773.187 00755.043 00727.991 00558.430 00567.496 00623.407 00693.749 00726.351 28497.609 28463.782 28412.324 -9999.0 -9999.0 27892.581 28013.874 27917.833 27819.332 27809.917 27776.185 27663.486 27521.296 03919.677 03827.397 05219.096 05448.880 05548.651 05522.863 05351.323 05046.640 02571.246 -9999.0 -9999.0 -9999.0 -9999.0 -9999.0 -9999.0 -9999.0 -9999.0 -9999.0 -9999.0 -9999.0 -9999.0 -9999.0 -9999.0 -9999.0 -9999.0 -9999.0 -9999.0 -9999.0 -9999.0 -9999.0 -9999.0 -9999.0 -9999.0 -9999.0 -9999.0 -9999.0 -9999.0 -9999.0 -9999.0 -9999.0
00931.955 00952.171 00934.514 00916.298 00907.692 00926.894 00963.358 -9999.0 -9999.0 -9999.0 -9999.0 -9999.0 -9999.0 -9999.0 -9999.0 -9999.0 -9999.0 27706.472 27835.488 27601.268 27615.617 27646.756 27625.505 27531.450 27352.893 03278.199 04884.330 05319.742 05509.622 05570.314 05488.900 05310.924 05325.603 05216.946 04964.671 04558.867 03332.759 -9999.0 -9999.0 -9999.0 -9999.0 -9999.0 -9999.0 -9999.0 -9999.0 -9999.0 -9999.0 -9999.0 -9999.0 -9999.0 -9999.0 -9999.0 -9999.0 -9999.0 -9999.0 -9999.0 -9999.0 -9999.0 -9999.0 -9999.0 -9999.0 -9999.0 -9999.0 -9999.0 -9999.0
00970.770 00972.623 00955.431 00945.244 00950.268 00975.305 01010.014 -9999.0 -9999.0 -9999.0 -9999.0 -9999.0 -9999.0 -9999.0 -9999.0 -9999.0 -9999.0 27442.491 27650.853 27456.238 27413.943 27419.408 27433.255 27375.485 27209.935 03052.341 05046.406 05308.384 05425.643 05550.631 05554.197 05545.083 05528.690 05402.809 05389.560 05314.980 05225.553 05104.987 04757.644 03944.142 -9999.0 -9999.0 -9999.0 -9999.0 -9999.0 -9999.0 -9999.0 -9999.0 -9999.0 -9999.0 -9999.0 -9999.0 -9999.0 -9999.0 -9999.0 -9999.0 -9999.0 -9999.0 -9999.0 -9999.0 -9999.0 -9999.0 -9999.0 -9999.0 -9999.0
01113.868 00976.562 00959.027 00953.823 00972.476 01000.282 01023.169 -9999.0 -9999.0 -9999.0 -9999.0 -9999.0 -9999.0 -9999.0 -9999.0 -9999.0 -9999.0 27169.837 27408.041 26932.719 27112.268 27158.585 27167.688 27089.551 26806.049 03079.745 04436.686 04915.820 05317.582 05489.698 05474.067 05461.022 05530.181 05543.319 05549.055 05515.846 05493.943 05436.721 05367.615 05309.359 05228.234 05003.957 04323.215 -9999.0 -9999.0 -9999.0 -9999.0 -9999.0 -9999.0 -9999.0 -9999.0 -9999.0 -9999.0 -9999.0 -9999.0 -9999.0 -9999.0 -9999.0 -9999.0 -9999.0 -9999.0 -9999.0 -9999.0 -9999.0 -9999.0
01918.449 00940.908 00955.179 00960.855 00984.458 01001.641 01020.695 -9999.0 -9999.0 -9999.0 29920.357 29861.199 -9999.0 -9999.0 -9999.0 23164.326 23655.598 26597.718 26981.029 26673.192 26632.369 26593.126 26570.232 26520.244 26285.971 25665.362 24382.154 04081.682 05256.176 05426.629 29067.703 29185.849 29802.471 30104.420 30444.201 30527.743 30627.579 30479.517 30271.882 29993.827 26997.533 29025.750 05084.904 02322.757 -9999.0 -9999.0 -9999.0 -9999.0 -9999.0 -9999.0 -9999.0 -9999.0 -9999.0 -9999.0 -9999.0 -9999.0 -9999.0 -9999.0 -9999.0 -9999.0 -9999.0 -9999.0 -9999.0 -9999.0 -9999.0
00951.627 00941.690 00944.434 00977.771 00991.953 00999.512 01017.949 -9999.0 -9999.0 -9999.0 29624.491 29122.575 -9999.0 -9999.0 -9999.0 09589.402 23103.026 25717.897 26206.575 26649.385 26139.851 25001.806 24994.902 24763.765 24541.159 23585.476 21916.789 03888.406 05077.133 05176.708 28150.128 28909.476 29338.135 29926.376 30362.436 30552.090 30568.284 30472.240 30404.413 30060.695 29649.959 29181.811 05097.220 02409.251 -9999.0 -9999.0 -9999.0 -9999.0 -9999.0 -9999.0 -9999.0 -9999.0 -9999.0 -9999.0 -9999.0 -9999.0 -9999.0 -9999.0 -9999.0 -9999.0 -9999.0 -9999.0 -9999.0 -9999.0 -9999.0
02893.107 03791.611 04612.882 04128.029 05252.819 05280.866 03502.273 -9999.0 -9999.0 -9999.0 28751.105 28683.623 27872.719 25933.133 08551.136 06941.297 14411.399 23863.137 24707.324 25694.039 25838.723 25689.930 18138.688 18056.438 17456.608 16209.330 11779.173 01871.257 24523.713 21679.550 28341.198 28712.765 29215.150 29774.958 30325.718 30431.623 30478.560 30515.945 30499.945 30111.882 05359.168 05083.752 -9999.0 -9999.0 -9999.0 -9999.0 -9999.0 -9999.0 -9999.0 -9999.0 -9999.0 -9999.0 -9999.0 -9999.0 -9999.0 -9999.0 -9999.0 -9999.0 -9999.0 -9999.0 -9999.0 -9999.0 -9999.0 -9999.0 -9999.0
05123.677 05137.160 05163.124 05207.668 05272.526 05312.874 05360.717 -9999.0 -9999.0 -9999.0 28295.503 28179.033 27805.455 26332.576 22589.246 08803.399 06674.663 10069.172 19033.341 21609.238 22831.195 22558.971 08060.802 04527.616 06023.840 01882.646 07273.147 14520.994 27088.134 27969.918 28198.817 28490.215 29096.396 29768.446 30232.814 30358.843 30526.150 30590.176 30489.024 30196.147 05390.063 05080.645 -9999.0 -9999.0 -9999.0 -9999.0 -9999.0 -9999.0 -9999.0 -9999.0 -9999.0 -9999.0 -9999.0 -9999.0 -9999.0 -9999.0 -9999.0 -9999.0 -9999.0 -9999.0 -9999.0 -9999.0 -9999.0 -9999.0 -9999.0
05208.278 05231.096 05242.890 05245.364 05301.397 05345.290 06010.590 -9999.0 -9999.0 -9999.0 27742.164 27482.447 26985.295 26146.867 24799.980 21290.221 11876.723 14100.222 06491.651 06998.319 07355.555 04225.512 03600.373 06128.755 07381.268 08256.433 10509.499 23067.053 27249.984 27880.269 28125.949 28462.509 29077.723 29674.286 30098.571 30378.709 30540.210 30613.571 30518.680 30256.945 05401.111 05094.644 -9999.0 -9999.0 -9999.0 -9999.0 -9999.0 -9999.0 -9999.0 -9999.0 -9999.0 -9999.0 -9999.0 -9999.0 -9999.0 -9999.0 -9999.0 -9999.0 -9999.0 -9999.0 -9999.0 -9999.0 -9999.0 -9999.0 -9999.0
05419.606 05380.487 05406.171 05368.528 13645.788 29756.384 29816.177 -9999.0 -9999.0 -9999.0 27118.468 26864.909 26331.406 25258.818 23221.071 20099.823 16429.037 12112.745 08927.059 09252.817 09161.466 08415.115 08054.157 05638.362 07815.633 09208.428 13252.361 26183.595 27594.203 27899.058 28078.995 28506.297 29106.296 29640.086 30045.604 30440.248 30519.658 30627.010 30518.693 30300.239 05405.516 05079.191 -9999.0 -9999.0 -9999.0 -9999.0 -9999.0 -9999.0 -9999.0 -9999.0 -9999.0 -9999.0 -9999.0 -9999.0 -9999.0 -9999.0 -9999.0 -9999.0 -9999.0 -9999.0 -9999.0 -9999.0 -9999.0 -9999.0 -9999.0
05371.801 17434.015 09763.782 05534.017 09274.525 29681.709 29729.696 -9999.0 -9999.0 -9999.0 25090.562 23734.459 21713.064 21183.894 12993.950 14553.202 13800.971 09944.701 09082.818 18210.990 22616.599 17725.117 10761.245 08053.362 08869.558 09894.246 19265.535 26588.848 27701.161 27811.930 28040.106 28552.811 29191.291 29684.832 30055.319 30417.407 30537.710 24883.191 30516.685 30374.952 05423.106 05124.449 -9999.0 -9999.0 -9999.0 -9999.0 -9999.0 -9999.0 -9999.0 -9999.0 -9999.0 -9999.0 -9999.0 -9999.0 -9999.0 -9999.0 -9999.0 -9999.0 -9999.0 -9999.0 -9999.0 -9999.0 -9999.0 -9999.0 -9999.0
29561.521 29722.869 28203.980 29868.827 28213.444 29806.951 29617.539 28715.288 27512.722 25190.408 24191.637 22520.034 21644.790 18431.256 10901.987 09821.596 09052.665 08921.537 09842.997 12955.439 23014.367 25665.664 19000.629 13881.420 10420.505 11000.387 21777.055 26873.755 27536.815 27723.653 27944.270 28516.855 05375.890 05484.909 05557.187 05590.801 05533.955 05510.642 05453.658 05381.278 05278.362 04709.241 -9999.0 -9999.0 -9999.0 -9999.0 -9999.0 -9999.0 -9999.0 -9999.0 -9999.0 -9999.0 -9999.0 -9999.0 -9999.0 -9999.0 -9999.0 -9999.0 -9999.0 -9999.0 -9999.0 -9999.0 -9999.0 -9999.0 -9999.0
29814.542 29793.025 29933.539 29936.138 29964.093 29862.244 29358.357 28266.887 26929.852 25403.939 23799.449 21397.745 20367.437 18039.999 10972.385 10284.666 09850.761 09818.587 10348.613 13438.748 21467.523 25191.630 25388.620 24775.161 24916.748 26359.392 26737.737 27013.307 27354.858 27632.510 28094.312 28761.778 05373.908 05468.430 05507.657 05569.576 05594.721 05564.331 05416.074 05240.024 04641.518 -9999.0 -9999.0 -9999.0 -9999.0 -9999.0 -9999.0 -9999.0 -9999.0 -9999.0 -9999.0 -9999.0 -9999.0 -9999.0 -9999.0 -9999.0 -9999.0 -9999.0 -9999.0 -9999.0 -9999.0 -9999.0 -9999.0 -9999.0 -9999.0
30021.236 30066.085 30105.523 30086.137 30018.227 29692.848 28910.886 27865.110 27024.603 25418.560 18183.816 13738.697 10227.491 13658.917 08776.933 09462.788 09053.052 10074.536 10838.934 16089.696 20714.790 24722.582 26227.497 27044.042 27057.790 27574.758 27327.763 27394.168 27301.856 27756.641 28170.503 28652.335 05348.866 05394.618 05456.543 05536.110 05583.233 05571.891 05464.028 05280.175 04961.736 01587.942 -9999.0 -9999.0 -9999.0 -9999.0 -9999.0 -9999.0 -9999.0 -9999.0 -9999.0 -9999.0 -9999.0 -9999.0 -9999.0 -9999.0 -9999.0 -9999.0 -9999.0 -9999.0 -9999.0 -9999.0 -9999.0 -9999.0 -9999.0
30481.096 30474.299 -9999.0 -9999.0 -9999.0 28967.873 28133.623 27537.530 27001.578 26204.944 18502.477 14544.710 11625.423 11234.874 10237.137 02869.644 01426.565 08912.148 08885.984 12987.512 21533.036 24388.177 26093.488 26853.650 27439.125 28104.181 28148.018 27669.365 27739.165 27999.452 28252.522 28639.215 29082.663 29379.223 29758.822 05500.694 05544.453 05563.484 05497.649 05353.923 05123.297 04105.613 -9999.0 -9999.0 -9999.0 -9999.0 -9999.0 -9999.0 -9999.0 -9999.0 -9999.0 -9999.0 -9999.0 -9999.0 -9999.0 -9999.0 -9999.0 -9999.0 -9999.0 -9999.0 -9999.0 -9999.0 -9999.0 -9999.0 -9999.0
30786.287 30872.643 -9999.0 -9999.0 -9999.0 28416.808 27900.100 27535.268 26989.290 25333.420 22155.737 18564.896 20156.662 23188.995 22769.972 04540.714 04768.301 17711.685 11324.652 13174.498 13601.718 23744.337 26165.803 26872.281 27600.598 28028.686 28287.782 28268.859 28451.882 28675.634 28805.301 28776.798 29064.084 29369.822 29748.134 05486.201 05531.619 05570.788 05551.397 05414.251 05244.080 04346.736 -9999.0 -9999.0 -9999.0 -9999.0 -9999.0 -9999.0 -9999.0 -9999.0 -9999.0 -9999.0 -9999.0 -9999.0 -9999.0 -9999.0 -9999.0 -9999.0 -9999.0 -9999.0 -9999.0 -9999.0 -9999.0 -9999.0 -9999.0
31066.533 30832.520 30232.052 29667.241 28803.591 28363.585 27848.895 27494.764 26870.447 25465.341 23990.632 24150.302 03931.769 04647.797 04849.415 05094.327 05330.788 04932.693 04635.951 04160.374 03854.026 03711.993 26909.420 27494.348 27713.563 28005.452 28132.746 28353.854 28871.288 28939.089 29135.964 29596.446 29953.210 29892.878 29979.076 30175.712 26195.962 05567.561 05578.567 05446.796 05270.811 04942.349 03676.850 -9999.0 -9999.0 -9999.0 -9999.0 -9999.0 -9999.0 -9999.0 -9999.0 -9999.0 -9999.0 -9999.0 -9999.0 -9999.0 -9999.0 -9999.0 -9999.0 -9999.0 -9999.0 -9999.0 -9999.0 -9999.0 -9999.0
29867.705 29429.730 29211.944 29186.210 28752.537 28346.053 27893.484 27410.616 26738.167 25707.861 25191.304 26798.102 04976.838 05221.463 05281.363 05340.474 05427.774 05348.615 05270.229 05159.754 05022.436 04374.425 26566.590 27658.327 27813.265 27756.053 27849.740 27919.070 28049.386 28272.659 28500.012 28777.741 29310.961 29721.607 30068.619 30190.241 30443.565 05567.935 05583.031 05477.400 05368.946 05242.722 05053.612 04908.532 04945.942 04616.896 04109.101 -9999.0 -9999.0 -9999.0 -9999.0 -9999.0 -9999.0 -9999.0 -9999.0 -9999.0 -9999.0 -9999.0 -9999.0 -9999.0 -9999.0 -9999.0 -9999.0 -9999.0 -9999.0
29334.016 29191.107 28999.834 28761.199 28505.663 28388.337 27929.907 27492.515 27025.612 27001.177 27124.023 27514.577 05129.801 05355.480 05454.124 05471.041 05510.153 05489.008 05398.349 05315.635 05140.602 04774.668 26719.954 27715.510 27440.360 27662.224 27677.606 27575.008 27226.899 28024.043 28218.797 28359.498 28577.821 29123.252 29426.216 30066.736 28508.556 05544.578 05581.914 05558.054 05486.276 05404.531 05330.316 05322.853 05264.373 07544.021 05066.806 04588.904 -9999.0 -9999.0 -9999.0 -9999.0 -9999.0 -9999.0 -9999.0 -9999.0 -9999.0 -9999.0 -9999.0 -9999.0 -9999.0 -9999.0 -9999.0 -9999.0 -9999.0
29148.281 29020.315 28861.068 28680.398 28490.599 28304.192 27897.709 27650.249 27365.706 26024.533 04954.003 05165.111 05304.082 05435.055 05517.800 05459.503 05458.152 05516.043 05488.340 05374.194 05254.026 05081.041 04784.530 04745.057 04683.400 04842.795 04867.777 14224.391 05024.620 05116.934 05206.557 05240.929 28650.802 28972.666 29285.105 29632.526 30124.457 30156.156 30437.981 30442.168 30377.695 30002.593 29862.681 29647.167 29180.599 28868.153 28533.501 04909.686 -9999.0 -9999.0 -9999.0 -9999.0 -9999.0 -9999.0 -9999.0 -9999.0 -9999.0 -9999.0 -9999.0 -9999.0 -9999.0 -9999.0 -9999.0 -9999.0 -9999.0
29510.975 29161.214 28728.857 28603.362 28438.706 28260.860 28041.764 28009.553 27942.412 27927.837 05223.772 05372.598 05463.789 05513.756 05540.905 05444.022 05407.062 05423.721 05513.170 05453.151 05360.253 05276.260 05226.911 05205.946 05161.323 05150.081 05139.822 05216.133 05249.240 05311.368 05371.299 08344.677 29342.339 29383.229 29519.584 29715.705 29906.100 29816.092 29827.122 29841.926 29323.177 22561.791 23941.434 29547.923 28617.095 28780.557 28478.984 04623.665 -9999.0 -9999.0 -9999.0 -9999.0 -9999.0 -9999.0 -9999.0 -9999.0 -9999.0 -9999.0 -9999.0 -9999.0 -9999.0 -9999.0 -9999.0 -9999.0 -9999.0
29538.902 29277.277 28843.904 28540.288 28351.113 05147.491 05063.776 28329.515 28295.405 28324.877 05247.945 05414.443 05524.566 05549.429 05532.268 05468.373 05351.182 05244.795 05430.969 05450.810 05461.639 05411.318 05400.668 05373.142 05352.165 05324.495 05336.577 05381.421 05407.006 05477.002 05510.687 05544.272 05516.435 05504.164 05884.610 29448.348 29946.214 05470.952 05476.631 05482.090 05465.920 05423.131 05375.986 05340.264 05273.356 05200.530 04984.806 04101.948 -9999.0 -9999.0 -9999.0 -9999.0 -9999.0 -9999.0 -9999.0 -9999.0 -9999.0 -9999.0 -9999.0 -9999.0 -9999.0 -9999.0 -9999.0 -9999.0 -9999.0
29503.242 29051.643 28844.860 28650.444 26696.094 05232.741 05232.853 28672.547 28612.146 27954.120 05294.968 05450.725 05526.483 05536.892 05473.625 05376.029 05259.524 04018.918 05282.917 05412.404 05516.220 05515.040 05512.133 05494.761 05481.789 05469.131 05470.200 05501.283 05512.411 05521.230 05504.814 05457.028 05503.746 05499.815 05527.657 29975.471 30019.234 05470.216 05523.513 05501.445 05426.073 05267.719 05184.152 05027.359 05001.147 04914.085 04246.982 -9999.0 -9999.0 -9999.0 -9999.0 -9999.0 -9999.0 -9999.0 -9999.0 -9999.0 -9999.0 -9999.0 -9999.0 -9999.0 -9999.0 -9999.0 -9999.0 -9999.0 -9999.0
29579.843 29009.927 28936.084 29346.982 29168.139 05331.806 05312.315 29214.866 29102.264 25339.684 05366.710 05497.969 05546.263 05522.265 05414.191 05271.034 04811.483 -9999.0 03938.549 05206.671 05400.668 05465.209 05468.975 05511.563 05515.942 05527.869 05518.075 05508.735 05489.170 05448.030 05371.155 05266.939 05290.150 05319.792 05510.063 30330.165 30306.428 05521.023 05441.723 05368.061 05256.210 04939.159 04281.154 02146.294 -9999.0 -9999.0 -9999.0 -9999.0 -9999.0 -9999.0 -9999.0 -9999.0 -9999.0 -9999.0 -9999.0 -9999.0 -9999.0 -9999.0 -9999.0 -9999.0 -9999.0 -9999.0 -9999.0 -9999.0 -9999.0
29689.835 29284.617 29171.653 29596.865 29543.706 05429.789 05423.160 05373.435 05372.400 05347.144 05477.828 05545.439 05553.510 05451.459 05297.258 04974.445 02808.318 -9999.0 -9999.0 -9999.0 04761.369 05102.302 05117.865 05210.023 05266.247 05323.268 05337.056 05381.880 05295.498 05247.501 05102.194 04587.627 04065.595 04326.094 05350.062 05514.326 05496.631 05463.850 05356.238 05127.232 04655.663 02962.456 -9999.0 -9999.0 -9999.0 -9999.0 -9999.0 -9999.0 -9999.0 -9999.0 -9999.0 -9999.0 -9999.0 -9999.0 -9999.0 -9999.0 -9999.0 -9999.0 -9999.0 -9999.0 -9999.0 -9999.0 -9999.0 -9999.0 -9999.0
29924.826 29482.711 29343.524 29431.210 30055.367 05458.051 05463.545 05453.593 05454.439 05460.004 05540.817 05549.769 05484.156 05335.030 05106.606 03926.381 -9999.0 -9999.0 -9999.0 -9999.0 -9999.0 -9999.0 -9999.0 -9999.0 03323.303 04403.611 04547.884 04747.384 04494.773 03868.855 02229.167 -9999.0 -9999.0 -9999.0 04834.653 05272.888 05310.646 05269.509 05178.142 04604.402 -9999.0 -9999.0 -9999.0 -9999.0 -9999.0 -9999.0 -9999.0 -9999.0 -9999.0 -9999.0 -9999.0 -9999.0 -9999.0 -9999.0 -9999.0 -9999.0 -9999.0 -9999.0 -9999.0 -9999.0 -9999.0 -9999.0 -9999.0 -9999.0 -9999.0
29946.431 29616.739 29513.110 29757.558 30042.025 05454.953 05428.353 05440.384 05435.440 05435.413 05418.061 05368.400 05273.842 05019.153 03527.144 -9999.0 -9999.0 -9999.0 -9999.0 -9999.0 -9999.0 -9999.0 -9999.0 -9999.0 -9999.0 -9999.0 -9999.0 -9999.0 -9999.0 -9999.0 -9999.0 -9999.0 -9999.0 -9999.0 -9999.0 01431.697 04037.662 04131.182 03142.106 -9999.0 -9999.0 -9999.0 -9999.0 -9999.0 -9999.0 -9999.0 -9999.0 -9999.0 -9999.0 -9999.0 -9999.0 -9999.0 -9999.0 -9999.0 -9999.0 -9999.0 -9999.0 -9999.0 -9999.0 -9999.0 -9999.0 -9999.0 -9999.0 -9999.0 -9999.0
