tests/Case_5_HeatPerUnitArea.asc
NCOLS 354
NROWS 235
XLLCORNER 2900300.000000
YLLCORNER 2159500.000000
CELLSIZE 100.000000
NODATA_VALUE -9999.0
[rows 87 to 115 of 235, columns 65 to 129 of 354]
00901.709 00953.788 00991.499 00981.217 00913.862 00752.497 00322.383 00558.494 00492.475 00467.341 00666.593 00839.753 00898.960 00885.454 00895.170 00926.110 00938.229 05169.164 05228.659 05249.606 05321.025 05576.387 01070.563 01071.874 01249.935 05793.178 -9999.000 -9999.0 -9999.0 -9999.0 -9999.0 -9999.0 -9999.0 -9999.0 -9999.0 -9999.0 -9999.0 -9999.0 -9999.0 -9999.0 -9999.0 -9999.0 -9999.0 -9999.0 -9999.0 -9999.0 -9999.0 -9999.0 -9999.0 -9999.0 -9999.0 -9999.0 -9999.0 -9999.0 -9999.0 -9999.0 -9999.0 -9999.0 -9999.0 -9999.0 -9999.0 -9999.0 -9999.0 -9999.0 -9999.0
00935.515 00983.348 01002.845 01012.153 01006.534 00958.027 00715.362 00447.296 00143.638 00411.232 00344.645 00627.659 00773.989 00780.488 00823.654 00862.692 00851.320 05133.796 05181.977 05156.777 05223.834 05496.567 01065.789 01074.423 01338.573 05798.455 05677.816 -9999.000 -9999.0 -9999.0 -9999.0 -9999.0 -9999.0 -9999.0 -9999.0 -9999.0 -9999.0 -9999.0 -9999.0 -9999.0 -9999.0 -9999.0 -9999.0 -9999.0 -9999.0 -9999.0 -9999.0 -9999.0 -9999.0 -9999.0 -9999.0 -9999.0 -9999.0 -9999.0 -9999.0 -9999.0 -9999.0 -9999.0 -9999.0 -9999.0 -9999.0 -9999.0 -9999.0 -9999.0 -9999.0
00980.158 00991.299 00992.754 01012.634 01021.765 01013.721 00915.760 00786.051 00613.692 00680.484 00770.935 00380.206 00404.725 00569.801 00696.675 00710.802 00738.834 05069.357 05090.244 05103.366 05205.082 05387.333 01048.479 01065.016 01071.108 05796.196 05791.737 -9999.000 -9999.0 -9999.0 -9999.0 -9999.0 -9999.0 -9999.0 -9999.0 -9999.0 -9999.0 -9999.0 -9999.0 -9999.0 -9999.0 -9999.0 -9999.0 -9999.0 -9999.0 -9999.0 -9999.0 -9999.0 -9999.0 -9999.0 -9999.0 -9999.0 -9999.0 -9999.0 -9999.0 -9999.0 -9999.0 -9999.0 -9999.0 -9999.0 -9999.0 -9999.0 -9999.0 -9999.0 -9999.0
01006.298 01005.372 01012.658 01015.337 01029.424 01025.776 01019.663 00976.233 00962.799 00967.116 05338.217 05278.349 05242.360 04954.347 04355.491 04522.200 04500.287 04939.277 05024.575 05128.862 05224.182 05338.880 05455.150 05549.912 05586.139 05583.928 05673.606 05692.971 -9999.000 -9999.0 -9999.0 -9999.0 -9999.0 -9999.0 -9999.0 -9999.0 -9999.0 -9999.0 -9999.0 -9999.0 -9999.0 -9999.0 -9999.0 -9999.0 -9999.0 -9999.0 -9999.0 -9999.0 -9999.0 -9999.0 -9999.0 -9999.0 -9999.0 -9999.0 -9999.0 -9999.0 -9999.0 -9999.0 -9999.0 -9999.0 -9999.0 -9999.0 -9999.0 -9999.0 -9999.0
01013.419 01012.713 01019.976 01025.630 01029.502 01035.562 01034.047 01027.083 01023.455 01026.766 05464.782 05532.658 05234.862 05118.998 03924.973 01794.217 03197.547 04719.659 05020.984 05128.184 05223.357 05296.903 05345.299 05356.606 05377.476 05411.504 05624.032 05639.364 -9999.000 -9999.000 -9999.0 -9999.0 -9999.0 -9999.0 -9999.0 -9999.0 -9999.0 -9999.0 -9999.0 -9999.0 -9999.0 -9999.0 -9999.0 -9999.0 -9999.0 -9999.0 -9999.0 -9999.0 -9999.0 -9999.0 -9999.0 -9999.0 -9999.0 -9999.0 -9999.0 -9999.0 -9999.0 -9999.0 -9999.0 -9999.0 -9999.0 -9999.0 -9999.0 -9999.0 -9999.0
01023.072 01023.839 01027.916 01033.895 01039.267 01042.572 01042.930 01037.817 01036.810 01032.153 01605.979 01042.006 01026.367 00969.152 01293.167 05166.113 04830.488 03526.588 04939.966 05112.362 05213.317 05236.554 05304.148 05295.982 05302.251 05456.442 05596.798 05617.363 05626.131 -9999.000 -9999.0 -9999.0 -9999.0 -9999.0 -9999.0 -9999.0 -9999.0 -9999.0 -9999.0 -9999.0 -9999.0 -9999.0 -9999.0 -9999.0 -9999.0 -9999.0 -9999.0 -9999.0 -9999.0 -9999.0 -9999.0 -9999.0 -9999.0 -9999.0 -9999.0 -9999.0 -9999.0 -9999.0 -9999.0 -9999.0 -9999.0 -9999.0 -9999.0 -9999.0 -9999.0
01029.338 01030.954 01036.750 01042.440 01043.584 01043.712 01041.271 01037.606 01039.747 01042.014 01040.218 01041.422 01026.380 01005.656 02212.975 05360.361 05184.067 03002.254 04391.596 04946.208 05166.319 05208.828 05257.218 05234.530 05339.202 05445.850 05484.196 05595.676 05625.587 05607.248 -9999.000 -9999.0 -9999.0 -9999.0 -9999.0 -9999.0 -9999.0 -9999.0 -9999.0 -9999.0 -9999.0 -9999.0 -9999.0 -9999.0 -9999.0 -9999.0 -9999.0 -9999.0 -9999.0 -9999.0 -9999.0 -9999.0 -9999.0 -9999.0 -9999.0 -9999.0 -9999.0 -9999.0 -9999.0 -9999.0 -9999.0 -9999.0 -9999.0 -9999.0 -9999.0
01038.170 01036.145 01037.787 01044.074 01042.215 01046.356 01040.851 01040.024 01040.772 01041.985 01047.492 01043.743 01034.112 01028.870 02174.869 05502.872 05385.548 04988.063 01320.015 04608.100 04905.334 05091.018 05201.416 05212.931 05328.415 05402.019 05430.153 05559.746 05629.740 05632.199 05592.599 -9999.000 -9999.0 -9999.0 -9999.0 -9999.0 -9999.0 -9999.0 -9999.0 -9999.0 -9999.0 -9999.0 -9999.0 -9999.0 -9999.0 -9999.0 -9999.0 -9999.0 -9999.0 -9999.0 -9999.0 -9999.0 -9999.0 -9999.0 -9999.0 -9999.0 -9999.0 -9999.0 -9999.0 -9999.0 -9999.0 -9999.0 -9999.0 -9999.0 -9999.0
01046.133 01037.987 01039.687 01038.540 01038.085 01048.151 01044.380 01039.711 01039.877 01042.207 01042.836 01045.170 01040.227 01034.333 01037.092 02138.154 02194.477 00966.412 00764.840 00701.432 00501.577 00628.411 03019.102 05126.253 05275.831 05364.813 05366.022 30254.974 30949.477 31208.769 05666.538 05643.223 -9999.000 -9999.0 -9999.0 -9999.0 -9999.0 -9999.0 -9999.0 -9999.0 -9999.0 -9999.0 -9999.0 -9999.0 -9999.0 -9999.0 -9999.0 -9999.0 -9999.0 -9999.0 -9999.0 -9999.0 -9999.0 -9999.0 -9999.0 -9999.0 -9999.0 -9999.0 -9999.0 -9999.0 -9999.0 -9999.0 -9999.0 -9999.0 -9999.0
01047.925 01043.156 01040.423 01038.982 01037.313 01043.844 01048.137 01045.841 01045.011 01043.784 01042.926 01047.925 01044.690 01041.725 01040.530 01030.619 01015.809 00974.476 00921.093 00938.735 00692.323 00181.876 05366.408 05032.621 05215.134 05288.905 05358.794 29950.946 30427.300 27663.237 05677.382 05704.094 05616.208 -9999.000 -9999.0 -9999.0 -9999.0 -9999.0 -9999.0 -9999.0 -9999.0 -9999.0 -9999.0 -9999.0 -9999.0 -9999.0 -9999.0 -9999.0 -9999.0 -9999.0 -9999.0 -9999.0 -9999.0 -9999.0 -9999.0 -9999.0 -9999.0 -9999.0 -9999.0 -9999.0 -9999.0 -9999.0 -9999.0 -9999.0 -9999.0
01043.857 01048.281 01046.712 01036.660 01037.624 01037.852 01041.627 01046.305 01047.518 01043.306 01042.906 01047.879 01041.382 01034.347 01022.707 23502.546 29006.034 00987.866 00981.133 00939.494 00815.150 00557.242 27955.841 28258.747 28612.896 29048.223 29461.919 29748.565 29905.577 30414.242 30943.617 30394.322 29846.462 -9999.000 -9999.0 -9999.0 -9999.0 -9999.0 -9999.0 -9999.0 -9999.0 -9999.0 -9999.0 -9999.0 -9999.0 -9999.0 -9999.0 -9999.0 -9999.0 -9999.0 -9999.0 -9999.0 -9999.0 -9999.0 -9999.0 -9999.0 -9999.0 -9999.0 -9999.0 -9999.0 -9999.0 -9999.0 -9999.0 -9999.0 -9999.0
01044.710 01052.508 01052.544 01047.585 01039.305 01043.705 01042.169 01046.572 01047.608 01047.714 01041.283 01037.872 01034.430 01022.290 00998.353 28620.269 26039.965 01564.978 00935.655 00957.581 00889.863 00630.567 27983.792 28266.717 28636.469 29145.538 29453.639 29595.078 29740.957 29965.355 30444.107 30559.525 30595.409 -9999.000 -9999.0 -9999.0 -9999.0 -9999.0 -9999.0 -9999.0 -9999.0 -9999.0 -9999.0 -9999.0 -9999.0 -9999.0 -9999.0 -9999.0 -9999.0 -9999.0 -9999.0 -9999.0 -9999.0 -9999.0 -9999.0 -9999.0 -9999.0 -9999.0 -9999.0 -9999.0 -9999.0 -9999.0 -9999.0 -9999.0 -9999.0
01038.742 01048.259 01051.124 01051.431 01046.634 01046.009 01045.826 01042.408 01042.670 01037.046 01034.760 01030.248 01023.145 01005.095 00935.331 28000.661 25486.288 00715.326 00700.563 00734.656 00821.557 00633.150 27951.202 28234.507 28677.327 29190.081 29497.362 29649.369 29819.637 30066.364 30348.049 30302.677 30401.670 29995.337 -9999.0 -9999.0 -9999.0 -9999.0 -9999.0 -9999.0 -9999.0 -9999.0 -9999.0 -9999.0 -9999.0 -9999.0 -9999.0 -9999.0 -9999.0 -9999.0 -9999.0 -9999.0 -9999.0 -9999.0 -9999.0 -9999.0 -9999.0 -9999.0 -9999.0 -9999.0 -9999.0 -9999.0 -9999.0 -9999.0 -9999.0
01026.744 01031.940 01038.180 01043.548 01044.603 01039.647 01040.224 01034.827 01030.781 01025.756 01020.396 01012.299 00996.209 00986.971 00780.638 27573.208 27114.280 24944.943 22818.174 05433.743 20435.748 23078.478 27540.515 27977.072 28567.778 29070.823 29552.591 29656.068 29773.774 30049.392 30233.889 30251.219 30290.889 30351.351 -9999.000 -9999.0 -9999.0 -9999.0 -9999.0 -9999.0 -9999.0 -9999.0 -9999.0 -9999.0 -9999.0 -9999.0 -9999.0 -9999.0 -9999.0 -9999.0 -9999.0 -9999.0 -9999.0 -9999.0 -9999.0 -9999.0 -9999.0 -9999.0 -9999.0 -9999.0 -9999.0 -9999.0 -9999.0 -9999.0 -9999.0
01022.008 01016.822 01021.129 01041.588 01037.317 01037.896 01041.001 01032.690 01026.831 01018.705 01010.093 00997.929 00980.177 00937.341 00715.629 27394.023 26826.991 23550.422 10790.926 00980.370 21101.863 26348.886 27420.136 27930.190 28473.096 29116.399 29543.113 29791.266 29730.817 30026.613 30187.553 30441.954 30443.849 30583.617 28322.814 -9999.0 -9999.0 -9999.0 -9999.0 -9999.0 -9999.0 -9999.0 -9999.0 -9999.0 -9999.0 -9999.0 -9999.0 -9999.0 -9999.0 -9999.0 -9999.0 -9999.0 -9999.0 -9999.0 -9999.0 -9999.0 -9999.0 -9999.0 -9999.0 -9999.0 -9999.0 -9999.0 -9999.0 -9999.0 -9999.0
01004.682 00994.405 01023.158 01033.225 01034.292 01035.342 01043.973 01036.056 01029.451 01021.918 29264.153 21625.983 28545.716 28075.333 27880.567 27398.843 26705.989 22406.329 10808.437 03190.066 16882.902 25985.676 27288.433 27856.300 28414.433 29002.487 29368.787 29612.057 29794.713 30167.605 30518.073 30629.930 30763.740 30882.512 30957.334 -9999.000 -9999.000 -9999.0 -9999.0 -9999.0 -9999.0 -9999.0 -9999.0 -9999.0 -9999.0 -9999.0 -9999.0 -9999.0 -9999.0 -9999.0 -9999.0 -9999.0 -9999.0 -9999.0 -9999.0 -9999.0 -9999.0 -9999.0 -9999.0 -9999.0 -9999.0 -9999.0 -9999.0 -9999.0 -9999.0
00931.905 00952.008 01023.103 01031.950 01033.439 01033.216 01041.754 01039.132 01033.102 01025.257 29287.271 28918.086 28666.471 28376.695 28030.573 27702.636 26941.650 23765.245 13914.212 05499.423 10034.393 25411.248 27127.661 27740.681 28191.436 28630.349 29018.200 29288.743 29878.967 30154.254 30362.453 30467.205 30672.078 30794.433 31014.292 30937.744 30872.961 -9999.000 -9999.0 -9999.0 -9999.0 -9999.0 -9999.0 -9999.0 -9999.0 -9999.0 -9999.0 -9999.0 -9999.0 -9999.0 -9999.0 -9999.0 -9999.0 -9999.0 -9999.0 -9999.0 -9999.0 -9999.0 -9999.0 -9999.0 -9999.0 -9999.0 -9999.0 -9999.0 -9999.0
-9999.0 -9999.0 00994.378 01028.225 01027.095 01027.596 01040.701 01041.970 01037.186 01033.564 29848.781 29517.187 29132.231 28766.717 28383.147 28055.370 27784.333 26965.599 24197.262 10439.399 07596.868 24288.388 26729.941 27484.028 27879.218 28168.809 28519.860 28857.264 29350.791 29696.232 29823.891 29915.319 30215.707 30363.753 30832.334 31046.239 31064.936 31021.901 -9999.000 -9999.0 -9999.0 -9999.0 -9999.0 -9999.0 -9999.0 -9999.0 -9999.0 -9999.0 -9999.0 -9999.0 -9999.0 -9999.0 -9999.0 -9999.0 -9999.0 -9999.0 -9999.0 -9999.0 -9999.0 -9999.0 -9999.0 -9999.0 -9999.0 -9999.0 -9999.0
-9999.0 -9999.0 00937.879 01017.881 01023.167 28653.874 30173.115 27586.670 30529.524 30428.891 30312.057 30126.490 29846.263 29442.973 29133.589 28815.854 28463.195 27922.605 27024.288 24109.085 05263.365 19918.563 25944.835 27070.944 27502.786 00733.899 00463.964 28421.044 28825.021 29047.593 29179.506 29216.747 29486.037 30000.430 30587.862 30927.822 31004.907 31069.722 31063.426 -9999.000 -9999.0 -9999.0 -9999.0 -9999.0 -9999.0 -9999.0 -9999.0 -9999.0 -9999.0 -9999.0 -9999.0 -9999.0 -9999.0 -9999.0 -9999.0 -9999.0 -9999.0 -9999.0 -9999.0 -9999.0 -9999.0 -9999.0 -9999.0 -9999.0 -9999.0
-9999.0 -9999.0 00920.686 01004.296 01021.882 29887.246 29821.497 30248.892 30484.186 30594.005 30547.270 30529.464 30294.804 30036.537 29827.622 29517.038 28921.727 28313.632 27847.627 26847.995 13430.547 07607.179 22645.290 26199.326 26777.816 00749.478 00736.923 28121.629 28368.873 28519.513 28770.140 28812.802 28932.373 29519.069 30262.195 30497.382 30693.935 30897.983 31021.768 31007.847 -9999.000 -9999.000 -9999.0 -9999.0 -9999.0 -9999.0 -9999.0 -9999.0 -9999.0 -9999.0 -9999.0 -9999.0 -9999.0 -9999.0 -9999.0 -9999.0 -9999.0 -9999.0 -9999.0 -9999.0 -9999.0 -9999.0 -9999.0 -9999.0 -9999.0
-9999.0 -9999.0 23531.440 29080.250 29594.777 29805.038 29946.643 30156.501 30531.399 31033.757 31231.770 30660.666 30563.364 30487.225 30320.145 29880.158 29150.844 28568.359 28020.230 27469.595 25832.916 15671.509 00658.039 00813.240 00754.678 00890.149 00913.392 00652.818 00085.253 00568.174 00706.014 01713.473 28421.627 29035.154 26560.429 06499.610 06639.575 06835.153 07087.870 07269.987 31048.126 31021.346 -9999.000 -9999.000 -9999.000 -9999.000 -9999.000 07233.830 07230.353 07254.601 -9999.000 -9999.000 -9999.000 -9999.0 -9999.0 -9999.0 -9999.0 -9999.0 -9999.0 -9999.0 -9999.0 -9999.0 -9999.0 -9999.0 -9999.0
-9999.0 -9999.0 28074.983 28484.457 28832.811 29002.127 29277.631 29652.621 29906.476 30457.723 30793.623 30384.687 30657.768 30586.651 30338.236 29801.928 29134.038 28623.734 28204.061 27901.451 27624.189 27339.824 00778.292 00974.522 00994.063 01006.962 01006.745 00963.509 00894.333 00817.045 00770.166 00617.521 28145.458 28618.840 28935.228 04650.750 02468.261 02542.698 02581.468 07104.653 30972.121 31030.756 31067.398 31100.676 28093.473 07443.327 07198.625 07109.789 07131.404 07389.888 30791.034 30765.287 30847.393 30859.363 -9999.000 -9999.000 -9999.0 -9999.0 -9999.0 -9999.0 -9999.0 -9999.0 -9999.0 -9999.0 -9999.0
-9999.0 -9999.0 27468.087 27878.903 28006.979 28069.220 28778.338 29250.158 29658.622 29820.054 29931.120 30340.749 30765.788 31088.744 30318.054 29829.299 29366.770 28893.895 28514.973 28257.649 28141.755 28092.798 00914.153 00995.741 01026.130 01032.670 01031.319 01020.375 01004.162 00990.469 00926.631 00660.598 27857.705 28251.780 28444.279 02566.588 02195.128 02568.159 01909.856 06586.171 30586.906 30812.880 30854.728 30916.591 30993.006 07318.366 06905.622 05219.823 05858.189 07432.653 30906.297 30877.751 30995.855 31061.200 31081.831 31013.542 31000.025 01050.880 01050.877 -9999.000 -9999.000 -9999.000 -9999.0 -9999.0 -9999.0
-9999.0 -9999.0 -9999.0 -9999.0 -9999.0 -9999.0 11420.542 28813.482 29359.089 29575.548 29643.430 29804.232 30434.945 30683.245 30745.406 30587.175 30211.654 29781.731 29049.519 28814.201 28677.935 28539.290 24619.410 29520.541 30068.463 01040.896 01338.617 07217.733 07213.231 06992.712 06660.307 05057.597 01645.331 02357.112 02416.176 02248.257 01205.513 06780.557 04346.375 03951.031 30113.436 30297.872 30286.475 30356.371 30502.436 17832.809 06672.562 04570.832 02539.458 07125.402 07367.504 07339.187 07088.843 07148.854 07395.072 07496.101 07526.351 07507.787 07476.747 07424.221 07512.128 07515.110 07542.746 -9999.000 -9999.0
-9999.0 -9999.0 -9999.0 -9999.0 -9999.0 -9999.0 -9999.0 28397.590 28840.976 28990.692 29147.524 27492.914 30085.764 30279.698 30426.927 30379.037 30429.768 30155.003 29617.210 29445.205 29317.546 29276.468 29467.595 29891.670 30322.346 01040.765 01041.905 07202.603 06608.536 06923.817 07193.229 06954.731 05950.251 05162.143 06129.484 06704.081 06877.729 07046.825 02082.195 02554.897 29454.909 30137.809 29902.741 29792.315 29965.391 10285.974 05651.004 02522.580 01492.341 02442.273 03657.771 03123.920 02561.407 02561.962 04037.786 04766.277 05558.872 05290.078 05241.086 04861.845 05383.548 06214.938 06562.752 07362.812 -9999.000
-9999.0 -9999.0 -9999.0 -9999.0 -9999.0 -9999.0 26845.783 27751.904 28384.877 28700.443 00989.815 01022.805 29795.906 30089.951 30244.266 30368.591 30318.309 30065.191 30075.179 29951.413 29900.792 29943.632 01424.966 01038.278 01039.619 05545.880 05517.089 01031.479 01018.671 01833.966 01041.303 01036.647 01039.616 01035.620 01045.230 07376.229 07439.576 07361.402 03413.908 01929.308 03634.806 05321.718 05319.685 05249.202 05082.185 03846.537 02535.241 01964.222 02563.977 02910.588 02572.067 01410.324 01279.387 01127.388 01149.186 01153.067 01231.495 01172.839 01192.808 02189.128 02247.123 00615.659 02143.978 02588.237 07336.258
-9999.0 -9999.0 -9999.0 -9999.0 -9999.0 18303.169 26371.092 27478.683 27892.830 28113.061 00861.817 01001.833 29819.288 30144.706 30212.199 30182.762 30305.431 30196.731 30380.557 30328.347 30363.282 30384.743 01040.599 01040.465 01040.551 05515.237 05392.880 00985.480 00964.167 01026.106 01038.804 01040.685 01046.797 01046.092 01040.798 07351.511 06673.953 07244.153 07261.344 04191.749 01196.175 02124.011 02176.217 02169.263 02041.467 01807.764 01370.870 02554.488 06616.184 07137.655 07125.185 06779.888 06626.698 06226.912 06123.387 06113.560 05736.274 06295.000 06614.810 06736.263 06894.339 06400.574 02372.746 02494.999 07207.088
-9999.0 -9999.0 -9999.0 -9999.0 -9999.0 -9999.0 22847.149 26280.454 27123.324 27399.713 -9999.0 00929.832 29616.428 30199.685 30324.916 30427.498 30201.118 30223.338 30233.047 30624.886 30453.499 30477.490 03934.365 01041.477 01039.901 05477.266 05292.317 00657.717 00497.724 00995.739 01029.877 01039.324 01040.780 01040.743 01044.186 07203.777 05900.062 05416.625 07370.150 07379.097 07044.623 06444.248 06187.946 06032.359 06589.438 06505.867 06703.052 07141.832 07470.829 07335.002 07275.381 07297.926 07258.291 07216.433 07355.033 07265.838 07080.088 07186.965 07265.273 07433.460 07562.002 06693.282 02430.572 02059.889 06826.412
-9999.0 -9999.0 -9999.0 -9999.0 -9999.0 -9999.0 -9999.0 -9999.0 -9999.0 -9999.0 -9999.0 00628.548 00977.882 01025.226 01030.417 01036.511 01038.416 01787.578 01650.327 01040.477 01039.004 01037.996 05515.498 05491.333 05446.811 05383.038 05216.106 04122.616 -9999.0 05047.886 05349.995 05484.527 01839.335 01039.777 01040.584 05446.081 05202.572 04883.649 05381.402 05566.116 01050.561 01052.546 01051.405 01049.140 01050.498 01051.193 01051.705 01055.793 01057.370 01053.989 07438.035 06332.025 05641.343 06791.098 06766.730 07090.140 07503.917 07353.377 07101.477 06459.914 07256.547 07305.444 05383.260 01114.882 04920.146
