tests/Case_5_ReactionIntensity.asc
NCOLS 354
NROWS 235
XLLCORNER 2900300.000000
YLLCORNER 2159500.000000
CELLSIZE 100.000000
NODATA_VALUE -9999.0
[rows 29 to 57 of 235, columns 130 to 194 of 354]
-9999.0 00124.059 00147.458 00137.196 00149.503 00306.029 00575.059 00161.356 00159.838 00159.893 00507.001 00160.808 00161.458 00159.834 00158.180 00159.419 00161.236 00157.321 00155.467 00148.993 00823.885 00629.504 00236.236 00485.299 00447.770 00650.258 00334.317 00227.419 00560.597 00606.673 00465.473 00674.691 00160.547 00161.162 00159.714 00198.715 00392.219 00203.409 00303.651 00496.957 00143.787 00098.583 00809.650 01024.278 00955.646 -9999.0 -9999.0 -9999.0 -9999.0 -9999.0 -9999.0 -9999.0 -9999.0 -9999.0 -9999.0 -9999.0 -9999.0 -9999.0 -9999.0 -9999.0 -9999.0 -9999.0 -9999.0 -9999.0 -9999.0
-9999.0 00149.194 00652.384 00477.333 00225.650 00399.810 00162.519 00160.063 00159.662 00161.325 00160.026 00161.069 00159.302 00158.708 00159.200 00158.877 00159.534 00158.939 00151.958 00143.004 00960.961 00412.717 00622.121 00355.208 00542.182 00337.886 00474.349 00353.605 00605.022 00339.348 00667.549 00673.564 00160.857 00161.406 00161.020 00646.011 00531.724 00664.672 00651.642 00179.090 00659.198 00196.070 01229.023 01652.569 00724.939 00333.943 00086.399 -9999.0 -9999.0 -9999.0 -9999.0 -9999.0 -9999.0 -9999.0 -9999.0 -9999.0 -9999.0 -9999.0 -9999.0 -9999.0 -9999.0 -9999.0 -9999.0 -9999.0 -9999.0
00105.905 00262.329 00546.579 00536.111 00208.119 00161.260 00160.694 00161.530 00161.048 00159.315 00161.204 00160.309 00159.022 00157.400 00156.759 00157.468 00155.602 00155.418 00153.453 00145.693 00277.377 00662.724 00604.617 00161.244 00442.838 00536.417 00302.711 00619.716 00430.294 00233.462 00677.875 00671.829 00159.536 00159.317 00161.318 00456.090 00474.773 00526.269 00658.081 00633.793 01557.502 01371.057 01953.519 01218.247 01288.443 01758.220 00134.323 -9999.0 -9999.0 -9999.0 -9999.0 -9999.0 -9999.0 -9999.0 -9999.0 -9999.0 -9999.0 -9999.0 -9999.0 -9999.0 -9999.0 -9999.0 -9999.0 -9999.0 -9999.0
00133.269 00294.190 00607.444 00158.249 00161.120 00160.086 00159.453 00159.017 00159.967 00159.147 00159.693 00157.844 00156.309 00156.013 00153.204 00151.436 00151.709 00146.584 00147.914 00140.142 00335.290 00505.408 00537.338 00363.557 00567.190 00357.006 00347.839 00629.970 00672.239 00269.075 00312.172 00594.689 00288.013 00159.201 00159.336 00160.117 00161.369 00228.897 00171.325 00660.722 00255.277 00434.124 01249.808 00568.781 00188.693 01485.286 01503.795 01102.254 01830.488 01086.806 00093.144 01601.132 00966.087 01924.571 00516.834 01304.472 -9999.0 -9999.0 -9999.0 -9999.0 -9999.0 -9999.0 -9999.0 -9999.0 -9999.0
00151.240 00329.083 00603.597 00158.760 00161.154 00159.273 00157.960 00159.279 00158.961 00158.763 00157.919 00156.992 00155.918 00149.091 00144.120 00148.822 00146.065 00110.622 00352.610 00494.062 00175.905 00089.649 00382.952 00413.436 00272.209 00613.897 00288.446 00403.475 00498.788 00333.654 00348.574 00510.122 00158.041 00157.369 00157.558 00158.443 00158.039 00275.967 00655.791 00661.887 00640.415 00209.173 00160.660 02029.980 01610.060 01390.665 01697.379 01596.431 01227.231 00615.210 01792.170 01978.948 01345.152 00820.593 00255.211 00758.498 -9999.0 -9999.0 -9999.0 -9999.0 -9999.0 -9999.0 -9999.0 -9999.0 -9999.0
00356.437 00159.750 00160.119 00160.591 00158.659 00157.363 00156.490 00158.359 00158.202 00158.193 00155.913 00151.516 00146.334 00131.069 00509.568 00127.318 00098.456 00098.543 00285.965 00412.363 00337.271 00518.726 00363.722 00339.211 00167.020 00614.220 00143.903 00583.265 00274.210 00377.881 00331.595 00529.540 00158.190 00158.423 00158.504 00159.298 00159.833 00353.707 00343.813 00366.250 00662.568 00266.887 00949.849 00657.369 00812.157 00050.831 02064.583 00251.183 00785.732 01960.888 02075.538 01982.728 00646.240 01651.383 01020.235 01553.089 01169.846 -9999.0 -9999.0 -9999.0 -9999.0 -9999.0 -9999.0 -9999.0 -9999.0
00584.824 00160.772 00161.209 00159.328 00158.790 00156.526 00153.783 00287.404 00376.935 00644.257 00434.262 00590.748 00273.962 00538.795 00401.504 00488.267 00587.940 00606.202 00608.939 00578.350 00543.079 00530.472 00429.639 00207.824 00502.727 00611.264 00619.751 00430.975 00202.564 00432.533 00545.214 00441.617 00155.469 00158.139 00157.922 00159.712 00158.890 00345.125 00594.837 00417.034 00666.030 00649.295 00144.655 00142.686 00140.024 00133.272 00454.053 00551.632 01880.349 01989.727 01930.487 01147.039 01438.339 00201.241 01356.868 00936.025 01231.630 -9999.0 -9999.0 -9999.0 -9999.0 -9999.0 -9999.0 -9999.0 -9999.0
00160.764 00161.533 00159.288 00158.737 00155.563 00151.750 00144.064 00320.735 00515.690 00487.510 00313.308 00583.873 00391.505 00415.418 00539.398 00617.780 00627.142 00623.330 00609.211 00602.383 00554.885 00526.025 00471.227 00320.993 00468.291 00195.451 00469.022 00498.792 00437.440 00593.703 00537.015 00476.303 00154.064 00156.672 00156.599 00158.995 00158.889 00542.519 00632.597 00231.706 00673.557 00652.032 00667.342 00435.161 00627.416 00289.509 00550.758 01751.208 01711.980 01611.830 00744.267 00482.892 01761.094 00845.208 00698.708 00416.339 00111.729 -9999.0 -9999.0 -9999.0 -9999.0 -9999.0 -9999.0 -9999.0 -9999.0
00161.121 00160.171 00158.372 00155.376 00152.304 00134.701 00130.589 00382.248 00249.113 00257.173 00269.774 00542.668 00410.590 00540.806 00618.283 00627.078 00638.029 00637.043 00622.980 00604.359 00570.341 00549.770 00506.443 00391.030 00454.898 00317.485 00166.737 00342.415 00476.805 00226.599 00242.542 00385.382 00212.403 00334.467 00624.703 00478.308 00494.093 00446.551 00249.048 00323.124 00662.999 00580.248 00639.824 00668.776 00669.523 00160.218 00161.477 00161.573 00654.881 00178.935 00299.622 00277.965 00131.654 -9999.0 -9999.0 -9999.0 -9999.0 -9999.0 -9999.0 -9999.0 -9999.0 -9999.0 -9999.0 -9999.0 -9999.0
00220.094 00157.441 00154.785 00149.173 00134.164 00129.187 00538.941 00596.880 00227.702 00171.930 00588.125 00411.446 00454.646 00579.752 00631.890 00638.432 00642.635 00642.146 00627.958 00601.172 00558.963 00575.725 00549.820 00469.108 00149.822 00295.906 00549.283 00132.527 00437.834 00500.955 00364.143 00382.780 00557.302 00282.569 00334.129 00566.250 00416.155 00278.181 00206.758 00296.339 00547.634 00190.206 00550.902 00178.956 00377.463 00217.166 00159.097 00161.096 00158.541 00160.940 00245.860 00231.003 00461.048 00150.484 00122.834 -9999.0 -9999.0 -9999.0 -9999.0 -9999.0 -9999.0 -9999.0 -9999.0 -9999.0 -9999.0
00157.561 00155.148 00150.703 00105.264 00232.043 00521.095 00178.317 00328.376 00501.189 00445.238 00315.508 00428.811 00505.516 00601.417 00639.221 00241.848 00496.819 00643.760 00630.796 00606.982 00613.344 00623.343 00605.951 00556.150 00488.274 00364.812 00544.704 00507.607 00509.486 00042.515 00552.340 00583.967 00551.973 00492.110 00194.123 00432.904 00503.495 00613.812 00273.606 00275.397 00562.280 00260.874 00391.429 00214.751 00528.353 00158.614 00161.109 00159.418 00159.627 00159.854 00158.663 00450.109 00637.855 00480.149 00317.636 00128.991 -9999.0 -9999.0 -9999.0 -9999.0 -9999.0 -9999.0 -9999.0 -9999.0 -9999.0
00154.953 00145.747 00134.173 00478.693 00257.220 00422.913 00544.710 00571.090 00346.963 00585.939 00598.597 00599.396 00605.680 00599.518 00637.629 00578.527 00444.781 00474.110 00639.776 00638.106 00407.041 00305.907 00632.433 00595.730 00540.442 00538.740 00525.598 00489.939 00272.362 00380.160 00528.934 00605.464 00356.870 00230.854 00566.815 00181.762 00641.592 00405.087 00186.931 00304.446 00597.638 00363.692 00668.278 00303.352 00301.907 00558.975 00593.296 00159.065 00160.439 00158.306 00159.013 00159.101 00354.822 00603.325 00421.992 00645.200 00142.112 -9999.0 -9999.0 -9999.0 -9999.0 -9999.0 -9999.0 -9999.0 -9999.0
00145.172 00116.619 00337.250 00329.149 00212.312 00156.047 00285.987 00633.790 00591.418 00636.016 00632.455 00641.319 00634.191 00623.610 00624.243 00320.588 00381.398 00503.067 00658.978 00315.138 00157.888 00156.888 00392.053 00627.807 00612.801 00591.982 00555.817 00480.585 00139.006 00524.509 00594.155 00421.879 00304.957 00377.811 00179.408 00642.271 00631.475 00583.152 00310.491 00642.426 00258.938 00448.251 00270.317 00569.522 00516.125 00634.905 00647.472 00158.427 00158.598 00159.526 00160.237 00159.148 00159.716 00216.108 00636.804 00316.501 00147.873 00094.675 -9999.0 -9999.0 -9999.0 -9999.0 -9999.0 -9999.0 -9999.0
00114.930 00283.640 00400.975 00156.886 00158.378 00460.115 00164.347 00352.861 00529.704 00566.354 00619.454 00640.794 00551.521 00635.753 00624.404 00641.434 00390.729 00160.481 00160.830 00159.864 00251.358 00158.455 00156.546 00153.741 00176.365 00607.492 00554.791 00448.120 00446.461 00258.793 00576.147 00487.548 00494.879 00489.919 00342.290 00389.090 00651.565 00508.231 00222.477 00674.403 00610.993 00513.287 00537.406 00390.182 00338.752 00360.976 00246.513 00268.253 00158.082 00157.967 00160.513 00158.962 00158.417 00276.228 00223.791 00482.996 00284.152 00141.760 00142.013 00086.979 -9999.0 -9999.0 -9999.0 -9999.0 -9999.0
00538.674 00401.837 00155.552 00454.898 00160.272 00160.873 00161.048 00585.307 00169.686 00429.439 00245.265 00309.802 00588.605 00354.333 00638.209 00412.561 00296.007 00161.132 00161.216 00160.863 00158.664 00158.099 00156.629 00154.978 00587.226 00622.295 00575.195 00498.775 00260.290 00551.411 00432.942 00177.584 00319.022 00517.803 00307.748 00573.863 00222.829 00682.441 00682.024 00679.908 00581.948 00568.200 00403.969 00546.284 00425.261 00529.487 00239.118 00158.383 00159.185 00158.229 00158.459 00160.499 00158.984 00159.739 00478.547 00371.914 00481.089 00542.671 00479.432 00147.098 00139.631 00120.250 -9999.0 -9999.0 -9999.0
00388.341 00153.914 00158.256 00160.386 00161.310 00161.123 00161.009 00595.651 00196.609 00486.365 00532.910 00567.190 00434.537 00254.112 00536.589 00279.205 00367.390 00160.465 00160.971 00161.330 00160.734 00273.151 00158.262 00275.066 00376.225 00625.452 00585.795 00516.605 00440.382 00472.892 00266.234 00442.834 00305.247 00456.772 00670.912 00676.985 00673.569 00676.612 00671.480 00536.108 00332.683 00288.895 00508.830 00307.856 00232.358 00492.030 00497.494 00157.471 00158.900 00159.381 00159.638 00158.480 00160.659 00159.984 00279.485 00424.501 00225.165 00432.966 00530.123 00480.650 00631.689 00145.497 00114.306 -9999.0 -9999.0
00181.944 00157.070 00158.908 00160.552 00161.436 00160.718 00160.851 00600.833 00256.127 00362.263 00437.343 00244.513 00163.837 00457.098 00227.904 00161.697 00161.065 00160.206 00160.576 00161.081 00161.042 00159.776 00158.209 00155.491 00154.018 00411.128 00383.780 00599.683 00284.400 00081.262 00341.307 00449.528 00409.241 00605.160 00672.913 00664.443 00662.398 00365.440 00278.387 00331.619 00573.811 01345.163 00314.993 00261.268 00364.264 00194.903 00289.775 00538.043 00267.158 00438.024 00227.909 00299.103 00159.462 00188.059 00161.178 00160.384 00240.194 00474.116 00330.333 00450.068 00162.961 00303.902 00141.536 00132.212 00135.771
00222.329 00158.375 00160.117 00161.128 00161.408 00160.927 00159.538 00159.827 00305.819 00476.759 00626.807 00308.929 00318.071 00425.683 00599.806 00161.114 00160.733 00159.963 00160.261 00160.154 00159.800 00159.047 00531.296 00156.807 00154.730 00333.935 00227.865 00348.751 00153.267 00263.436 00439.885 00498.959 00361.616 00393.699 00677.534 00667.837 00667.347 00579.853 00273.262 00285.287 01796.850 00874.009 00576.475 00335.919 00561.809 00511.379 00218.297 00217.840 00281.492 00383.267 00506.405 00308.980 00159.393 00160.395 00160.929 00160.585 00159.391 00161.472 00158.403 00681.327 00556.733 00447.429 00498.036 00147.958 00135.262
00293.262 00450.482 00519.259 00375.749 00610.136 00285.724 00680.563 00159.857 00158.557 00158.407 00158.475 00158.206 -9999.000 -9999.000 -9999.000 -9999.000 00158.791 00158.639 00157.989 00157.971 00160.807 00283.687 00541.321 00452.353 00414.048 00608.389 00627.379 00464.128 00564.923 00454.132 00218.115 00599.663 00532.564 00317.640 00584.074 00678.927 00394.674 00380.401 00214.781 00456.043 00468.868 00339.653 00718.867 00239.546 01270.827 00549.258 00540.026 00338.530 00425.027 00482.655 00203.640 00525.694 00158.425 00160.815 00160.457 00159.885 00160.398 00160.836 00161.221 00161.069 00602.395 00183.850 00600.307 00150.558 00117.714
00622.008 00390.413 00639.320 00336.033 00454.332 00515.498 00368.437 00159.128 00159.438 00159.785 -9999.000 -9999.0 -9999.0 -9999.0 -9999.0 -9999.0 -9999.000 -9999.000 00157.504 00157.537 00319.762 00338.547 00499.403 00487.832 00642.275 00624.817 00616.363 00584.245 00528.948 00475.909 00315.825 00588.235 00325.751 00446.201 00556.807 00408.149 00322.476 00194.036 00290.755 00456.407 02076.983 01065.230 01627.697 00438.693 00571.728 00397.094 00349.866 00246.006 00557.266 00219.408 00546.690 00398.810 00160.085 00159.878 00157.849 00159.927 00159.115 00160.781 00158.765 00158.418 00360.182 00360.208 00470.648 00146.509 00137.258
00379.940 00580.707 00234.916 00383.188 00229.757 00157.871 00380.620 00158.521 -9999.000 -9999.0 -9999.0 -9999.0 -9999.0 -9999.0 -9999.0 -9999.0 -9999.0 -9999.0 -9999.000 -9999.000 00494.950 00387.585 00296.075 00600.615 00634.545 00614.134 00566.813 00551.313 00504.319 00373.985 00544.561 00373.135 00202.401 00297.573 00218.623 00580.602 00579.764 00220.528 00539.650 00241.003 01316.781 00937.675 02083.155 00611.462 02093.308 00449.618 00360.612 00214.342 00382.578 00313.463 00238.053 00204.434 00157.378 00157.236 00157.222 00158.176 00158.904 00159.630 00159.644 00161.399 00157.934 00570.450 00263.477 00428.747 00149.152
00384.534 00572.525 00289.877 00356.637 00645.484 00157.816 00158.332 -9999.000 -9999.0 -9999.0 -9999.0 -9999.0 -9999.0 -9999.0 -9999.0 -9999.0 -9999.0 -9999.0 -9999.0 -9999.0 00350.747 00301.565 00506.048 00435.999 00191.046 00639.249 00619.763 00553.433 00427.134 00377.495 00600.011 00378.812 00578.005 00284.308 00386.329 00272.851 00559.171 00589.370 00473.328 00823.963 00779.902 00545.670 00742.528 00980.566 01198.654 00415.422 00579.474 00400.150 00277.823 00183.680 00239.241 00231.369 00157.446 00157.588 00157.611 00159.063 00159.338 00159.543 00160.488 00159.428 00161.719 00306.614 00308.998 00481.627 00213.880
00233.346 00190.294 00167.333 00294.407 00274.261 00158.468 -9999.000 -9999.0 -9999.0 -9999.0 -9999.0 -9999.0 -9999.0 -9999.0 -9999.0 -9999.0 -9999.0 -9999.0 -9999.0 -9999.0 -9999.000 00304.851 00220.983 00599.191 00578.953 00324.178 00461.240 00631.383 00594.864 00544.064 00322.876 00157.785 00468.381 00523.395 00523.270 00460.111 00584.146 01497.887 00335.249 00212.549 00392.217 00318.466 00428.265 00868.432 01579.340 00551.604 00196.085 00256.582 00407.142 00188.948 00300.822 00345.807 00359.537 00155.974 00156.459 00158.164 00159.656 00158.168 00158.765 00161.004 00158.795 00157.725 00647.544 00487.260 00514.609
00676.416 00683.191 00159.475 00159.928 00159.112 -9999.000 -9999.0 -9999.0 -9999.0 -9999.0 -9999.0 -9999.0 -9999.0 -9999.0 -9999.0 -9999.0 -9999.0 -9999.0 -9999.0 -9999.0 -9999.0 -9999.000 00208.969 00610.595 00389.122 00425.662 00656.094 00524.507 00633.499 00611.524 00531.848 00109.984 00224.510 00279.557 00171.494 00261.754 00558.318 00175.599 00189.941 00226.013 00391.279 00644.717 00447.303 00601.460 00491.328 00464.516 00374.974 00264.663 00206.952 00220.915 00316.658 00241.794 00146.843 00152.966 00154.090 00324.385 00226.502 00593.452 00229.490 00362.759 00277.478 00159.404 00208.118 00156.634 00639.324
-9999.000 -9999.0 -9999.0 -9999.0 -9999.0 -9999.0 -9999.0 -9999.0 -9999.0 -9999.0 -9999.0 -9999.0 -9999.0 -9999.0 -9999.0 -9999.0 -9999.0 -9999.0 -9999.0 -9999.0 -9999.0 -9999.0 -9999.000 00657.721 00378.474 00587.763 00617.065 00571.582 00445.571 00623.734 00592.443 00506.862 00567.036 00365.281 00612.847 00148.361 00138.936 00098.682 00455.869 00026.745 00649.841 01595.003 00344.306 00532.515 00637.666 00525.588 00268.570 00330.321 00557.398 00565.569 00418.961 00504.302 00148.037 00148.825 00150.768 00290.910 00265.569 00409.243 00232.928 00521.107 00160.413 00158.038 00426.149 00220.435 00550.893
-9999.0 -9999.0 -9999.0 -9999.0 -9999.0 -9999.0 -9999.0 -9999.0 -9999.0 -9999.0 -9999.0 -9999.0 -9999.0 -9999.0 -9999.0 -9999.0 -9999.0 -9999.0 -9999.0 -9999.0 -9999.0 -9999.0 -9999.0 -9999.000 00329.679 00407.798 00649.727 00361.237 00246.480 00646.548 00612.597 00555.685 00538.873 00568.735 00251.545 00123.517 00391.491 00000.226 00357.115 00548.886 00682.691 00875.079 00543.816 00447.202 00524.394 00513.777 00433.348 00529.908 00565.718 00441.837 00258.830 00493.685 00144.179 00147.430 00151.436 00419.535 00378.156 00269.378 00306.107 00254.656 00158.872 00159.685 00168.901 00457.608 00637.400
-9999.0 -9999.0 -9999.0 -9999.0 -9999.0 -9999.0 -9999.0 -9999.0 -9999.0 -9999.0 -9999.0 -9999.0 -9999.0 -9999.0 -9999.0 -9999.0 -9999.0 -9999.0 -9999.0 -9999.0 -9999.0 -9999.0 -9999.0 -9999.0 -9999.000 00578.200 00544.466 00417.460 00429.517 00641.890 00559.735 00433.678 00373.110 00190.934 00139.045 00468.209 00581.466 00436.659 00339.734 00404.761 00556.821 01827.843 01997.926 01735.299 01372.632 01422.995 01287.425 00394.313 00571.079 00565.544 00413.773 00136.465 00143.856 00149.762 00153.389 00163.806 00493.759 00373.871 00660.041 00340.393 00159.664 00161.141 00194.302 00623.255 00161.556
-9999.0 -9999.0 -9999.0 -9999.0 -9999.0 -9999.0 -9999.0 -9999.0 -9999.0 -9999.0 -9999.0 -9999.0 -9999.0 -9999.0 -9999.0 -9999.0 -9999.0 -9999.0 -9999.0 -9999.0 -9999.0 -9999.0 -9999.0 -9999.0 -9999.0 00390.675 00472.997 00427.773 00278.216 00303.041 00158.469 00617.749 00275.439 00201.585 00563.928 00238.126 00589.004 00395.110 00511.372 00160.053 01964.353 01692.306 01446.740 01578.602 00454.614 01228.445 00875.587 00319.007 00382.944 00071.452 00362.334 00133.413 00146.737 00153.382 00154.985 00183.543 00555.580 00193.245 00227.314 00528.204 00158.239 00173.444 00639.884 00156.019 00370.106
-9999.0 -9999.0 -9999.0 -9999.0 -9999.0 -9999.0 -9999.0 -9999.0 -9999.0 -9999.0 -9999.0 -9999.0 -9999.0 -9999.0 -9999.0 -9999.0 -9999.0 -9999.0 -9999.0 -9999.0 -9999.0 -9999.0 -9999.0 -9999.0 -9999.0 -9999.000 00262.397 00159.236 00158.393 00157.069 00156.178 00155.303 00153.196 00418.145 00267.514 00102.055 00359.206 01657.099 01130.738 00932.411 01526.977 02066.287 01503.758 01305.285 01627.245 00858.426 00520.969 01110.553 00328.775 00073.785 00576.462 00140.505 00153.842 00490.231 00388.736 00528.017 00397.785 00538.256 00438.980 00235.140 00198.087 00502.263 00486.056 00642.032 00149.303
