tests/Case_5_FlameLength.asc
NCOLS 354
NROWS 235
XLLCORNER 2900300.000000
YLLCORNER 2159500.000000
CELLSIZE 100.000000
NODATA_VALUE -9999.0
[rows 31 to 61 of 235, columns 68 to 135 of 354]
-9999.0 -9999.0 -9999.0 -9999.0 -9999.0 -9999.0 -9999.0 -9999.0 -9999.0 -9999.0 -9999.0 -9999.0 -9999.0 -9999.0 -9999.0 -9999.0 -9999.0 -9999.0 -9999.0 -9999.0 -9999.0 -9999.0 -9999.0 -9999.0 -9999.0 -9999.0 -9999.0 00.52 00.55 00.60 00.65 00.57 00.32 00.41 00.49 00.46 00.45 00.42 00.39 00.34 00.30 00.33 00.35 00.37 00.58 00.72 00.88 00.75 00.71 00.68 00.65 00.64 -9999.0 -9999.0 -9999.0 -9999.0 -9999.0 -9999.0 -9999.0 -9999.0 -9999.0 -9999.0 00.18 00.35 00.40 00.37 00.34 00.30
-9999.0 -9999.0 -9999.0 -9999.0 -9999.0 -9999.0 -9999.0 -9999.0 -9999.0 -9999.0 -9999.0 -9999.0 -9999.0 -9999.0 -9999.0 -9999.0 -9999.0 -9999.0 -9999.0 -9999.0 -9999.0 -9999.0 -9999.0 -9999.0 -9999.0 -9999.0 00.54 00.61 00.63 00.43 00.39 00.31 00.40 00.42 00.42 00.44 00.46 00.45 00.40 00.39 00.30 00.32 00.39 00.41 00.65 00.64 00.89 01.04 00.83 00.70 00.71 00.66 00.34 -9999.0 -9999.0 -9999.0 -9999.0 -9999.0 -9999.0 -9999.0 -9999.0 -9999.0 00.29 00.34 00.35 00.36 00.32 00.30
-9999.0 -9999.0 -9999.0 -9999.0 -9999.0 -9999.0 -9999.0 -9999.0 -9999.0 -9999.0 -9999.0 -9999.0 -9999.0 -9999.0 -9999.0 -9999.0 -9999.0 -9999.0 -9999.0 -9999.0 -9999.0 -9999.0 -9999.0 -9999.0 -9999.0 00.50 00.59 00.64 00.58 00.34 00.32 00.43 00.44 00.40 00.40 00.43 00.45 00.44 00.42 00.30 00.31 00.36 00.36 00.34 00.63 00.69 00.67 00.85 00.81 00.73 00.70 00.64 00.55 -9999.0 -9999.0 -9999.0 -9999.0 -9999.0 -9999.0 -9999.0 -9999.0 00.39 00.32 00.30 00.31 00.34 00.35 00.33
-9999.0 -9999.0 -9999.0 -9999.0 -9999.0 -9999.0 -9999.0 -9999.0 -9999.0 -9999.0 -9999.0 -9999.0 -9999.0 -9999.0 -9999.0 -9999.0 -9999.0 -9999.0 -9999.0 -9999.0 -9999.0 -9999.0 -9999.0 -9999.0 00.26 00.55 00.55 00.62 00.62 00.61 00.55 00.54 00.40 00.37 00.40 00.41 00.45 00.46 00.40 00.31 00.30 00.36 00.34 00.32 00.62 00.68 00.71 00.67 00.67 00.73 00.67 00.62 00.55 -9999.0 -9999.0 -9999.0 -9999.0 00.50 00.61 00.64 00.64 00.47 00.34 00.31 00.32 00.35 00.37 00.31
-9999.0 -9999.0 -9999.0 -9999.0 -9999.0 -9999.0 -9999.0 -9999.0 -9999.0 -9999.0 -9999.0 -9999.0 -9999.0 -9999.0 -9999.0 -9999.0 -9999.0 -9999.0 -9999.0 -9999.0 -9999.0 -9999.0 -9999.0 -9999.0 00.48 00.59 00.54 00.50 00.57 00.69 00.73 00.56 00.38 00.37 00.37 00.37 00.45 00.40 00.30 00.32 00.34 00.33 00.30 00.32 00.59 00.69 00.66 00.68 00.63 00.61 00.63 00.57 00.51 -9999.0 00.26 00.52 00.63 00.72 00.87 00.94 00.91 00.52 00.37 00.33 00.32 00.32 00.32 00.29
-9999.0 -9999.0 -9999.0 -9999.0 -9999.0 -9999.0 -9999.0 -9999.0 -9999.0 -9999.0 -9999.0 -9999.0 -9999.0 -9999.0 -9999.0 -9999.0 -9999.0 -9999.0 -9999.0 -9999.0 -9999.0 -9999.0 -9999.0 -9999.0 00.47 00.59 00.59 00.44 00.55 00.62 00.67 00.45 00.40 00.45 00.41 00.39 00.33 00.32 00.35 00.38 00.38 00.36 00.35 00.49 00.66 00.64 00.64 00.66 00.64 00.61 00.58 00.54 00.52 00.54 00.55 00.68 00.78 00.83 00.82 00.81 00.79 00.48 00.31 00.31 00.31 00.30 00.30 00.30
-9999.0 -9999.0 -9999.0 -9999.0 -9999.0 -9999.0 -9999.0 -9999.0 -9999.0 -9999.0 -9999.0 -9999.0 -9999.0 -9999.0 -9999.0 -9999.0 -9999.0 -9999.0 -9999.0 -9999.0 00.34 00.45 00.46 -9999.0 00.40 00.53 00.58 00.62 00.70 00.55 00.44 00.43 00.45 00.37 00.32 00.32 00.36 00.35 00.32 00.35 00.38 00.38 00.35 00.36 00.47 00.45 00.49 00.68 00.66 00.62 00.62 00.57 00.57 00.64 00.59 00.67 00.71 00.71 00.77 00.82 00.76 00.48 00.32 00.31 00.31 00.32 00.30 00.30
-9999.0 -9999.0 -9999.0 -9999.0 -9999.0 -9999.0 -9999.0 -9999.0 -9999.0 -9999.0 -9999.0 -9999.0 -9999.0 -9999.0 -9999.0 -9999.0 00.21 00.35 -9999.0 00.36 00.71 00.77 00.64 00.56 00.52 00.63 00.54 00.65 00.72 00.39 00.41 00.43 00.47 00.47 00.40 00.39 00.39 00.32 00.27 00.29 00.31 00.32 00.32 00.34 00.39 00.47 00.45 00.65 00.69 00.76 00.65 00.60 00.57 00.65 00.59 00.67 00.70 00.75 00.84 00.89 00.79 00.49 00.35 00.32 00.32 00.31 00.26 00.18
-9999.0 -9999.0 -9999.0 -9999.0 -9999.0 -9999.0 -9999.0 -9999.0 -9999.0 -9999.0 -9999.0 -9999.0 -9999.0 -9999.0 -9999.0 00.32 00.40 00.62 00.51 00.55 00.66 00.72 00.66 00.56 00.52 00.55 00.62 00.69 00.51 00.35 00.42 00.49 00.55 00.51 00.37 00.36 00.27 00.24 00.19 00.22 00.28 00.20 00.15 00.13 00.28 00.28 00.41 00.60 00.62 00.66 00.62 00.57 00.64 00.54 00.58 00.68 00.73 00.83 00.93 00.91 00.74 00.48 00.32 00.30 00.27 00.20 00.24 00.34
-9999.0 -9999.0 -9999.0 -9999.0 -9999.0 -9999.0 -9999.0 -9999.0 -9999.0 -9999.0 -9999.0 -9999.0 -9999.0 -9999.0 -9999.0 00.36 00.48 00.52 00.42 00.34 00.32 00.34 00.31 00.29 00.33 00.35 00.32 00.30 00.36 00.54 00.64 00.66 00.48 00.43 00.29 00.13 00.23 00.30 00.34 00.33 00.28 00.32 00.37 00.37 00.39 00.50 00.50 00.59 00.60 00.66 00.59 00.50 00.72 00.56 00.62 00.67 00.73 00.81 00.88 00.90 00.62 00.53 00.35 00.27 00.15 00.29 00.34 00.39
-9999.0 -9999.0 -9999.0 -9999.0 -9999.0 -9999.0 -9999.0 -9999.0 -9999.0 -9999.0 -9999.0 -9999.0 -9999.0 -9999.0 00.24 00.43 00.52 00.46 00.45 00.45 00.44 00.42 00.37 00.35 00.38 00.43 00.41 00.37 00.34 00.64 00.63 00.59 00.40 00.34 00.23 00.37 00.45 00.46 00.42 00.41 00.37 00.40 00.46 00.46 00.46 00.51 00.50 00.33 00.54 00.61 00.56 00.48 00.55 00.60 00.70 00.72 00.72 00.79 00.74 00.91 00.64 00.54 00.31 00.21 00.30 00.34 00.36 00.40
-9999.0 -9999.0 -9999.0 -9999.0 -9999.0 -9999.0 -9999.0 -9999.0 -9999.0 -9999.0 00.23 00.28 00.28 00.24 00.28 00.40 00.44 00.45 00.46 00.46 00.50 00.40 00.39 00.39 00.40 00.40 00.45 00.43 00.40 00.43 00.33 00.36 00.39 00.32 00.33 00.47 00.52 00.55 00.47 00.39 00.34 00.43 00.83 00.78 00.51 00.71 00.64 00.49 00.25 00.45 00.55 00.48 00.52 00.60 00.75 00.83 00.90 00.79 00.69 00.60 00.58 00.56 00.27 00.26 00.33 00.36 00.37 00.33
-9999.0 -9999.0 -9999.0 -9999.0 -9999.0 -9999.0 -9999.0 00.18 00.26 00.30 00.34 00.37 00.40 00.35 00.29 00.32 00.42 00.44 00.47 00.54 00.51 00.38 00.41 00.45 00.42 00.38 00.50 00.49 00.43 00.34 00.30 00.36 00.38 00.32 00.27 00.42 00.50 00.54 00.49 00.36 00.47 00.39 00.87 00.71 00.58 00.75 00.74 00.62 00.54 00.44 00.41 00.42 00.48 00.54 00.60 00.72 00.77 00.70 00.62 00.49 00.46 00.48 00.21 00.33 00.34 00.35 00.36 00.36
-9999.0 -9999.0 -9999.0 -9999.0 -9999.0 -9999.0 00.45 00.32 00.35 00.34 00.36 00.50 00.54 00.39 00.31 00.31 00.31 00.40 00.47 00.54 00.50 00.39 00.45 00.44 00.39 00.39 00.55 00.54 00.44 00.35 00.29 00.33 00.35 00.35 00.07 00.39 00.46 00.47 00.49 00.38 00.43 00.40 00.61 00.75 00.70 00.74 00.71 00.69 00.63 00.54 00.51 00.54 00.38 00.21 00.51 00.64 00.68 00.67 00.61 00.46 00.32 00.46 00.31 00.35 00.34 00.34 00.41 00.49
-9999.0 -9999.0 -9999.0 -9999.0 -9999.0 00.29 00.55 00.44 00.43 00.39 00.35 00.37 00.65 00.61 00.71 00.63 00.57 00.53 00.60 00.36 00.33 00.35 00.40 00.35 00.40 00.49 00.55 00.51 00.45 00.39 00.34 00.30 00.33 00.31 00.18 00.31 00.39 00.42 00.56 00.43 00.39 00.46 00.43 00.49 00.72 00.79 00.85 00.73 00.69 00.61 00.67 00.49 00.64 00.66 00.49 00.51 00.72 00.40 00.29 00.14 00.30 00.35 00.33 00.35 00.37 00.42 00.46 00.48
-9999.0 -9999.0 -9999.0 -9999.0 -9999.0 00.56 00.63 00.47 00.48 00.39 00.37 00.45 00.62 00.61 00.81 00.88 00.75 00.65 00.67 00.47 00.40 00.42 00.49 00.29 00.41 00.56 00.54 00.50 00.43 00.40 00.36 00.36 00.29 00.32 00.29 00.22 00.35 00.39 00.55 00.48 00.39 00.63 00.70 00.60 00.97 00.84 00.86 00.76 00.76 00.70 00.71 00.74 00.78 00.81 00.71 00.41 00.28 00.29 00.17 00.34 00.38 00.42 00.33 00.44 00.58 00.56 00.43 00.44
00.44 -9999.0 -9999.0 -9999.0 -9999.0 00.49 00.56 00.70 00.66 00.35 00.30 00.35 00.36 00.35 00.41 00.52 00.62 00.58 00.46 00.59 00.67 00.57 00.67 00.70 00.54 00.47 00.49 00.49 00.42 00.37 00.30 00.27 00.26 00.24 00.29 00.22 00.34 00.38 00.43 00.78 00.80 01.48 00.94 00.72 00.67 00.65 00.61 00.50 00.43 00.90 01.02 00.95 00.92 00.70 00.71 00.72 00.67 00.27 00.15 00.34 00.38 00.53 00.67 01.02 01.26 01.28 00.95 00.83
00.55 -9999.0 -9999.0 -9999.0 -9999.0 00.39 00.51 00.66 00.67 00.41 00.40 00.38 00.35 00.34 00.35 00.41 00.61 00.64 00.44 00.64 00.53 00.50 00.64 00.71 00.70 00.57 00.26 00.20 00.11 00.17 00.17 00.30 00.29 00.24 00.23 00.21 00.36 00.42 00.45 00.70 00.84 01.37 00.89 00.76 00.59 00.61 00.56 00.49 00.32 00.96 00.68 00.77 00.78 00.82 00.86 00.80 00.67 00.34 00.31 00.33 00.37 00.39 00.87 01.18 01.27 01.03 00.96 01.20
00.63 00.51 00.13 00.38 00.48 00.52 00.63 00.71 00.67 00.44 00.47 00.49 00.44 00.38 00.37 00.37 00.40 00.45 00.39 00.66 00.52 00.61 00.56 00.59 00.64 00.51 00.53 00.36 00.34 00.38 00.30 00.40 00.36 00.39 00.41 00.23 00.35 00.39 00.48 00.57 00.81 00.88 00.62 00.67 00.58 00.46 00.47 00.49 00.31 00.63 00.75 00.97 01.01 01.04 00.94 01.01 00.99 00.80 00.39 00.36 00.34 00.50 01.01 01.25 01.05 00.86 00.91 00.92
00.74 00.63 00.58 00.54 00.51 00.52 00.52 00.53 00.66 00.68 00.71 00.72 00.44 00.38 00.36 00.35 00.34 00.33 00.36 00.68 00.48 00.68 00.56 00.54 00.55 00.34 00.54 00.70 00.85 00.67 00.57 00.63 00.48 00.46 00.69 00.83 00.54 00.40 00.58 00.57 00.70 00.88 -9999.00 -9999.00 -9999.0 -9999.0 -9999.0 -9999.00 -9999.00 00.61 00.64 00.61 00.77 00.89 00.90 00.87 00.94 01.19 00.65 00.75 00.69 00.92 01.39 01.19 00.93 00.92 00.84 00.76
00.84 00.73 00.78 00.76 00.70 00.66 00.63 00.56 00.55 00.53 00.66 00.71 00.45 00.44 00.38 00.34 00.33 00.30 00.36 00.55 00.55 00.66 00.61 00.52 00.50 00.11 00.52 00.61 00.80 00.92 00.75 00.62 00.58 00.57 00.77 00.89 00.54 00.51 00.61 00.62 00.65 -9999.0 -9999.0 -9999.0 -9999.0 -9999.0 -9999.0 -9999.0 -9999.0 -9999.0 -9999.00 -9999.00 -9999.00 00.54 00.52 00.54 00.71 00.73 00.61 00.77 00.97 01.52 01.66 01.26 00.87 00.83 00.94 00.69
00.77 00.80 00.69 00.67 00.70 00.83 00.83 00.71 00.63 00.61 00.64 00.62 00.56 00.56 00.58 00.60 00.62 00.57 00.57 00.47 00.57 00.67 00.59 00.59 00.49 00.28 00.48 00.53 00.80 00.89 00.71 00.68 00.70 00.65 00.74 00.61 00.56 00.46 00.47 00.64 -9999.00 -9999.0 -9999.0 -9999.0 -9999.0 -9999.0 -9999.0 -9999.0 -9999.0 -9999.0 -9999.0 -9999.0 -9999.0 -9999.0 -9999.0 -9999.00 -9999.00 -9999.00 00.53 00.70 00.97 01.40 01.39 01.36 00.62 00.52 00.55 -9999.00
00.72 00.73 00.62 00.55 00.60 00.72 00.78 00.80 00.93 00.93 00.91 00.81 00.75 00.80 00.76 00.78 00.55 00.59 00.51 00.47 00.42 00.46 00.47 00.52 00.53 00.35 00.46 00.53 00.69 00.95 01.00 00.94 00.74 00.66 00.61 00.62 00.66 00.39 00.41 -9999.00 -9999.0 -9999.0 -9999.0 -9999.0 -9999.0 -9999.0 -9999.0 -9999.0 -9999.0 -9999.0 -9999.0 -9999.0 -9999.0 -9999.0 -9999.0 -9999.0 -9999.0 -9999.0 -9999.0 -9999.0 -9999.00 -9999.00 -9999.00 -9999.0 -9999.0 -9999.0 -9999.0 -9999.0
00.67 00.73 00.62 00.58 00.50 00.61 00.59 00.67 00.86 00.92 00.78 00.76 00.72 00.79 00.78 00.70 00.36 00.26 00.29 00.43 00.50 00.46 00.43 00.11 00.42 00.34 00.53 00.54 00.63 00.87 01.38 01.40 00.98 00.74 00.60 00.57 00.64 00.38 -9999.00 -9999.0 -9999.0 -9999.0 -9999.0 -9999.0 -9999.0 -9999.0 -9999.0 -9999.0 -9999.0 -9999.0 -9999.0 -9999.0 -9999.0 -9999.0 -9999.0 -9999.0 -9999.0 -9999.0 -9999.0 -9999.0 -9999.0 -9999.0 -9999.0 -9999.0 -9999.0 -9999.0 -9999.0 -9999.0
00.57 00.72 00.69 00.63 00.52 00.56 00.55 00.59 00.67 00.68 00.65 00.56 00.50 00.54 00.33 00.34 00.46 00.48 00.51 00.53 00.56 00.56 00.55 00.56 00.41 00.52 00.55 00.58 00.66 00.70 01.05 01.22 00.95 00.75 -9999.00 -9999.00 -9999.00 -9999.00 -9999.0 -9999.0 -9999.0 -9999.0 -9999.0 -9999.0 -9999.0 -9999.0 -9999.0 -9999.0 -9999.0 -9999.0 -9999.0 -9999.0 -9999.0 -9999.0 -9999.0 -9999.0 -9999.0 -9999.0 -9999.0 -9999.0 -9999.0 -9999.0 -9999.0 -9999.0 -9999.0 -9999.0 -9999.0 -9999.0
00.57 00.65 00.68 00.64 00.54 00.60 00.58 00.69 00.61 00.32 00.28 00.38 00.37 00.42 00.46 00.51 00.55 00.57 00.59 00.58 00.57 00.59 00.59 00.55 00.49 00.54 00.53 00.64 00.66 -9999.00 -9999.0 -9999.0 -9999.0 -9999.0 -9999.0 -9999.0 -9999.0 -9999.0 -9999.0 -9999.0 -9999.0 -9999.0 -9999.0 -9999.0 -9999.0 -9999.0 -9999.0 -9999.0 -9999.0 -9999.0 -9999.0 -9999.0 -9999.0 -9999.0 -9999.0 -9999.0 -9999.0 -9999.0 -9999.0 -9999.0 -9999.0 -9999.0 -9999.0 -9999.0 -9999.0 -9999.0 -9999.0 -9999.0
00.50 00.54 00.61 00.57 00.51 00.61 00.62 00.65 00.48 02.50 02.61 02.71 02.67 02.79 02.87 03.06 03.07 03.04 02.96 02.89 03.06 03.84 00.69 00.53 00.57 00.61 00.61 00.64 -9999.00 -9999.0 -9999.0 -9999.0 -9999.0 -9999.0 -9999.0 -9999.0 -9999.0 -9999.0 -9999.0 -9999.0 -9999.0 -9999.0 -9999.0 -9999.0 -9999.0 -9999.0 -9999.0 -9999.0 -9999.0 -9999.0 -9999.0 -9999.0 -9999.0 -9999.0 -9999.0 -9999.0 -9999.0 -9999.0 -9999.0 -9999.0 -9999.0 -9999.0 -9999.0 -9999.0 -9999.0 -9999.0 -9999.0 -9999.0
00.31 00.42 00.46 00.58 00.59 00.61 00.62 00.62 00.36 02.55 02.65 02.74 02.73 02.78 02.87 02.92 02.74 02.85 03.61 04.18 03.42 02.95 00.59 00.62 00.67 00.68 00.69 -9999.00 -9999.0 -9999.0 -9999.0 -9999.0 -9999.0 -9999.0 -9999.0 -9999.0 -9999.0 -9999.0 -9999.0 -9999.0 -9999.0 -9999.0 -9999.0 -9999.0 -9999.0 -9999.0 -9999.0 -9999.0 -9999.0 -9999.0 -9999.0 -9999.0 -9999.0 -9999.0 -9999.0 -9999.0 -9999.0 -9999.0 -9999.0 -9999.0 -9999.0 -9999.0 -9999.0 -9999.0 -9999.0 -9999.0 -9999.0 -9999.0
00.51 00.45 00.28 00.39 00.52 00.50 00.50 00.55 00.30 02.63 02.65 02.76 02.87 03.14 03.46 03.61 03.93 02.88 04.32 05.68 03.30 02.45 00.68 00.68 00.67 -9999.00 -9999.00 -9999.0 -9999.0 -9999.0 -9999.0 -9999.0 -9999.0 -9999.0 -9999.0 -9999.0 -9999.0 -9999.0 -9999.0 -9999.0 -9999.0 -9999.0 -9999.0 -9999.0 -9999.0 -9999.0 -9999.0 -9999.0 -9999.0 -9999.0 -9999.0 -9999.0 -9999.0 -9999.0 -9999.0 -9999.0 -9999.0 -9999.0 -9999.0 -9999.0 -9999.0 -9999.0 -9999.0 -9999.0 -9999.0 -9999.0 -9999.0 -9999.0
00.41 00.32 00.53 00.41 00.19 00.27 00.44 00.26 00.23 02.65 02.73 02.86 03.11 03.23 03.40 03.81 04.42 00.85 00.82 00.94 00.90 00.90 00.93 -9999.00 -9999.00 -9999.0 -9999.0 -9999.0 -9999.0 -9999.0 -9999.0 -9999.0 -9999.0 -9999.0 -9999.0 -9999.0 -9999.0 -9999.0 -9999.0 -9999.0 -9999.0 -9999.0 -9999.0 -9999.0 -9999.0 -9999.0 -9999.0 -9999.0 -9999.0 -9999.0 -9999.0 -9999.0 -9999.0 -9999.0 -9999.0 -9999.0 -9999.0 -9999.0 -9999.0 -9999.0 -9999.0 -9999.0 -9999.0 -9999.0 -9999.0 -9999.0 -9999.0 -9999.0
00.41 00.45 00.74 00.61 00.55 00.55 00.53 00.23 00.21 02.47 02.88 03.20 03.23 03.42 05.02 04.36 04.30 00.82 00.81 00.85 00.85 -9999.00 -9999.00 -9999.0 -9999.0 -9999.0 -9999.0 -9999.0 -9999.0 -9999.0 -9999.0 -9999.0 -9999.0 -9999.0 -9999.0 -9999.0 -9999.0 -9999.0 -9999.0 -9999.0 -9999.0 -9999.0 -9999.0 -9999.0 -9999.0 -9999.0 -9999.0 -9999.0 -9999.0 -9999.0 -9999.0 -9999.0 -9999.0 -9999.0 -9999.0 -9999.0 -9999.0 -9999.0 -9999.0 -9999.0 -9999.0 -9999.0 -9999.0 -9999.0 -9999.0 -9999.0 -9999.0 -9999.0
