tests/Case_4_ArrivalTime.asc
NCOLS 245
NROWS 163
XLLCORNER 4208400.000000
YLLCORNER 1880200.000000
CELLSIZE 100.000000
NODATA_VALUE -9999.0
[rows 60 to 89 of 163, columns 67 to 133 of 245]
-9999.0 -9999.0 -9999.0 -9999.0 04833.469 04724.398 04644.511 04572.920 04496.667 04361.542 03293.218 03160.157 03089.551 03070.183 03074.301 03119.606 03183.039 03269.113 03359.115 04241.548 03236.184 03029.180 02762.688 01773.998 01640.892 01483.731 00522.901 00368.407 00307.651 00254.411 00204.028 00167.371 00167.217 00164.226 00191.423 00187.857 00158.786 00111.848 00058.557 00013.147 0.0 0.0 0.0 0.0 0.0 0.0 0.0 0.0 0.0 0.0 0.0 0.0 0.0 0.0 0.0 0.0 0.0 0.0 0.0 0.0 0.0 0.0 0.0 0.0 0.0 0.0 00000.000
-9999.0 -9999.0 -9999.0 -9999.0 04785.605 04696.557 04616.856 04539.795 04429.800 03369.298 03180.139 03017.304 02909.250 02887.704 02917.584 03021.396 03134.508 03206.442 03222.928 03248.559 03181.421 02974.998 01896.176 01743.426 01611.268 01445.895 00475.691 00346.179 00290.771 00237.933 00186.894 00151.832 00142.799 00139.436 00163.472 00173.439 00142.690 00118.412 00077.091 00011.539 0.0 0.0 0.0 0.0 0.0 0.0 0.0 0.0 0.0 0.0 0.0 0.0 0.0 0.0 0.0 0.0 0.0 0.0 0.0 0.0 0.0 0.0 0.0 0.0 0.0 00000.000 00000.000
-9999.0 -9999.0 -9999.0 -9999.0 04786.302 04695.308 04617.955 04539.680 04421.942 03335.804 03127.192 02900.287 02042.076 01986.342 02847.927 02995.101 03055.549 03060.046 03081.741 03120.165 03137.451 02931.310 01858.263 01713.489 01572.985 01396.020 00434.443 00331.912 00277.279 00224.996 00176.253 00143.131 00127.854 00125.092 00150.380 00167.049 00131.391 00100.916 00077.527 00000.000 0.0 0.0 0.0 0.0 0.0 0.0 0.0 0.0 0.0 0.0 0.0 0.0 0.0 0.0 0.0 0.0 0.0 0.0 0.0 0.0 0.0 0.0 0.0 0.0 0.0 00000.000 00126.163
-9999.0 -9999.0 -9999.0 04768.149 04692.870 04618.178 04554.716 04484.855 04377.195 03347.816 03134.561 02922.074 01950.333 01925.511 02813.532 02896.595 02874.959 02889.394 02926.153 02986.748 03082.793 02893.763 01833.843 01692.205 01545.345 01351.701 00406.526 00321.158 00267.213 00215.690 00169.394 00134.866 00119.277 00115.465 00138.604 00144.100 00126.159 00089.380 00060.207 00000.000 0.0 0.0 0.0 0.0 0.0 0.0 0.0 0.0 0.0 0.0 0.0 0.0 0.0 0.0 0.0 0.0 0.0 0.0 0.0 0.0 0.0 0.0 0.0 0.0 00000.000 00111.058 00100.564
-9999.0 -9999.0 04765.332 04685.415 04610.006 04539.424 04457.404 04330.316 03288.630 03214.207 03131.174 02924.298 01903.583 01881.650 01886.471 01856.700 01851.071 01874.245 01919.800 02874.726 02987.183 02868.732 01818.931 01678.753 01527.739 00569.305 00391.420 00316.261 00263.354 00212.744 00165.873 00128.098 00111.444 00106.214 00120.292 00119.173 00114.908 00085.323 00046.479 00000.000 0.0 0.0 0.0 0.0 0.0 0.0 0.0 0.0 0.0 0.0 0.0 0.0 0.0 0.0 0.0 0.0 0.0 0.0 0.0 0.0 0.0 0.0 0.0 00000.000 00000.000 00089.198 00077.573
-9999.0 04832.062 04722.745 04638.101 04553.049 04445.198 04302.495 03275.180 03139.869 03050.070 03023.978 02875.093 01864.038 01837.055 01812.643 01794.705 01783.416 01796.089 01852.933 01928.919 02881.860 02872.435 01821.381 01681.794 01534.038 00580.832 00399.542 00319.791 00267.365 00217.024 00169.164 00126.303 00105.261 00097.111 00098.744 00093.910 00097.336 00073.681 00017.409 0.0 0.0 0.0 0.0 0.0 0.0 0.0 0.0 0.0 0.0 0.0 0.0 0.0 0.0 0.0 0.0 0.0 0.0 0.0 0.0 0.0 0.0 00000.000 00000.000 00075.592 00071.054 00063.707 00054.827
-9999.0 04772.240 04695.479 04607.789 04522.309 04386.421 03341.786 03154.499 03000.935 02862.359 02828.659 01906.920 01825.739 01798.953 01777.126 01761.430 01749.180 01757.076 01797.828 01855.126 01938.751 02881.665 01829.125 01693.101 01551.628 01377.264 00418.157 00329.820 00280.841 00233.967 00189.188 00139.533 00108.342 00087.854 00076.916 00068.215 00070.807 00060.206 00000.000 0.0 0.0 0.0 0.0 0.0 0.0 0.0 0.0 0.0 0.0 0.0 0.0 0.0 0.0 0.0 0.0 0.0 0.0 0.0 0.0 0.0 0.0 00000.000 00095.402 00062.611 00046.329 00017.506 00011.793
04797.650 04706.804 04623.193 04541.150 04445.172 04314.330 03267.035 03085.677 02900.929 01888.003 01851.677 01819.268 01790.320 01766.211 01744.337 01728.323 01717.456 01731.544 01775.370 01819.110 01878.708 02799.246 01807.327 01686.249 01560.616 01405.179 00450.114 00346.347 00308.004 00253.631 00200.515 00165.732 00123.578 00082.023 00065.134 00055.399 00055.088 00046.447 0.0 0.0 0.0 0.0 0.0 0.0 0.0 0.0 0.0 0.0 0.0 0.0 0.0 0.0 0.0 0.0 0.0 0.0 0.0 0.0 0.0 0.0 00000.000 00088.400 00082.607 00052.964 00013.133 00000.000 0.0
04752.304 04667.409 04581.426 04491.655 04335.932 03248.978 03134.970 03039.790 02848.709 01854.825 01818.855 01785.614 01758.790 01734.026 01711.710 01695.323 01684.895 01696.825 01735.517 01776.949 01826.493 01892.979 01750.603 01625.919 01473.786 00458.457 00349.312 00302.813 00257.210 00205.829 00173.879 00150.928 00127.312 00081.617 00059.894 00048.956 00044.392 00000.000 0.0 0.0 0.0 0.0 0.0 0.0 0.0 0.0 0.0 0.0 0.0 0.0 0.0 0.0 0.0 0.0 0.0 0.0 0.0 0.0 0.0 0.0 00000.000 00063.489 00059.544 00049.067 00000.000 0.0 0.0
04683.028 04635.854 04552.197 04440.857 03377.772 03164.452 02971.568 02877.438 02826.495 01823.248 01788.166 01756.165 01727.617 01702.029 01679.328 01662.346 01651.846 01666.863 01706.617 01747.152 01788.524 01841.609 01707.943 01571.026 01389.765 00389.466 00316.268 00262.065 00209.015 00172.365 00151.336 00136.156 00112.855 00090.143 00061.089 00021.564 00013.585 0.0 0.0 0.0 0.0 0.0 0.0 0.0 0.0 0.0 0.0 0.0 0.0 0.0 0.0 0.0 0.0 0.0 0.0 0.0 0.0 0.0 0.0 0.0 0.0 00017.409 00015.944 00000.000 0.0 0.0 0.0
04622.478 04567.424 04513.368 04411.229 03316.698 03112.803 02893.132 01874.217 01830.335 01793.626 01760.311 01727.714 01696.607 01670.524 01647.044 01629.215 01617.072 01634.335 01675.802 01717.529 01757.872 01799.387 01685.816 01538.102 00518.283 00354.977 00298.616 00244.860 00192.884 00167.218 00147.576 00127.402 00108.055 00088.681 00070.177 00018.051 00000.000 0.0 0.0 0.0 0.0 0.0 0.0 0.0 0.0 0.0 0.0 0.0 0.0 0.0 0.0 0.0 0.0 0.0 0.0 0.0 0.0 0.0 0.0 0.0 0.0 00000.000 00000.000 0.0 0.0 0.0 0.0
04615.718 04563.815 04512.865 04418.608 03294.035 03087.724 02857.786 01848.859 01805.909 01767.280 01733.562 01699.915 01667.652 01639.457 01612.835 01588.693 01575.320 01595.281 01644.434 01683.138 01722.652 01748.291 01673.649 01532.250 00510.644 00352.886 00297.219 00243.442 00195.326 00176.477 00156.965 00137.490 00117.977 00097.919 00077.155 00056.918 00000.000 0.0 0.0 0.0 0.0 0.0 0.0 0.0 0.0 0.0 0.0 0.0 0.0 0.0 0.0 0.0 0.0 0.0 0.0 0.0 0.0 0.0 0.0 0.0 0.0 0.0 0.0 0.0 0.0 0.0 0.0
04627.878 04591.525 04527.158 04398.708 03285.621 03077.699 02838.239 01826.529 01784.180 01745.591 01707.737 01673.399 01639.783 01604.661 01572.918 01545.979 01531.728 01544.326 01604.147 01653.024 01695.512 01657.751 01566.077 01483.569 00538.657 00366.531 00314.894 00268.089 00215.537 00188.630 00172.394 00153.595 00134.923 00124.863 00118.925 00076.308 00000.000 0.0 0.0 0.0 0.0 0.0 0.0 0.0 0.0 0.0 0.0 0.0 0.0 0.0 0.0 0.0 0.0 0.0 0.0 0.0 0.0 0.0 0.0 0.0 0.0 0.0 0.0 0.0 0.0 0.0 0.0
04654.303 04594.813 04522.428 04379.229 03267.039 03056.102 02763.207 01806.116 01764.690 01725.102 01686.500 01647.773 01610.619 01569.787 01533.444 01502.655 01485.884 01510.674 01578.740 01631.970 01669.421 01572.650 01439.206 00536.045 00469.013 00424.477 00326.248 00275.616 00227.365 00201.655 00189.235 00175.350 00162.178 00153.381 00120.476 00078.125 00000.000 0.0 0.0 0.0 0.0 0.0 0.0 0.0 0.0 0.0 0.0 0.0 0.0 0.0 0.0 0.0 0.0 0.0 0.0 0.0 0.0 0.0 0.0 0.0 0.0 0.0 0.0 0.0 0.0 0.0 0.0
04648.599 04586.381 04512.583 04353.868 03239.056 03030.302 01901.412 01789.944 01746.591 01706.303 01666.514 01626.632 01579.904 01536.399 01495.016 01461.359 01441.389 01456.078 01529.575 01596.777 01600.575 01488.061 00541.922 00406.341 00359.287 00337.429 00316.007 00287.274 00237.425 00216.254 00205.238 00195.234 00177.246 00156.076 00122.949 00080.784 00000.000 0.0 0.0 0.0 0.0 0.0 0.0 0.0 0.0 0.0 0.0 0.0 0.0 0.0 0.0 0.0 0.0 0.0 0.0 0.0 0.0 0.0 0.0 0.0 0.0 0.0 0.0 0.0 0.0 0.0 0.0
-9999.0 -9999.0 04502.064 04336.082 03220.145 03011.510 01884.373 01777.054 01733.329 01690.558 01647.785 01604.090 01555.238 01506.554 01460.870 01419.884 01389.540 01445.652 01514.314 01526.452 01465.153 01382.066 00452.656 00340.890 00314.438 00294.677 00275.472 00257.949 00244.887 00232.829 00215.720 00209.674 00184.989 00163.569 00125.706 00083.388 00000.000 0.0 0.0 0.0 0.0 0.0 0.0 0.0 0.0 0.0 0.0 0.0 0.0 0.0 0.0 0.0 0.0 0.0 0.0 0.0 0.0 0.0 0.0 0.0 0.0 0.0 0.0 0.0 0.0 0.0 0.0
-9999.0 -9999.0 04474.879 04299.107 03190.710 02984.246 01864.596 01771.624 01721.944 01678.124 01634.710 01585.888 01533.928 01482.448 01431.695 01381.260 01333.214 01391.346 01420.665 01376.650 00513.386 00446.359 00392.404 00334.627 00315.389 00296.303 00277.457 00259.105 00240.953 00222.345 00203.790 00181.291 00163.132 00143.961 00125.177 00086.291 00000.000 0.0 0.0 0.0 0.0 0.0 0.0 0.0 0.0 0.0 0.0 0.0 0.0 0.0 0.0 0.0 0.0 0.0 0.0 0.0 0.0 0.0 0.0 0.0 0.0 0.0 0.0 0.0 0.0 0.0 0.0
-9999.0 -9999.0 04470.645 04305.409 03210.067 03015.106 01901.361 01812.463 01748.583 01668.630 01623.633 01572.173 01519.759 01466.156 01410.804 01348.768 00654.903 00588.556 00555.213 00509.703 00452.527 00397.097 00354.064 00335.140 00316.703 00298.483 00280.733 00263.516 00260.369 00251.226 00235.530 00176.520 00144.636 00124.896 00107.064 00083.520 00000.000 0.0 0.0 0.0 0.0 0.0 0.0 0.0 0.0 0.0 0.0 0.0 0.0 0.0 0.0 0.0 0.0 0.0 0.0 0.0 0.0 0.0 0.0 0.0 0.0 0.0 0.0 0.0 0.0 0.0 0.0
-9999.0 -9999.0 04491.353 04341.897 03261.828 03094.284 02945.365 01895.960 01736.598 01660.516 01614.747 01563.357 01510.548 01455.799 01398.895 01325.606 00630.948 00582.889 00553.131 00507.216 00453.822 00402.639 00357.887 00339.818 00322.091 00304.285 00293.822 00287.096 00292.975 00255.334 00210.478 00169.106 00133.566 00105.868 00087.904 00068.671 00000.000 0.0 0.0 0.0 0.0 0.0 0.0 0.0 0.0 0.0 0.0 0.0 0.0 0.0 0.0 0.0 0.0 0.0 0.0 0.0 0.0 0.0 0.0 0.0 0.0 0.0 0.0 0.0 0.0 0.0 0.0
-9999.0 -9999.0 04520.570 04393.956 03352.041 03208.793 02983.440 01900.648 01745.531 01659.569 01615.475 01564.463 01506.191 01451.850 01395.181 01317.804 00628.757 00586.316 00556.794 00517.375 00465.639 00417.030 00371.921 00346.869 00329.758 00309.513 00289.749 00270.979 00253.661 00217.947 00174.979 00154.609 00126.119 00090.731 00068.920 00049.626 00000.000 0.0 0.0 0.0 0.0 0.0 0.0 0.0 0.0 0.0 0.0 0.0 0.0 0.0 0.0 0.0 0.0 0.0 0.0 0.0 0.0 0.0 0.0 0.0 0.0 0.0 0.0 0.0 0.0 0.0 0.0
-9999.0 -9999.0 -9999.0 -9999.0 -9999.0 -9999.0 -9999.0 01808.386 01759.624 01697.994 01658.727 01609.212 01508.657 01454.995 01403.082 01344.481 01283.888 01394.642 01396.653 00533.804 00479.495 00425.289 00372.365 00343.820 00329.103 00317.477 00310.114 00299.598 00257.018 00206.492 00160.279 00135.381 00117.455 00083.876 00061.063 00020.104 00000.000 0.0 0.0 0.0 0.0 0.0 0.0 0.0 0.0 0.0 0.0 0.0 0.0 0.0 0.0 0.0 0.0 0.0 0.0 0.0 0.0 0.0 0.0 0.0 0.0 0.0 0.0 0.0 0.0 0.0 0.0
-9999.0 -9999.0 -9999.0 -9999.0 -9999.0 -9999.0 -9999.0 01816.673 01777.567 01782.617 01740.669 01617.447 01518.631 01469.172 01421.202 01375.358 01355.028 01385.253 01423.678 00538.450 00483.851 00426.977 00387.919 00358.966 00347.144 00339.120 00343.173 00310.429 00258.379 00208.131 00160.854 00115.787 00097.217 00085.333 00058.562 00017.451 0.0 0.0 0.0 0.0 0.0 0.0 0.0 0.0 0.0 0.0 0.0 0.0 0.0 0.0 0.0 0.0 0.0 0.0 0.0 0.0 0.0 0.0 0.0 0.0 0.0 0.0 0.0 0.0 0.0 0.0 0.0
03252.666 03188.598 03138.021 03099.839 -9999.0 -9999.0 -9999.0 01833.719 01807.271 01817.023 01761.551 01627.025 01533.121 01488.208 01445.410 01406.037 01393.661 01421.572 01464.883 01374.333 00544.861 00496.987 00417.817 00390.959 00393.094 00377.531 00379.331 00312.091 00260.172 00209.967 00162.084 00120.191 00090.864 00072.921 00056.037 00014.888 0.0 0.0 0.0 0.0 0.0 0.0 0.0 0.0 0.0 0.0 0.0 0.0 0.0 0.0 0.0 0.0 0.0 0.0 0.0 0.0 0.0 0.0 0.0 0.0 0.0 0.0 0.0 0.0 0.0 0.0 0.0
03234.642 03162.535 03094.053 03026.390 -9999.0 -9999.0 -9999.0 01855.580 01833.765 01840.792 01769.949 01634.335 01553.091 01510.579 01472.882 01439.466 01429.289 01453.280 01518.349 01496.391 01440.390 00553.979 00449.152 00430.367 00440.589 00476.020 00390.510 00317.739 00266.728 00216.917 00166.955 00121.885 00090.592 00071.924 00053.443 00012.315 0.0 0.0 0.0 0.0 0.0 0.0 0.0 0.0 0.0 0.0 0.0 0.0 0.0 0.0 0.0 0.0 0.0 0.0 0.0 0.0 0.0 0.0 0.0 0.0 0.0 0.0 0.0 0.0 0.0 0.0 0.0
03224.262 03145.851 03070.731 02972.763 -9999.0 -9999.0 -9999.0 01879.374 01862.244 01883.964 01784.414 01648.406 01575.049 01537.012 01502.282 01474.357 01463.109 01483.120 01543.276 01607.281 01547.457 01359.627 00484.582 00468.012 00492.332 00530.424 00415.077 00331.985 00282.766 00233.141 00182.092 00130.208 00096.660 00072.175 00052.956 00000.000 0.0 0.0 0.0 0.0 0.0 0.0 0.0 0.0 0.0 0.0 0.0 0.0 0.0 0.0 0.0 0.0 0.0 0.0 0.0 0.0 0.0 0.0 0.0 0.0 0.0 0.0 0.0 0.0 0.0 0.0 0.0
03241.625 03182.792 03113.422 02967.431 02828.132 02122.874 01963.039 01906.623 01889.935 01909.320 01822.411 01707.638 01629.935 01587.776 01532.558 01508.286 01496.957 01520.898 01573.898 01626.049 01582.028 01443.580 00556.933 00521.101 00492.323 00454.706 00428.648 00351.850 00304.566 00263.375 00207.196 00159.775 00119.606 00078.469 00052.911 00000.000 0.0 0.0 0.0 0.0 0.0 0.0 0.0 0.0 0.0 0.0 0.0 0.0 0.0 0.0 0.0 0.0 0.0 0.0 0.0 0.0 0.0 0.0 0.0 0.0 0.0 0.0 0.0 0.0 0.0 0.0 0.0
03268.686 03210.856 03096.184 02941.321 02809.668 02084.978 01969.751 01935.032 01918.443 02838.311 01895.969 01779.951 01714.322 01646.819 01563.020 01541.491 01531.300 01554.038 01610.688 01651.698 01645.388 01531.317 01459.169 00563.747 00463.083 00420.411 00392.576 00381.786 00317.718 00262.450 00209.742 00160.404 00119.249 00078.598 00052.948 00000.000 0.0 0.0 0.0 0.0 0.0 0.0 0.0 0.0 0.0 0.0 0.0 0.0 0.0 0.0 0.0 0.0 0.0 0.0 0.0 0.0 0.0 0.0 0.0 0.0 0.0 0.0 0.0 0.0 0.0 0.0 0.0
04364.189 03240.668 03110.739 02961.034 02845.567 02725.098 02031.309 01969.793 01953.117 02839.768 02865.185 01860.262 01802.759 01665.579 01594.054 01574.255 01562.357 01571.661 01600.802 01628.834 01672.486 01629.106 01528.922 00561.367 00441.703 00392.313 00354.417 00330.291 00311.770 00274.201 00220.940 00170.982 00125.432 00078.080 00052.877 00000.000 0.0 0.0 0.0 0.0 0.0 0.0 0.0 0.0 0.0 0.0 0.0 0.0 0.0 0.0 0.0 0.0 0.0 0.0 0.0 0.0 0.0 0.0 0.0 0.0 0.0 0.0 0.0 0.0 0.0 0.0 0.0
04452.299 03285.742 03152.173 03012.438 02888.746 02811.023 02657.713 02046.055 02001.472 02860.719 02980.031 02808.702 01825.489 01698.556 01624.399 01606.747 01595.331 01594.039 01605.936 01626.849 01666.632 01676.787 01525.078 00557.357 00439.064 00392.182 00356.786 00343.145 00326.612 00284.124 00230.688 00180.224 00132.703 00088.718 00055.326 00000.000 0.0 0.0 0.0 0.0 0.0 0.0 0.0 0.0 0.0 0.0 0.0 0.0 0.0 0.0 0.0 0.0 0.0 0.0 0.0 0.0 0.0 0.0 0.0 0.0 0.0 0.0 0.0 0.0 0.0 0.0 0.0
04482.838 04360.261 03168.174 03040.416 02938.968 02869.191 02809.140 02726.739 02114.865 02817.516 02974.161 02910.602 01859.115 01725.565 01651.147 01636.580 01626.260 01620.971 01625.485 01642.048 01682.335 01685.520 01531.122 00557.528 00458.989 00417.027 00383.480 00354.463 00339.001 00300.220 00248.903 00198.778 00149.195 00099.325 00063.562 00000.000 0.0 0.0 0.0 0.0 0.0 0.0 0.0 0.0 0.0 0.0 0.0 0.0 0.0 0.0 0.0 0.0 0.0 0.0 0.0 0.0 0.0 0.0 0.0 0.0 0.0 0.0 0.0 0.0 0.0 0.0 0.0
