tests/Case_4_HeatPerUnitArea.asc
NCOLS 245
NROWS 163
XLLCORNER 4208400.000000
YLLCORNER 1880200.000000
CELLSIZE 100.000000
NODATA_VALUE -9999.0
[rows 116 to 144 of 163, columns 64 to 127 of 245]
-9999.0 -9999.0 -9999.0 -9999.0 -9999.0 -9999.0 -9999.0 -9999.0 -9999.0 -9999.0 -9999.0 -9999.0 -9999.0 -9999.0 -9999.0 -9999.0 -9999.0 -9999.0 -9999.0 -9999.0 03447.974 04832.039 05143.376 05184.115 05162.032 04860.985 04070.681 05217.474 05198.529 03124.947 04801.640 05151.120 05190.971 05136.686 04988.185 04220.968 02923.733 27613.438 27528.892 27752.305 04003.885 05231.856 05532.574 05653.374 05751.725 01073.174 03830.110 32113.200 32037.760 31942.835 31854.518 31826.104 31613.615 -9999.000 -9999.000 -9999.0 -9999.0 -9999.0 -9999.0 -9999.000 -9999.000 01064.137 01076.061 01081.079
-9999.0 -9999.0 -9999.0 -9999.0 -9999.0 -9999.0 -9999.0 -9999.0 -9999.0 -9999.0 -9999.0 -9999.0 -9999.0 -9999.0 -9999.0 -9999.0 -9999.0 -9999.0 -9999.0 -9999.0 03089.606 04821.697 05121.611 05184.941 05168.621 04963.742 01096.557 05158.248 05235.314 04873.008 04138.008 05051.728 05189.129 05118.659 04180.532 24735.521 24990.023 09372.396 00472.549 02061.942 28098.249 27857.748 05453.755 05594.316 05700.240 01069.955 27326.562 32050.153 32029.035 31950.008 31872.016 31901.706 31786.431 31699.384 -9999.000 -9999.000 -9999.000 -9999.000 -9999.000 01062.414 05773.727 05801.259 05807.013 05797.609
-9999.0 -9999.0 -9999.0 -9999.0 -9999.0 -9999.0 -9999.0 -9999.0 -9999.0 -9999.0 -9999.0 -9999.0 -9999.0 -9999.0 -9999.0 -9999.0 -9999.0 -9999.0 -9999.0 -9999.0 00976.206 04744.024 05099.036 05176.903 05178.953 05066.861 04121.992 04909.928 05228.151 05168.935 03205.421 05054.091 05190.940 05129.513 04339.074 24673.660 25070.932 02539.605 04461.763 04275.188 28537.132 28992.119 05410.604 05536.413 05688.697 01065.350 07745.559 32076.044 32002.404 32024.689 32105.183 32066.107 32006.251 31986.588 31738.510 31607.317 29103.425 01068.859 01068.211 01068.717 05800.778 05719.853 05669.516 05628.693
-9999.0 -9999.0 -9999.0 -9999.0 -9999.0 -9999.0 -9999.0 -9999.0 -9999.0 -9999.0 -9999.0 -9999.0 -9999.0 -9999.0 -9999.0 -9999.0 -9999.0 -9999.0 -9999.0 -9999.0 -9999.0 04554.083 05061.340 05166.686 05183.897 05141.773 04894.723 03912.680 05211.859 05109.549 03466.137 05100.358 05193.348 05082.812 03620.519 25075.015 25792.220 00589.159 03504.423 04895.679 29186.454 29342.804 05372.494 05485.663 05660.628 01058.892 18537.528 31978.344 31990.635 32053.526 32110.070 32128.893 32151.858 31698.852 31874.473 31798.898 31846.961 01074.322 01073.865 01071.294 05750.792 05523.087 05463.425 05401.129
-9999.0 -9999.0 -9999.0 -9999.0 -9999.0 -9999.0 -9999.0 -9999.0 -9999.0 -9999.0 -9999.0 -9999.0 -9999.0 -9999.0 -9999.0 -9999.0 -9999.0 -9999.0 -9999.0 -9999.0 -9999.0 04007.132 04957.221 05134.504 05184.359 05169.662 04960.673 03998.152 05210.238 05118.898 03232.764 05053.971 05190.854 05124.371 04365.033 26493.413 26980.232 27857.229 28525.880 29270.191 29921.975 30242.566 30501.550 30632.143 13042.909 01055.619 01056.034 05699.612 05804.120 17905.450 05840.286 23178.631 32052.635 31623.309 31628.547 31959.012 31891.079 11075.262 05764.045 05754.098 05621.406 05348.802 28687.421 28497.966
-9999.0 -9999.0 -9999.0 -9999.0 -9999.0 -9999.0 -9999.0 -9999.0 -9999.0 -9999.0 -9999.0 -9999.0 -9999.0 -9999.0 -9999.0 -9999.0 -9999.0 -9999.0 -9999.0 -9999.0 -9999.0 02011.712 04786.015 05104.498 05182.554 05173.099 04986.197 03632.300 05198.102 05127.537 02957.546 05052.425 05189.860 05119.542 03996.440 26682.180 27310.741 27973.629 28640.226 28940.956 29980.037 30233.088 30506.995 30682.774 23755.571 01458.522 01682.156 05519.070 05638.028 05684.567 05710.825 17985.769 32015.138 31564.073 31599.030 31746.270 31783.495 05655.107 05591.646 05541.314 05386.343 05272.640 28589.424 28921.965
-9999.0 -9999.0 -9999.0 -9999.0 -9999.0 -9999.0 -9999.0 -9999.0 -9999.0 -9999.0 -9999.0 -9999.0 -9999.0 -9999.0 -9999.0 -9999.0 -9999.0 -9999.0 -9999.0 -9999.0 -9999.0 -9999.0 04687.924 05064.729 05162.509 05175.796 04963.486 04281.132 05206.923 05102.033 03428.069 05057.160 05189.246 05108.337 03439.341 26729.774 27302.668 27870.915 28433.521 25300.481 09944.173 07743.430 01028.022 07993.015 14576.255 01035.662 01029.965 05356.457 05398.109 05497.000 05659.632 05754.896 31659.550 31489.181 31439.370 31478.180 31437.290 05580.373 05368.710 05330.702 22815.138 23029.676 27847.645 28551.195
-9999.0 -9999.0 -9999.0 -9999.0 -9999.0 -9999.0 -9999.0 -9999.0 -9999.0 -9999.0 -9999.0 -9999.0 -9999.0 -9999.0 -9999.0 -9999.0 -9999.0 -9999.0 -9999.0 -9999.0 -9999.0 01902.084 04792.608 05108.926 05184.158 05162.709 04723.964 04961.698 05241.334 05124.917 03179.259 05057.690 05174.502 05052.345 03762.748 26555.973 27186.040 27634.773 28117.719 28530.618 00868.155 00961.330 01007.377 01014.119 01012.299 01014.120 01009.628 05272.407 05121.126 05379.577 05544.949 05709.412 31598.652 31542.884 31560.729 31600.081 30101.134 05557.689 05316.280 05127.527 25605.289 28544.033 28399.416 28236.515
-9999.0 -9999.0 -9999.0 -9999.0 -9999.0 -9999.0 -9999.0 -9999.0 -9999.0 -9999.0 -9999.0 -9999.0 -9999.0 -9999.0 -9999.0 -9999.0 -9999.0 -9999.0 03074.242 03711.372 04455.323 04551.911 05012.869 05159.441 05182.915 05081.526 03681.337 05013.602 05239.502 04911.029 04768.577 05130.718 05185.379 05140.578 04299.554 26254.226 26944.329 27320.403 27798.790 21163.951 00341.126 00589.381 00876.910 00976.163 00966.016 00950.144 00937.585 05157.340 04963.612 05277.065 05412.067 05559.804 31240.803 31261.172 31334.990 31385.765 31250.701 05438.783 05277.919 06900.029 28461.201 28329.554 28162.386 27982.575
-9999.0 -9999.0 -9999.0 -9999.0 -9999.0 -9999.0 -9999.0 -9999.0 -9999.0 -9999.0 -9999.0 -9999.0 -9999.0 -9999.0 -9999.0 -9999.0 03507.902 04757.600 04992.860 05083.586 05114.372 05160.506 05126.428 05162.821 05168.237 00822.036 00225.036 01545.638 00931.900 00716.104 01646.120 00889.797 01996.860 00850.429 00636.993 25385.219 26433.507 00388.761 00547.019 00510.866 00620.917 00646.083 00479.563 00536.449 00691.747 00645.379 00517.870 01172.465 00978.870 16007.391 27502.496 30435.912 30697.477 30836.209 30874.905 30704.229 30783.809 28472.573 29581.709 27884.669 28804.464 28550.489 28260.211 27973.471
-9999.0 -9999.0 -9999.0 -9999.0 -9999.0 -9999.0 -9999.0 -9999.0 -9999.0 -9999.0 -9999.0 -9999.0 -9999.0 -9999.0 -9999.0 02663.553 04712.861 05139.886 05155.135 05156.672 05141.734 05126.684 05167.529 05152.950 05152.320 00842.186 00392.651 00913.703 00926.550 00679.959 00749.013 00882.942 00912.807 00865.092 00564.246 24767.852 25249.915 00491.827 00776.853 00792.300 00795.000 00809.671 00802.532 00718.489 00642.635 00662.513 00687.225 00232.404 00990.676 16754.492 29966.130 30121.369 30377.860 30406.186 30348.193 30362.265 30084.235 29581.556 29483.318 29226.041 28862.759 28605.640 28323.486 27958.377
-9999.0 -9999.0 -9999.0 -9999.0 -9999.0 -9999.0 -9999.0 -9999.0 -9999.0 -9999.0 -9999.0 -9999.0 -9999.0 -9999.0 -9999.0 04463.396 05062.610 05154.285 05166.528 05065.257 27809.934 27595.205 05100.727 05172.126 05154.756 04906.917 03946.966 00910.717 00929.328 00782.774 00704.371 00867.853 00906.326 00874.279 00678.785 00418.849 00499.452 00675.084 00820.554 00870.299 00861.647 00873.569 00883.151 00857.609 00814.103 00801.042 00611.492 28070.108 25147.174 20593.556 29843.537 29831.262 29978.710 29960.044 29852.675 29582.183 29412.170 29309.765 29128.348 28961.414 28746.916 28499.156 06284.878 04506.940
-9999.0 -9999.0 -9999.0 -9999.0 -9999.0 -9999.0 -9999.0 -9999.0 -9999.0 -9999.0 -9999.0 -9999.0 -9999.0 -9999.0 -9999.0 04784.183 05122.417 05169.408 05153.386 04898.305 26758.351 19105.703 04838.460 04989.693 04901.802 04548.617 04934.845 00923.745 00949.032 00859.332 00629.820 00864.714 00904.405 00892.361 00844.955 00787.875 00771.472 00807.354 00853.237 00881.716 00903.028 00899.464 00904.267 00902.767 00877.889 00831.445 00597.634 28032.780 28612.614 29098.918 29309.628 29644.241 29662.562 29575.306 29388.037 29210.656 29109.781 28979.910 28780.945 28617.438 28500.663 28315.660 04830.806 00648.998
-9999.0 -9999.0 -9999.0 -9999.0 -9999.0 -9999.0 -9999.0 -9999.0 -9999.0 -9999.0 -9999.0 -9999.0 -9999.0 -9999.0 03158.532 04919.534 05149.922 05173.654 05129.612 04701.259 18975.306 10518.558 02953.232 02651.594 04540.404 04152.438 05185.675 00962.202 00954.047 00886.590 00242.770 00843.744 00893.642 00900.390 00888.242 00869.789 00863.830 00869.556 00887.976 00899.741 00909.220 00910.558 00910.025 00887.774 00783.520 00605.411 00475.315 27822.343 28306.823 28631.244 28930.033 29116.775 29180.410 29194.270 28979.251 28846.570 28703.501 28598.496 28526.699 28391.023 28282.434 28113.770 04628.186 02944.525
-9999.0 -9999.0 -9999.0 -9999.0 -9999.0 -9999.0 -9999.0 -9999.0 -9999.0 -9999.0 -9999.0 -9999.0 03728.096 04644.551 04965.429 05118.470 05155.968 05177.044 05106.751 04426.754 09028.208 23288.684 27102.119 27934.676 27777.069 05094.201 05221.853 00883.573 00866.206 00883.902 00673.196 00730.691 00858.872 00893.182 00900.408 00901.195 00902.347 26404.584 26310.321 28346.816 02559.126 00909.851 05117.098 05073.434 04603.066 23218.164 27119.072 27405.915 28009.858 28280.201 28504.619 28636.458 28723.289 28779.062 28698.353 28557.841 28444.118 28356.567 28267.104 28179.827 28013.464 27941.193 27259.005 27563.402
-9999.0 -9999.0 -9999.0 -9999.0 -9999.0 -9999.0 -9999.0 -9999.0 -9999.0 -9999.0 -9999.0 03737.672 04952.838 05096.701 05150.480 05170.652 05161.740 05115.796 05047.476 04143.707 00699.224 23966.085 27478.273 27998.394 24460.485 05215.755 04729.217 02155.993 00602.397 00660.799 00708.742 00920.360 00819.938 00863.065 00891.299 00905.768 00910.937 28459.358 28458.593 28212.728 07972.806 00904.641 05110.822 05052.745 04049.638 26168.620 26803.134 27276.995 27591.301 27902.720 28070.915 28199.497 28319.465 28330.164 28293.027 28248.336 28203.634 28072.172 28006.701 27940.164 27837.619 27700.510 27571.861 27374.471
-9999.0 -9999.0 -9999.0 -9999.0 -9999.0 -9999.0 -9999.0 -9999.0 -9999.0 -9999.0 -9999.0 04592.398 05075.807 05120.533 05159.824 28230.565 28052.549 27821.477 26179.989 22619.912 04608.373 10919.857 00503.170 00778.391 00908.197 00933.134 00812.166 08188.561 21724.459 23732.583 27289.714 27823.307 23127.871 21952.337 28351.928 26861.487 24518.846 28349.009 28482.831 28455.311 05352.762 05112.257 05092.018 05061.535 04494.881 04038.359 02826.207 26890.991 27251.815 27364.352 27695.866 27857.290 27928.286 27938.896 27940.960 27944.485 27905.328 27855.791 27773.934 27673.017 27564.727 27402.750 27302.684 26977.321
-9999.0 -9999.0 -9999.0 -9999.0 -9999.0 -9999.0 -9999.0 -9999.0 -9999.0 -9999.0 04357.007 04834.579 05079.304 05148.447 05148.635 28157.336 27991.600 27790.267 26391.301 16113.622 20467.396 24957.245 00578.627 00909.925 00937.760 00915.702 00766.988 10660.061 22443.963 25981.117 27363.916 27799.339 28045.506 28165.396 28318.601 28374.598 28444.199 28447.336 28471.661 28471.208 05096.957 05076.349 05044.153 05089.223 04993.916 04844.687 04237.378 26219.925 26643.854 27003.019 27288.101 27348.594 27411.032 27518.482 27581.388 27606.826 27565.295 27508.409 27375.485 27296.576 27221.929 27093.687 26761.245 26180.643
-9999.0 -9999.0 -9999.0 -9999.0 -9999.0 -9999.0 -9999.0 -9999.0 -9999.0 04606.134 05084.298 05161.297 05181.153 05153.623 05147.054 28133.675 28025.677 27890.910 27244.941 11538.501 23133.215 26548.742 00854.025 00943.145 00903.693 00665.658 00644.540 10369.035 22058.281 25812.786 27177.939 27697.706 27916.938 28060.197 28233.923 28310.632 28361.669 28414.720 28461.920 28422.696 07050.028 05086.031 05075.501 05074.840 04824.651 04184.299 03679.382 25190.306 25354.062 25896.933 26543.514 26967.869 27074.878 27135.550 27196.982 27219.890 27173.475 27115.848 27026.606 26880.747 26675.207 26370.575 25400.291 24762.353
-9999.0 10422.592 22706.920 23144.193 23669.648 23340.230 22209.109 -9999.0 03977.644 04845.185 05130.041 05183.670 28380.531 28308.229 28154.960 28016.234 28010.491 27878.099 27315.493 23224.149 00507.307 00431.368 00890.769 00937.901 00804.808 26073.526 08069.099 08123.535 18457.269 25318.926 26891.051 27537.465 27813.086 28007.069 28043.129 28185.119 28338.946 28448.955 28464.107 28409.937 06921.589 05104.123 05070.412 05033.712 04136.601 06081.449 03614.054 23510.224 23349.055 23856.958 25324.934 26204.203 26421.579 26526.927 26576.635 26592.768 26547.741 26447.801 26283.825 25997.934 25357.803 25038.804 23890.538 21800.672
20527.954 24211.792 26124.474 26889.735 27039.658 27047.922 26782.901 03993.170 04977.564 05151.580 05176.534 05180.278 28334.605 28209.290 28017.716 27896.153 27860.126 27704.986 25135.521 26970.805 00523.388 00846.508 00933.136 02246.825 00805.093 26943.858 11009.747 06814.751 16941.639 24024.483 26279.370 27174.700 27650.022 27759.658 28003.751 28236.793 28399.114 28462.665 28428.303 28332.279 09400.512 04956.647 04802.575 04480.550 03673.772 09717.803 15538.854 15708.944 15587.413 16309.642 23692.138 24779.229 25254.392 25300.933 25317.629 25313.977 25288.366 25248.190 24912.496 24335.035 23472.863 22216.532 16124.771 13350.588
25121.099 26342.634 26883.411 27573.997 27761.698 27790.209 27758.362 04796.891 05116.188 05178.767 28385.527 28338.995 28233.009 28061.332 27848.419 27804.140 27716.688 25902.105 10953.520 10734.727 00059.399 00918.448 28579.533 28428.527 27369.151 27512.781 18443.982 03693.605 11239.009 21515.981 25410.062 26748.158 27509.028 27762.997 28019.652 28255.743 28428.937 28458.722 28382.685 28255.395 28124.394 27865.007 27380.972 25767.733 16834.856 03349.771 09145.897 08822.818 07980.301 12154.284 02202.766 03489.328 23213.261 23450.643 23550.249 23469.462 23264.783 22872.482 21953.235 20044.071 15197.640 14062.052 08924.328 02341.443
26418.525 26930.428 27585.954 27825.334 27979.619 28083.062 28090.375 04819.296 05143.306 05175.701 28362.347 28298.869 28106.510 27896.899 27754.981 27683.611 27391.497 17686.591 10529.440 22866.869 00501.010 00924.464 28631.380 28539.036 28271.405 27802.510 24414.247 08379.527 07766.584 17180.650 23659.753 26608.161 27371.060 27746.385 27992.426 28205.360 28435.618 28434.210 28373.499 28287.594 28143.306 27874.742 27460.161 26339.046 24229.127 14061.640 08757.693 13558.164 10658.463 03522.171 03349.377 03971.545 15912.183 16066.265 16049.418 15929.441 15801.133 15472.667 13542.451 09928.253 07814.867 02341.760 04901.755 08110.506
26869.226 27508.375 27756.540 27994.764 28118.847 28203.494 26758.301 05123.690 05148.103 05178.799 28352.995 28240.085 28001.310 27825.170 27697.303 27507.464 26579.792 04330.512 24716.330 25136.352 00262.677 00918.965 28691.815 28642.510 28390.597 28047.463 27404.527 14041.582 03837.502 12963.122 24007.766 26618.863 27318.465 27704.912 27967.745 28068.563 28431.079 28455.470 28408.863 28325.385 28200.815 28005.793 27674.614 27101.760 26601.074 26690.987 25111.491 25425.821 23939.353 17064.411 03123.073 04508.307 06887.616 08656.744 08763.661 08373.383 07451.082 00283.772 03120.895 04791.172 06969.149 08796.311 12479.023 16332.943
27254.157 27634.352 27748.828 28076.769 28180.883 28293.897 28354.111 28046.557 28406.165 23090.846 28338.896 28185.011 27976.594 27844.730 27735.388 27287.658 19327.729 10930.698 26723.736 27743.245 26285.585 24705.950 28686.967 28673.975 28548.961 28222.355 27636.732 19805.687 04028.021 12403.468 23856.219 26557.369 27360.550 27675.409 27959.802 28003.166 28356.666 28488.636 28435.313 28350.828 28260.623 28160.613 04919.202 04674.239 04261.045 04434.974 04418.254 04329.823 03686.501 03878.366 03900.678 04560.848 09290.402 07343.647 07295.928 07570.202 07892.093 08381.563 10246.032 11451.389 15059.914 19635.577 23113.752 24627.604
27388.292 27691.788 27924.865 28112.085 28211.090 28319.418 28355.385 28409.633 28404.721 28393.746 28350.801 28214.951 27992.863 27871.245 27793.133 27569.444 20771.976 10771.338 26694.785 27771.205 28124.928 28390.420 28588.178 28676.061 28604.798 28200.894 27689.798 21162.529 04494.954 11894.599 23617.856 26450.514 27428.936 27561.820 27922.070 27992.221 28252.277 28451.735 28462.488 28393.339 28322.174 25327.096 05100.682 05071.654 05051.040 05062.397 05034.152 04986.978 04815.968 04796.647 04835.762 04559.628 21397.961 19491.134 18405.425 19826.503 18735.230 19343.411 20869.333 25772.755 25877.755 25649.911 25369.416 26278.855
27464.868 27740.072 27948.612 28112.037 28200.747 28300.948 28351.161 28406.625 28403.457 28394.464 28337.462 28237.143 28104.448 27985.293 27932.353 27664.770 23772.054 10545.927 25253.400 27554.115 28002.127 28281.025 28542.124 28679.357 28593.286 28224.301 27745.492 22699.785 05358.653 11692.531 23114.887 26224.751 27322.110 27590.737 27900.366 28007.140 28158.122 28441.600 28492.394 28472.492 28450.447 26077.943 05128.260 05130.300 05131.845 05117.111 05126.457 28306.507 28180.163 28184.932 15948.081 04713.528 25301.915 25422.711 24765.170 26218.734 25179.393 24611.642 25914.189 26683.792 26720.657 26538.194 26707.243 27031.991
27387.613 27688.182 27916.401 28102.435 28197.117 28305.694 28350.588 28404.395 28405.633 28400.583 28352.735 28301.105 28179.103 28088.191 27997.402 27723.409 24853.461 00037.490 24726.447 27103.037 27946.658 28279.741 28532.933 28688.336 28574.483 28216.311 27769.046 23322.971 06635.328 10545.473 21960.256 25864.654 27150.075 27535.018 27794.496 27879.041 28167.658 28255.527 28459.530 28515.752 28507.263 28478.708 05395.494 05090.519 05080.075 05039.619 05093.774 28399.352 28310.397 28234.451 21109.715 04873.359 26930.515 26938.857 26647.435 26615.610 26084.427 26501.508 27049.784 27325.727 27453.987 27325.913 27436.302 27489.708
27406.075 27686.021 27900.507 28095.197 28187.398 28291.229 28344.232 28383.706 28408.224 28400.842 28356.454 28311.111 28230.512 28179.295 28119.148 27866.095 27144.379 14297.360 22844.432 27197.325 27923.593 28264.547 28503.266 28688.261 28579.283 28289.902 27862.267 26107.519 08424.735 08082.712 18455.031 25337.970 26818.176 27414.334 27730.954 27828.866 28081.402 28192.713 28297.448 28424.015 28404.411 28412.418 05088.189 05057.697 05001.526 07137.247 05083.989 28378.549 28335.885 28317.171 11858.523 04837.824 27455.454 27442.331 27362.028 27280.055 26928.108 27088.065 27427.745 27592.368 27640.853 27582.994 27639.445 27711.936
