tests/Case_2_SpreadRate.asc
NCOLS 210
NROWS 139
XLLCORNER 2821100.000000
YLLCORNER 2135200.000000
CELLSIZE 100.000000
NODATA_VALUE -9999.0
[rows 90 to 119 of 139, columns 69 to 137 of 210]
-9999.0 -9999.0 -9999.0 -9999.0 -9999.0 -9999.0 -9999.0 -9999.0 -9999.0 -9999.0 -9999.0 -9999.0 -9999.0 -9999.0 -9999.0 -9999.0 -9999.0 -9999.0 -9999.0 -9999.0 -9999.0 -9999.0 -9999.0 -9999.0 -9999.0 -9999.0 -9999.0 -9999.0 -9999.0 -9999.0 -9999.0 -9999.0 -9999.0 -9999.0 -9999.0 -9999.0 -9999.0 -9999.0 -9999.0 -9999.0 -9999.0 -9999.0 -9999.0 -9999.0 -9999.0 -9999.0 -9999.0 -9999.0 -9999.0 -9999.0 -9999.0 -9999.0 -9999.0 -9999.0 -9999.0 -9999.0 -9999.0 -9999.0 -9999.0 -9999.0 -9999.0 -9999.0 -9999.0 -9999.0 -9999.0 -9999.0 -9999.0 -9999.00 00.26
-9999.0 -9999.0 -9999.0 -9999.0 -9999.0 -9999.0 -9999.0 -9999.0 -9999.0 -9999.0 -9999.0 -9999.0 -9999.0 -9999.0 -9999.0 -9999.0 -9999.0 -9999.0 -9999.0 -9999.0 -9999.0 -9999.0 -9999.0 -9999.0 -9999.0 -9999.0 -9999.0 -9999.0 -9999.0 -9999.0 -9999.0 -9999.0 -9999.0 -9999.0 -9999.0 -9999.0 -9999.0 -9999.0 -9999.0 -9999.0 -9999.0 -9999.0 -9999.0 -9999.0 -9999.0 -9999.0 -9999.0 -9999.0 -9999.0 -9999.0 -9999.0 -9999.0 -9999.0 -9999.0 -9999.0 -9999.0 -9999.0 -9999.0 -9999.0 -9999.0 -9999.0 -9999.0 -9999.0 -9999.0 -9999.0 -9999.0 -9999.0 00.27 00.25
-9999.0 -9999.0 -9999.0 -9999.0 -9999.0 -9999.0 -9999.0 -9999.0 -9999.0 -9999.0 -9999.0 -9999.0 -9999.0 -9999.0 -9999.0 -9999.0 -9999.0 -9999.0 -9999.0 -9999.0 -9999.0 -9999.0 -9999.0 -9999.0 -9999.0 -9999.0 -9999.0 -9999.0 -9999.0 -9999.0 -9999.0 -9999.0 -9999.0 -9999.0 -9999.0 -9999.0 -9999.0 -9999.0 -9999.0 -9999.0 -9999.0 -9999.0 -9999.0 -9999.0 -9999.0 -9999.0 -9999.0 -9999.0 -9999.0 -9999.0 -9999.0 -9999.0 -9999.0 -9999.0 -9999.0 -9999.0 -9999.0 -9999.0 -9999.0 -9999.0 -9999.0 -9999.0 -9999.0 -9999.0 -9999.0 -9999.0 -9999.00 00.27 00.24
-9999.0 -9999.0 -9999.0 -9999.0 -9999.0 -9999.0 -9999.0 -9999.0 -9999.0 -9999.0 -9999.0 -9999.0 -9999.0 -9999.0 -9999.0 -9999.0 -9999.0 -9999.0 -9999.0 -9999.0 -9999.0 -9999.0 -9999.0 -9999.0 -9999.0 -9999.0 -9999.0 -9999.0 -9999.0 -9999.0 -9999.0 -9999.0 -9999.0 -9999.0 -9999.0 -9999.0 -9999.0 -9999.0 -9999.00 -9999.00 00.65 00.63 00.68 03.40 -9999.00 -9999.00 -9999.0 -9999.0 -9999.0 -9999.0 -9999.0 -9999.0 -9999.0 -9999.0 -9999.0 -9999.0 -9999.0 -9999.0 -9999.0 -9999.0 -9999.0 -9999.0 -9999.0 -9999.0 -9999.0 -9999.0 00.27 00.27 01.40
-9999.0 -9999.0 -9999.0 -9999.0 -9999.0 -9999.0 -9999.0 -9999.0 -9999.0 -9999.0 -9999.0 -9999.0 -9999.0 -9999.0 -9999.0 -9999.0 -9999.0 -9999.0 -9999.0 -9999.0 -9999.0 -9999.0 -9999.0 -9999.0 -9999.0 -9999.0 -9999.0 -9999.0 -9999.0 -9999.0 -9999.0 -9999.0 -9999.0 -9999.0 -9999.0 -9999.0 -9999.0 -9999.00 00.26 00.43 00.42 00.38 00.81 04.04 04.01 04.09 03.87 -9999.00 -9999.0 -9999.0 -9999.0 -9999.0 -9999.0 -9999.0 -9999.0 -9999.0 -9999.0 -9999.0 -9999.0 -9999.0 -9999.0 -9999.0 -9999.0 -9999.0 -9999.0 -9999.00 00.25 00.24 01.09
-9999.0 -9999.0 -9999.0 -9999.0 -9999.0 -9999.0 -9999.0 -9999.0 -9999.0 -9999.0 -9999.0 -9999.0 -9999.0 -9999.0 -9999.0 -9999.0 -9999.0 -9999.0 -9999.0 -9999.0 -9999.0 -9999.0 -9999.0 -9999.0 -9999.0 -9999.0 -9999.0 -9999.0 -9999.0 -9999.0 -9999.0 -9999.0 -9999.0 -9999.0 -9999.0 -9999.0 -9999.00 00.62 00.21 00.33 00.37 00.59 00.82 03.51 03.84 04.14 03.44 02.90 00.44 -9999.00 -9999.00 -9999.0 -9999.0 -9999.0 -9999.0 -9999.0 -9999.0 -9999.0 -9999.0 -9999.0 -9999.0 -9999.0 -9999.0 -9999.0 -9999.0 -9999.00 00.27 00.29 01.06
-9999.0 -9999.0 -9999.0 -9999.0 -9999.0 -9999.0 -9999.0 -9999.0 -9999.0 -9999.0 -9999.0 -9999.0 -9999.0 -9999.0 -9999.0 -9999.0 -9999.0 -9999.0 -9999.0 -9999.0 -9999.0 -9999.0 -9999.0 -9999.0 -9999.0 -9999.0 -9999.0 -9999.0 -9999.0 -9999.0 -9999.0 -9999.0 -9999.0 -9999.0 -9999.0 -9999.0 00.72 00.59 00.26 00.54 00.36 00.36 00.58 01.20 00.63 00.49 00.62 00.37 03.74 03.54 04.05 02.95 -9999.00 -9999.0 -9999.0 -9999.0 -9999.0 -9999.0 -9999.0 -9999.0 -9999.0 -9999.0 -9999.0 -9999.0 -9999.00 00.54 00.37 00.20 00.25
-9999.0 -9999.0 -9999.0 -9999.0 -9999.0 -9999.0 -9999.0 -9999.0 -9999.0 -9999.0 -9999.0 -9999.0 -9999.0 -9999.0 -9999.0 -9999.0 -9999.0 -9999.0 -9999.0 -9999.0 -9999.0 -9999.0 -9999.0 -9999.0 -9999.0 -9999.0 -9999.0 -9999.0 -9999.0 -9999.0 -9999.0 -9999.0 -9999.0 -9999.0 -9999.0 -9999.00 00.58 00.43 00.24 00.74 00.32 00.34 00.38 00.36 00.37 00.32 00.38 00.62 04.37 04.47 04.51 04.07 02.85 -9999.00 -9999.00 -9999.0 -9999.0 -9999.0 -9999.0 -9999.0 -9999.0 -9999.0 -9999.0 -9999.00 01.04 00.62 00.30 00.23 00.27
-9999.0 -9999.0 -9999.0 -9999.0 -9999.0 -9999.0 -9999.0 -9999.0 -9999.0 -9999.0 -9999.0 -9999.0 -9999.0 -9999.0 -9999.0 -9999.0 -9999.0 -9999.0 -9999.0 -9999.0 -9999.0 -9999.0 -9999.0 -9999.0 -9999.0 -9999.0 -9999.0 -9999.0 -9999.0 -9999.0 -9999.0 -9999.0 -9999.0 -9999.0 -9999.0 -9999.00 00.58 00.27 00.23 00.75 00.45 00.32 00.38 00.37 00.37 00.30 00.26 00.60 04.87 04.53 04.22 03.58 02.79 00.27 00.50 00.66 -9999.00 -9999.00 -9999.00 -9999.0 -9999.0 -9999.00 01.03 00.42 00.43 00.44 00.32 00.26 00.28
-9999.0 -9999.0 -9999.0 -9999.0 -9999.0 -9999.0 -9999.0 -9999.0 -9999.0 -9999.0 -9999.0 -9999.0 -9999.0 -9999.0 -9999.0 -9999.0 -9999.0 -9999.0 -9999.0 -9999.0 -9999.0 -9999.0 -9999.0 -9999.0 -9999.0 -9999.0 -9999.0 -9999.0 -9999.0 -9999.0 -9999.0 -9999.0 -9999.0 -9999.0 -9999.0 -9999.00 00.58 00.20 00.27 00.72 00.69 00.63 00.49 00.55 00.50 00.26 00.22 00.59 04.72 04.44 03.96 03.28 02.88 00.26 -9999.0 -9999.0 00.66 00.82 03.65 02.41 01.01 01.07 00.66 00.40 00.38 00.36 00.28 00.29 00.32
-9999.0 -9999.0 -9999.0 -9999.0 -9999.0 -9999.0 -9999.0 -9999.0 -9999.0 -9999.0 -9999.0 -9999.0 -9999.0 -9999.0 -9999.0 -9999.0 -9999.0 -9999.0 -9999.0 -9999.0 -9999.0 -9999.0 -9999.0 -9999.0 -9999.0 -9999.0 -9999.0 -9999.0 -9999.0 -9999.0 -9999.0 -9999.0 -9999.0 -9999.00 01.08 00.86 00.57 00.21 00.27 00.69 00.65 00.59 00.54 00.54 00.73 00.46 00.24 00.53 02.79 03.75 03.51 02.51 01.65 -9999.0 -9999.0 -9999.0 00.57 00.83 03.37 02.45 00.63 00.73 00.69 00.40 00.28 00.33 00.37 00.32 00.36
-9999.0 -9999.0 -9999.0 -9999.0 -9999.0 -9999.0 -9999.0 -9999.0 -9999.0 -9999.0 -9999.0 -9999.0 -9999.0 -9999.0 -9999.0 -9999.0 -9999.0 -9999.0 -9999.0 -9999.0 -9999.0 -9999.0 -9999.0 -9999.0 -9999.0 -9999.0 -9999.0 -9999.0 -9999.0 -9999.0 -9999.0 -9999.00 00.61 00.53 00.39 00.80 00.36 00.18 00.28 00.74 00.69 00.64 00.66 00.74 00.74 00.73 00.28 00.27 00.48 00.57 02.18 01.82 01.74 03.19 03.44 03.08 02.30 02.78 01.87 01.03 00.59 00.43 00.34 00.40 00.30 00.41 00.39 00.38 00.29
-9999.0 -9999.0 -9999.0 -9999.0 -9999.0 -9999.0 -9999.0 -9999.0 -9999.0 -9999.0 -9999.0 -9999.0 -9999.0 -9999.0 -9999.0 -9999.0 -9999.0 -9999.0 -9999.0 -9999.0 -9999.0 -9999.00 -9999.00 -9999.00 00.60 00.61 00.61 00.56 00.44 00.46 00.44 00.41 00.46 00.40 00.39 00.27 00.28 00.32 00.33 00.87 00.83 00.67 00.86 00.78 00.75 00.74 00.30 00.32 00.26 00.65 02.05 01.77 01.81 03.57 03.53 02.93 02.76 01.96 00.86 00.73 00.45 00.27 00.25 00.41 00.34 00.40 00.47 00.41 00.20
-9999.0 -9999.0 -9999.0 -9999.0 -9999.0 -9999.0 -9999.0 -9999.0 -9999.0 -9999.0 -9999.0 -9999.0 -9999.0 -9999.0 -9999.00 -9999.00 -9999.00 -9999.00 00.60 00.49 00.41 00.39 00.48 02.03 02.02 01.89 02.00 01.67 02.12 01.88 00.34 00.38 00.42 00.36 00.17 01.43 01.15 01.43 00.39 -9999.0 01.69 02.14 01.78 00.85 00.76 00.77 00.67 00.68 00.30 00.33 00.38 00.38 00.36 02.93 02.93 02.73 02.46 01.95 00.38 00.35 00.32 00.27 00.44 00.42 00.36 00.76 00.89 00.54 00.46
-9999.0 -9999.0 -9999.0 -9999.0 -9999.0 -9999.0 -9999.0 -9999.0 -9999.0 -9999.0 -9999.0 -9999.0 -9999.00 -9999.00 00.39 00.45 00.45 00.42 00.38 00.36 00.34 00.33 00.36 02.18 01.79 01.67 01.68 01.45 01.55 01.58 00.24 00.31 00.33 00.42 00.34 01.58 02.44 02.78 00.39 -9999.0 02.28 02.33 01.97 00.87 00.79 00.70 00.81 00.84 00.39 00.32 00.38 00.36 00.35 02.55 02.75 02.56 02.14 01.85 00.25 00.36 00.31 00.32 00.53 00.68 01.04 00.96 00.88 00.62 00.44
-9999.00 -9999.00 -9999.00 -9999.00 -9999.00 -9999.0 -9999.0 -9999.0 -9999.0 -9999.0 -9999.00 -9999.00 00.36 00.33 00.34 00.37 00.38 00.37 00.37 00.36 00.33 00.33 00.35 01.68 01.77 01.77 01.73 01.14 01.04 00.57 00.20 00.52 00.47 00.44 00.38 01.73 03.11 03.29 00.30 -9999.0 02.47 02.31 01.65 00.86 00.73 00.78 00.81 00.83 00.69 00.62 00.47 00.32 00.36 01.71 02.20 02.32 02.16 01.92 00.24 00.24 00.41 00.36 00.55 01.41 01.23 01.07 00.68 00.55 00.40
-9999.0 -9999.0 -9999.0 -9999.0 -9999.0 -9999.0 -9999.0 -9999.0 -9999.0 -9999.0 01.92 01.42 01.17 00.22 00.30 00.32 00.31 00.19 01.94 01.85 01.65 01.86 01.48 00.74 00.91 00.87 01.35 00.55 00.85 02.83 01.57 01.71 01.08 01.72 01.63 03.32 03.10 02.71 02.03 01.71 02.43 02.19 02.11 01.64 01.72 00.86 00.78 00.60 01.78 01.89 01.65 01.97 00.96 01.52 01.66 02.22 02.43 02.31 00.27 00.25 00.42 00.42 00.70 00.71 00.64 01.03 00.86 00.68 00.13
-9999.0 -9999.0 -9999.0 -9999.0 -9999.0 -9999.0 -9999.0 -9999.0 -9999.0 -9999.0 01.86 01.43 01.25 00.25 00.26 00.52 00.47 00.36 01.20 02.72 02.66 03.17 02.88 02.47 02.19 02.71 01.87 02.45 02.37 04.46 02.86 02.99 02.58 02.08 01.79 02.97 03.34 02.88 02.42 01.92 02.20 02.39 02.33 02.19 01.91 01.59 00.98 00.86 03.01 02.76 02.90 00.78 01.01 01.32 01.59 02.21 02.90 02.76 00.26 00.27 00.31 00.46 00.51 00.42 00.55 00.85 00.94 00.78 00.36
-9999.0 -9999.0 -9999.0 03.08 01.78 00.60 00.55 00.30 00.45 00.33 00.40 00.37 00.33 00.25 00.27 01.22 01.67 01.34 01.67 03.08 02.92 03.52 03.32 03.09 02.74 00.64 00.69 00.59 00.78 00.70 00.84 00.74 00.69 00.71 00.70 02.82 03.46 03.04 00.51 00.60 00.56 00.54 00.96 02.23 02.00 01.75 01.82 01.37 00.78 00.57 00.57 00.47 00.37 00.98 00.38 00.49 00.48 00.49 00.75 00.97 00.33 00.30 00.33 00.35 00.41 01.10 00.92 00.60 00.39
-9999.0 -9999.0 -9999.0 04.72 04.78 00.74 00.66 00.68 00.62 00.35 00.39 00.35 00.29 00.34 00.30 02.31 02.84 02.36 02.25 03.42 04.01 03.86 03.66 03.31 02.83 00.77 00.68 00.78 00.72 00.71 00.77 00.73 00.78 00.71 01.01 03.77 03.58 02.98 00.28 00.23 00.27 00.68 00.94 02.21 01.98 01.97 01.96 01.66 00.73 00.76 00.96 00.92 00.66 00.41 00.43 00.49 00.46 00.37 01.07 01.77 00.33 00.22 00.18 -9999.0 00.37 00.97 00.63 00.44 01.06
-9999.0 -9999.0 -9999.0 05.37 04.33 00.79 00.72 00.71 00.67 00.61 00.45 00.46 00.41 00.35 00.31 03.65 03.10 02.56 02.41 04.53 04.24 04.13 03.81 03.61 02.93 00.33 00.40 00.50 00.46 00.47 00.47 00.48 00.50 00.76 01.60 03.95 03.66 03.03 00.31 00.36 00.19 00.63 00.67 01.94 02.22 02.11 01.95 01.93 00.83 00.80 00.89 01.08 01.01 00.89 00.72 00.54 00.54 00.44 01.37 02.08 00.30 00.34 00.34 00.19 00.37 00.41 00.63 01.24 01.31
01.33 01.79 01.85 04.78 04.69 00.82 00.77 00.70 00.57 00.41 00.46 00.75 00.85 01.53 01.61 03.84 02.98 02.69 02.51 04.34 00.65 00.73 00.66 00.67 00.55 00.29 00.31 00.29 00.28 00.29 00.32 00.67 00.69 07.21 06.58 04.21 03.74 02.98 01.56 01.57 00.21 00.34 00.55 00.55 00.68 00.85 00.88 00.96 01.06 00.80 00.83 00.90 00.93 00.91 00.37 02.22 01.86 01.51 01.42 02.34 01.85 01.45 01.80 00.60 00.16 00.22 00.69 00.78 01.06
01.88 01.88 02.02 04.27 04.03 00.85 00.81 00.81 01.62 01.35 01.50 01.16 01.12 01.77 01.87 03.48 03.18 02.82 03.22 03.20 00.49 00.59 00.43 00.44 00.37 00.23 00.28 00.31 00.31 00.33 00.35 00.66 08.00 07.46 05.97 04.09 03.76 02.78 01.53 01.57 00.21 00.33 00.32 00.32 00.55 00.59 00.93 00.90 01.77 01.24 00.78 00.81 00.91 00.79 00.52 02.75 02.94 02.32 01.97 02.00 02.47 02.01 02.19 00.53 00.18 00.20 00.68 01.42 -9999.0
02.39 02.17 02.11 00.69 00.62 00.81 00.92 00.87 01.88 02.29 02.68 02.05 01.93 02.29 02.10 03.57 03.28 03.11 02.48 03.23 02.24 01.85 01.49 00.19 00.27 00.27 00.41 00.55 02.91 02.29 00.34 00.52 00.60 00.56 01.57 04.14 03.59 02.23 01.55 01.54 00.21 00.25 00.36 00.35 00.34 00.65 00.65 00.87 00.79 00.81 00.76 00.69 00.71 00.64 01.46 01.08 01.13 01.15 01.17 01.13 00.70 00.59 00.41 00.32 00.23 00.23 00.62 -9999.0 -9999.0
02.75 02.41 02.33 00.30 -9999.0 00.68 00.93 00.90 02.52 02.94 02.94 02.53 02.15 02.36 02.22 03.28 03.36 03.25 03.97 03.11 02.57 01.83 01.37 00.19 00.43 00.46 00.60 00.44 04.62 02.71 00.34 00.34 00.33 00.62 00.79 03.77 02.01 01.69 01.56 01.56 00.22 00.27 00.80 00.75 00.34 00.34 00.53 00.51 00.55 00.82 00.74 00.69 00.80 01.45 01.59 01.84 01.56 01.48 01.45 01.13 00.31 00.30 00.30 00.27 00.26 00.27 -9999.0 -9999.0 -9999.0
03.07 02.67 02.50 00.28 -9999.0 -9999.0 00.91 00.89 02.48 02.81 03.28 02.83 02.29 02.46 02.35 03.73 03.48 03.32 03.66 03.12 02.83 01.69 01.54 00.21 00.17 00.41 00.63 00.68 04.07 00.72 00.71 00.33 00.25 00.32 00.69 02.44 01.97 01.71 01.54 01.40 00.22 00.27 00.94 00.91 00.36 00.34 00.30 00.28 00.33 00.49 00.47 00.46 00.77 01.75 01.77 01.73 01.58 01.51 01.45 00.94 00.21 00.30 00.33 00.33 00.38 00.38 -9999.0 -9999.0 -9999.0
03.15 02.85 02.46 01.04 01.40 -9999.0 00.70 00.91 02.38 02.15 01.84 01.94 01.53 02.73 02.51 03.60 03.48 03.36 03.82 03.19 01.83 01.75 01.65 01.51 00.86 00.71 -9999.0 01.03 04.43 02.50 00.71 00.28 00.38 02.80 02.32 -9999.0 -9999.0 -9999.0 01.52 01.02 00.17 00.29 00.93 00.89 00.49 01.38 02.16 01.79 00.30 00.30 00.28 00.22 00.47 01.71 01.81 01.56 01.56 00.96 00.91 00.76 00.21 00.30 00.55 00.43 00.42 00.42 -9999.0 -9999.0 -9999.0
03.19 02.92 02.41 02.43 01.57 -9999.0 00.66 00.94 02.26 01.95 01.73 01.66 01.74 02.89 02.65 03.70 03.54 03.38 03.27 02.10 02.00 01.84 01.67 01.26 00.80 -9999.0 -9999.0 01.16 04.21 02.50 00.82 00.30 00.28 01.42 01.06 -9999.0 -9999.0 -9999.0 00.79 02.94 00.52 00.36 00.90 00.73 00.47 02.39 04.14 02.55 00.72 00.51 00.49 00.23 00.49 00.92 00.95 00.97 00.94 00.87 00.77 00.20 00.23 00.29 00.55 00.49 00.50 -9999.0 -9999.0 -9999.0 -9999.0
03.22 03.00 02.70 00.39 00.63 04.26 04.83 04.54 03.84 03.93 03.44 03.25 04.38 03.39 02.81 00.51 00.48 00.49 00.49 00.45 00.45 00.33 00.30 00.27 00.24 01.30 05.83 06.15 05.10 04.22 02.53 02.43 02.61 00.57 00.37 -9999.0 -9999.0 -9999.0 -9999.0 -9999.0 00.63 00.70 00.78 01.81 01.66 03.10 05.34 03.45 02.86 02.01 00.77 00.47 00.21 00.20 00.24 00.84 00.46 00.21 00.21 00.21 00.28 00.39 00.68 00.56 -9999.0 -9999.0 -9999.0 -9999.0 -9999.0
03.20 03.07 02.52 00.24 00.63 05.57 05.61 05.20 04.43 03.81 03.65 03.94 04.38 03.37 03.01 00.27 00.35 00.34 00.33 00.34 00.32 00.29 00.32 00.31 00.43 01.30 01.81 06.83 05.94 05.21 05.01 05.79 04.98 03.44 02.74 -9999.0 -9999.0 -9999.0 -9999.0 -9999.0 00.73 01.00 01.15 03.70 02.73 06.99 05.19 04.50 04.79 02.66 00.82 00.76 00.66 00.37 00.30 00.22 00.15 00.26 00.34 00.51 00.53 00.52 00.91 -9999.0 -9999.0 -9999.0 -9999.0 -9999.0 -9999.0
