tests/Case_5_HeatPerUnitArea.asc
NCOLS 354
NROWS 235
XLLCORNER 2900300.000000
YLLCORNER 2159500.000000
CELLSIZE 100.000000
NODATA_VALUE -9999.0
[rows 29 to 57 of 235, columns 130 to 194 of 354]
-9999.0 00780.451 00964.137 00884.509 00934.799 00961.097 01036.802 01041.501 01039.241 01043.455 01048.752 01054.029 01041.600 01041.884 01040.195 01040.285 01040.466 01029.272 01019.111 00975.190 27668.783 28812.874 05312.243 05360.020 05452.201 05481.887 05512.288 05568.816 05606.738 05574.768 01036.989 02111.780 01047.579 01047.694 01045.601 05173.304 05424.430 01029.414 01819.172 00948.239 00826.884 00376.293 27497.211 27135.928 27226.813 -9999.0 -9999.0 -9999.0 -9999.0 -9999.0 -9999.0 -9999.0 -9999.0 -9999.0 -9999.0 -9999.0 -9999.0 -9999.0 -9999.0 -9999.0 -9999.0 -9999.0 -9999.0 -9999.0 -9999.0
-9999.0 00965.952 01019.936 01012.110 01013.478 01023.283 01049.725 01046.524 01045.028 01045.325 01053.310 01050.859 01039.863 01037.515 01033.468 01031.269 01033.248 01030.373 00999.009 01859.464 28446.812 28480.745 05193.271 05220.345 05317.383 05366.182 05411.022 05491.597 05577.883 05616.408 05519.687 05563.939 01048.825 01048.443 01046.063 05492.111 05503.050 05437.167 05311.305 05547.972 27107.461 27797.848 25101.207 27542.273 27091.812 26048.195 23417.712 -9999.0 -9999.0 -9999.0 -9999.0 -9999.0 -9999.0 -9999.0 -9999.0 -9999.0 -9999.0 -9999.0 -9999.0 -9999.0 -9999.0 -9999.0 -9999.0 -9999.0 -9999.0
00564.209 01007.282 01034.939 01032.028 01031.300 01049.864 01052.162 01050.145 01046.919 01046.147 01051.948 01042.748 01037.794 01029.506 01022.030 01018.271 01019.876 01017.002 01001.355 00959.549 25579.210 28188.280 04958.164 05045.575 05178.149 05271.662 05344.490 05432.656 05575.680 05615.788 05545.459 05553.587 01046.691 01045.450 01039.924 05504.646 05517.323 05482.129 05396.924 05218.383 26385.238 28202.781 27962.746 27713.996 27372.505 26910.382 25684.932 -9999.0 -9999.0 -9999.0 -9999.0 -9999.0 -9999.0 -9999.0 -9999.0 -9999.0 -9999.0 -9999.0 -9999.0 -9999.0 -9999.0 -9999.0 -9999.0 -9999.0 -9999.0
00810.818 01009.035 01039.373 01039.728 01051.304 01051.097 01046.166 01046.447 01047.258 01046.693 01045.958 01032.664 01026.904 01022.357 00993.082 00993.235 00986.943 00955.788 00926.805 00932.214 00779.511 00501.872 04422.729 04339.139 04970.342 05181.245 05293.179 05402.542 05574.051 05578.541 05527.051 05519.544 01541.653 01041.168 01041.191 01042.672 01038.763 05518.030 05449.821 05301.757 07625.689 04888.273 27905.999 27708.099 27451.533 27063.307 26732.816 27127.204 27052.578 26748.351 26261.116 26188.384 26007.861 25638.337 24262.762 19462.372 -9999.0 -9999.0 -9999.0 -9999.0 -9999.0 -9999.0 -9999.0 -9999.0 -9999.0
00994.021 01015.934 01044.055 01043.995 01050.488 01043.205 01039.142 01040.309 01045.071 01042.356 01033.904 01018.136 00995.561 00980.756 00941.558 00914.519 00874.042 00662.779 00718.663 00767.112 00752.106 00506.408 03049.200 03902.159 04735.499 05135.692 05271.530 05399.511 05487.350 05497.252 05491.377 05484.051 01035.955 01034.531 01036.335 01038.935 01038.891 05478.775 05488.976 05422.378 05261.377 04918.129 27750.507 27683.411 27442.846 27117.838 27693.331 27943.333 27893.646 27776.756 27669.515 27543.227 27299.063 25937.595 24110.431 19177.249 -9999.0 -9999.0 -9999.0 -9999.0 -9999.0 -9999.0 -9999.0 -9999.0 -9999.0
01032.848 01042.207 01051.583 01051.431 01044.100 01034.590 01026.666 01034.094 01099.499 01039.017 01020.780 00988.806 00953.828 00858.811 00706.595 00660.608 00598.507 00456.198 00438.188 00259.206 00400.266 00362.915 03245.416 02740.254 04409.093 05084.919 05265.680 05451.725 05465.579 05432.905 05420.016 05432.179 01029.849 01029.154 01034.543 01039.803 01047.080 05470.628 05484.645 05460.152 05331.386 05073.300 27418.011 27089.774 26693.044 27303.780 28248.714 28554.722 28454.274 28245.555 28174.310 27731.542 27442.071 27091.865 26397.584 24722.666 17569.850 -9999.0 -9999.0 -9999.0 -9999.0 -9999.0 -9999.0 -9999.0 -9999.0
01049.381 01052.265 01051.095 01044.497 01033.546 01019.536 01000.955 05374.094 05419.279 05248.171 05274.634 05057.589 04857.068 04257.473 03006.251 03977.347 04751.783 04973.790 04889.029 04717.359 04476.784 04412.961 03630.854 01995.027 04222.974 05063.628 05315.202 05376.643 05348.124 05335.754 05349.626 05371.649 01019.363 01027.114 01032.310 01037.457 01042.186 05465.512 05470.787 05477.830 05407.961 05225.291 00944.364 00879.235 00697.688 00876.377 00949.003 24730.588 28666.430 28580.689 28506.870 28116.493 27831.656 27476.881 27040.153 26070.117 22557.952 -9999.0 -9999.0 -9999.0 -9999.0 -9999.0 -9999.0 -9999.0 -9999.0
01049.473 01048.626 01041.621 01034.706 01016.886 00991.233 00963.602 05287.852 05328.898 05344.949 05144.573 04655.078 03699.160 03103.273 04415.009 05005.165 05114.210 05094.750 05016.455 04830.621 04579.063 04402.552 04028.203 02816.642 04084.289 05144.881 05319.968 05233.714 05222.697 05248.387 05266.249 03202.245 01006.122 01017.247 01778.990 01033.345 01795.351 05438.749 05442.596 05478.778 05435.146 05307.684 01432.141 01017.569 01002.247 01022.703 01025.059 29636.227 29404.151 28850.088 28583.393 28285.185 27588.442 27624.536 27140.410 26153.933 22849.026 -9999.0 -9999.0 -9999.0 -9999.0 -9999.0 -9999.0 -9999.0 -9999.0
01048.477 01042.132 01032.009 01017.940 00986.803 00891.922 00876.907 05175.074 05236.599 05245.384 04919.780 03957.020 02853.471 04456.172 05012.389 05177.832 05213.164 05220.089 05149.447 04972.148 04758.873 04563.762 04265.976 03334.213 04009.385 05136.498 04995.878 04951.392 05066.462 05173.393 05027.726 05019.356 05157.305 05270.323 05387.298 05423.706 05429.771 05434.105 05456.086 05468.338 05410.841 05475.467 05476.284 05464.692 05411.962 01038.846 01039.147 01038.050 01028.837 01017.724 00994.186 00932.423 00597.236 -9999.0 -9999.0 -9999.0 -9999.0 -9999.0 -9999.0 -9999.0 -9999.0 -9999.0 -9999.0 -9999.0 -9999.0
01296.158 01035.434 01017.867 00974.479 00857.448 00496.342 00679.437 04935.279 05076.027 05035.582 04637.001 02715.870 03736.001 04786.083 05152.904 05266.325 05292.469 05264.435 05180.933 05011.297 04642.606 04776.409 04571.564 04006.643 01874.175 03392.862 03852.486 04453.520 04966.127 04729.504 04519.124 04671.640 04978.181 05128.461 05316.807 05363.650 05397.024 05406.708 05436.451 05476.411 05499.676 05499.880 05507.730 05512.542 05504.418 01338.596 01044.987 01043.941 01039.995 01039.169 01031.915 01018.553 00989.342 00914.458 00593.110 -9999.0 -9999.0 -9999.0 -9999.0 -9999.0 -9999.0 -9999.0 -9999.0 -9999.0 -9999.0
01031.310 01018.152 00967.738 00692.742 00665.396 00863.290 00688.395 02516.951 04142.702 03839.065 02394.797 02982.346 04050.754 04863.558 05281.925 05337.864 05326.155 05293.530 05208.545 05030.988 05074.465 05142.350 05012.021 04641.121 04067.550 03148.031 03135.746 03558.251 03817.984 03504.699 04204.632 04618.280 04914.455 05092.208 05229.168 05322.468 05325.947 05357.831 05411.678 05551.113 05562.606 05567.156 05585.096 05516.001 05503.084 01209.761 01043.718 01042.445 01046.334 01046.183 01040.938 01037.154 01026.062 01015.093 00972.702 00847.805 -9999.0 -9999.0 -9999.0 -9999.0 -9999.0 -9999.0 -9999.0 -9999.0 -9999.0
01011.530 00955.277 00525.611 00866.338 00981.100 00998.367 00919.641 04688.503 02809.542 04821.123 04924.518 04927.033 04988.722 04963.167 05273.528 05373.170 05367.549 05352.580 05293.020 05272.684 01013.955 01009.562 05228.746 04926.334 04516.414 04463.804 04379.246 04072.204 02562.683 03091.019 04110.626 04692.051 04994.559 05146.084 05246.156 05321.232 05348.660 05411.911 05471.386 05532.077 05535.916 05547.172 05569.429 05500.021 05456.441 05456.511 05470.746 01040.941 01041.217 01041.919 01042.874 01040.753 01038.232 01030.145 01022.063 00993.404 00893.567 -9999.0 -9999.0 -9999.0 -9999.0 -9999.0 -9999.0 -9999.0 -9999.0
00920.544 00739.980 00906.756 01006.347 01025.721 01022.278 01980.547 05236.849 04783.790 05189.356 05230.863 05253.885 05235.368 05132.478 05146.065 05343.969 05454.570 05500.792 05503.905 05482.024 01038.023 01032.727 04591.565 05179.201 05069.352 04912.671 04624.021 04034.676 00930.440 04228.281 04851.904 05005.240 05138.316 05220.340 05311.108 05354.048 05383.699 05423.543 05480.677 05535.120 05527.586 05547.848 05528.463 05428.965 05389.015 05393.350 05320.613 01035.760 01038.258 01041.005 01041.404 01042.751 01040.131 01036.038 01027.312 01010.416 00948.108 00352.800 -9999.0 -9999.0 -9999.0 -9999.0 -9999.0 -9999.0 -9999.0
00749.997 00768.502 01000.109 01032.280 01042.128 01038.531 01038.062 05279.620 05331.422 05404.082 05396.123 05403.362 05347.878 05255.569 05158.859 05288.520 05536.912 01055.458 01051.749 01048.808 01040.786 01039.324 01027.440 01008.903 00955.396 05039.308 04600.070 03717.965 03702.605 05105.440 05237.051 05277.946 05333.709 05362.210 05414.688 05416.608 05449.948 05466.352 05512.270 05541.689 05519.709 05504.271 05451.976 05424.292 05345.478 05334.519 05361.471 01753.749 01036.778 01039.265 01040.848 01042.371 01041.093 01037.774 01029.760 01020.454 00967.317 00864.641 00747.370 00403.132 -9999.0 -9999.0 -9999.0 -9999.0 -9999.0
00577.709 00963.910 01023.265 01043.827 01054.292 01056.071 01050.896 05451.719 05504.019 05474.905 05482.844 05474.878 05440.795 05379.071 05263.338 05419.054 05576.681 01054.033 01050.947 01049.700 01042.059 01039.797 01030.821 01017.274 00985.714 05126.833 04769.974 04195.820 02168.615 04548.830 05217.205 05454.365 05523.783 05534.013 05569.164 05603.044 05624.219 05651.684 05671.024 05641.770 05520.069 05438.012 05417.414 05391.185 05353.091 05301.275 05335.490 01030.222 01034.316 01037.805 01040.652 01042.332 01041.924 01040.708 01035.387 01020.916 01010.001 01001.617 00983.119 00958.189 00917.544 00727.863 -9999.0 -9999.0 -9999.0
00930.859 01012.424 01036.627 01052.064 01058.414 01059.682 01057.436 05593.997 05574.157 05544.762 05565.781 05556.991 05547.417 05506.037 05492.789 05597.045 05645.321 01056.138 01058.657 01052.735 01045.310 01041.581 01036.121 01021.212 00992.635 05156.973 04850.380 04299.483 03627.084 04006.452 04988.759 05218.071 05395.464 05518.754 05552.077 05602.297 05604.128 05601.493 05593.218 05537.131 05469.201 05392.006 05392.647 05345.221 05269.765 05280.181 05359.247 01797.268 01035.023 01037.828 01039.993 01455.024 01039.999 01041.411 01035.859 01032.033 01027.454 01023.947 01021.480 01011.219 00983.028 00940.530 00720.726 -9999.0 -9999.0
01005.336 01033.676 01044.144 01054.966 01062.407 01060.814 01058.552 05609.472 05607.777 05604.416 05643.879 05627.921 05626.444 05609.381 05600.867 01064.485 01059.763 01053.908 01054.805 01055.143 01049.891 01044.714 01040.436 01023.478 01006.324 00970.891 00901.165 01892.127 00427.981 00484.823 04960.480 05205.183 05352.287 05469.426 05532.609 05478.007 05481.290 05457.223 05383.172 05295.554 29212.907 29468.017 05363.265 05324.699 05176.941 05182.403 05257.517 05331.872 05417.774 05448.833 05456.955 05468.840 01037.897 01037.279 01038.244 01039.601 01037.135 01032.351 01028.374 01024.004 01011.202 00978.942 00917.551 00809.437 00709.166
01024.657 01042.046 01052.946 01054.742 01062.641 01060.405 01253.954 01486.343 04850.996 05598.000 05596.679 03766.111 05650.144 05640.204 04894.787 01062.653 01055.177 01051.163 01052.056 01052.992 01049.698 01192.973 01035.573 01394.506 01017.856 00997.054 01489.693 00854.675 00808.546 00563.155 05027.366 05244.024 05382.942 05472.001 05525.849 05515.409 05507.471 05446.741 05301.838 05185.272 28538.335 28604.583 05301.625 05260.942 05048.748 05034.662 05151.980 05206.056 05295.723 05356.865 05418.982 05479.854 01038.403 01040.703 01042.197 01041.536 01040.909 01039.565 01038.131 01035.761 01024.126 01005.889 00978.895 00950.488 00820.579
05456.809 05527.937 05590.600 05629.960 05644.707 05631.015 05601.529 01054.386 01054.137 01054.065 01053.447 02899.011 -9999.000 -9999.000 -9999.000 -9999.000 01048.767 01044.793 01040.654 01040.990 04536.846 05506.153 05425.505 05372.293 05306.565 04797.270 05127.128 03270.973 04604.700 03683.983 01886.836 04961.897 05252.176 05377.399 05472.548 05499.662 05482.790 05433.665 05287.457 05054.806 28180.285 28361.431 28304.406 26466.987 28253.685 05023.492 05032.258 05145.488 05238.609 05302.284 05391.536 05477.437 01041.542 01041.326 01040.541 01040.444 01041.118 01042.377 01044.786 01039.850 01030.599 01021.255 01008.278 00967.189 00736.897
05557.414 05557.076 05588.408 05659.025 05639.070 05621.109 05603.997 01053.628 01052.860 01052.587 -9999.000 -9999.0 -9999.0 -9999.0 -9999.0 -9999.0 -9999.000 -9999.000 01036.733 01036.881 05283.316 05531.401 05416.995 05323.790 05251.003 05140.721 04976.283 04658.798 04171.173 03649.083 02627.505 04833.017 05175.926 05298.937 05352.567 05336.271 05273.342 05279.275 05209.374 04948.275 27946.676 28267.772 28337.442 28280.171 28207.041 05630.537 05102.115 05138.337 05203.529 05258.247 05350.162 05461.413 01038.250 01036.540 01037.741 01038.546 01042.478 01043.670 01044.112 01041.501 01036.471 01025.018 01004.175 00956.761 00694.863
05587.847 05620.169 05589.505 05681.836 05633.118 01460.781 05594.717 01052.804 -9999.000 -9999.0 -9999.0 -9999.0 -9999.0 -9999.0 -9999.0 -9999.0 -9999.0 -9999.0 -9999.000 -9999.000 02522.687 05540.249 05422.840 05340.117 05197.227 04995.633 04680.922 04295.175 03676.099 02222.533 04207.632 04994.057 05187.307 05289.678 05305.852 05103.750 04863.785 04607.441 04338.620 04342.797 27909.586 27949.100 28087.919 28272.643 28306.680 05112.959 05143.539 05212.092 05217.288 05271.098 05347.116 05446.297 01029.745 01030.745 01032.855 01035.551 01040.015 01042.277 01043.433 01044.257 01037.669 01027.749 01011.198 00973.535 00884.809
05629.716 05629.539 05652.551 05726.231 05683.039 01056.065 01053.512 -9999.000 -9999.0 -9999.0 -9999.0 -9999.0 -9999.0 -9999.0 -9999.0 -9999.0 -9999.0 -9999.0 -9999.0 -9999.0 05516.060 05607.712 05572.876 05459.766 05373.631 05254.444 05015.619 04429.855 03493.065 03158.454 04827.527 05102.814 05237.579 05315.711 05310.838 05068.507 04066.333 25947.340 22812.184 16158.607 04811.655 04463.524 26869.286 28076.509 28126.683 07134.718 05110.839 05191.611 05214.543 05278.002 05311.924 05397.801 01031.023 01032.077 01035.222 01031.818 01036.598 01039.465 01042.975 01041.526 01038.134 01029.468 01020.371 01008.501 00987.828
05649.126 05625.427 05649.586 05694.380 05692.451 01055.257 -9999.000 -9999.0 -9999.0 -9999.0 -9999.0 -9999.0 -9999.0 -9999.0 -9999.0 -9999.0 -9999.0 -9999.0 -9999.0 -9999.0 -9999.000 05522.664 05620.990 05646.231 05498.075 05419.105 05293.573 05144.372 04872.474 04189.924 02514.261 04681.858 05151.573 05305.546 05308.967 05090.921 04364.645 20168.261 09323.856 06732.575 03257.867 01993.961 25454.692 27995.172 24743.724 07030.137 05085.514 05181.347 05176.380 05186.841 05253.410 05335.640 02167.625 01021.019 01022.572 01034.011 01042.274 01039.643 01040.785 01041.096 01037.088 01032.940 01028.414 01019.914 00993.474
05663.507 05640.981 01055.407 01057.557 01057.733 -9999.000 -9999.0 -9999.0 -9999.0 -9999.0 -9999.0 -9999.0 -9999.0 -9999.0 -9999.0 -9999.0 -9999.0 -9999.0 -9999.0 -9999.0 -9999.0 -9999.000 05546.035 05638.820 05620.003 05558.096 05432.612 05306.771 05210.736 04949.091 04044.857 03513.967 04714.214 05199.848 05338.311 05216.510 04485.080 07729.648 06442.630 06753.577 08158.334 11793.748 04727.069 04966.361 05172.020 05168.444 05149.029 05032.904 05016.553 05103.374 05222.681 05258.504 00963.524 00999.720 01010.702 05380.621 05476.077 05451.788 05471.107 05473.015 01631.616 01036.473 01026.548 01012.831 00966.945
-9999.000 -9999.0 -9999.0 -9999.0 -9999.0 -9999.0 -9999.0 -9999.0 -9999.0 -9999.0 -9999.0 -9999.0 -9999.0 -9999.0 -9999.0 -9999.0 -9999.0 -9999.0 -9999.0 -9999.0 -9999.0 -9999.0 -9999.000 05580.552 05607.608 05609.210 05513.035 05352.383 05280.022 05149.119 04869.595 02650.664 04539.661 05090.483 05269.873 05003.060 03898.311 06407.410 07105.394 08695.670 08699.002 22388.502 04223.696 05209.877 05276.141 05085.270 04812.435 04415.105 04754.132 05046.774 05248.679 05219.710 00978.115 00988.952 01001.214 05342.569 05436.798 05409.217 05451.922 05474.070 01043.267 01040.143 01036.609 01024.401 00996.378
-9999.0 -9999.0 -9999.0 -9999.0 -9999.0 -9999.0 -9999.0 -9999.0 -9999.0 -9999.0 -9999.0 -9999.0 -9999.0 -9999.0 -9999.0 -9999.0 -9999.0 -9999.0 -9999.0 -9999.0 -9999.0 -9999.0 -9999.0 -9999.000 05562.424 05598.196 05588.917 05400.524 05345.772 05259.076 04439.335 04216.614 03231.182 03852.950 05173.174 04490.728 03384.408 04100.177 08568.418 15820.339 23070.114 25268.959 04312.309 04966.437 04336.869 03931.261 03458.082 03618.457 04332.692 04968.404 05099.398 03752.040 00965.757 00982.445 00999.135 05338.320 05432.082 05408.806 05443.649 05483.139 01073.581 01044.584 01041.783 01030.676 01006.892
-9999.0 -9999.0 -9999.0 -9999.0 -9999.0 -9999.0 -9999.0 -9999.0 -9999.0 -9999.0 -9999.0 -9999.0 -9999.0 -9999.0 -9999.0 -9999.0 -9999.0 -9999.0 -9999.0 -9999.0 -9999.0 -9999.0 -9999.0 -9999.0 -9999.000 05548.323 05551.223 05414.329 05334.310 05266.045 00992.002 00892.217 00791.973 00459.421 00839.724 00748.108 00589.330 00522.402 00484.063 00361.986 17977.338 26972.636 26954.091 26786.421 24267.846 22818.944 18807.842 02865.497 04063.235 02937.378 00757.062 00903.431 00949.055 00991.970 01006.963 05389.671 05465.119 05479.995 05473.154 05506.628 01837.741 01042.593 01038.874 01029.191 01003.397
-9999.0 -9999.0 -9999.0 -9999.0 -9999.0 -9999.0 -9999.0 -9999.0 -9999.0 -9999.0 -9999.0 -9999.0 -9999.0 -9999.0 -9999.0 -9999.0 -9999.0 -9999.0 -9999.0 -9999.0 -9999.0 -9999.0 -9999.0 -9999.0 -9999.0 05534.717 05556.333 05463.651 05333.097 05272.712 01010.929 00972.440 00940.105 00840.695 00649.602 00467.432 00727.623 00683.706 00618.427 00438.114 27224.954 27193.204 27090.701 26801.744 26197.677 25346.155 23710.921 02918.147 03110.754 03153.599 00698.148 00905.781 00961.334 01008.135 01014.666 05375.070 05454.533 05498.620 05551.193 05576.469 01101.497 01032.833 01025.236 01016.768 00976.754
-9999.0 -9999.0 -9999.0 -9999.0 -9999.0 -9999.0 -9999.0 -9999.0 -9999.0 -9999.0 -9999.0 -9999.0 -9999.0 -9999.0 -9999.0 -9999.0 -9999.0 -9999.0 -9999.0 -9999.0 -9999.0 -9999.0 -9999.0 -9999.0 -9999.0 -9999.000 05528.496 01039.498 01030.283 01023.853 01016.049 01006.301 00990.122 00960.836 00880.824 00661.593 00573.032 27968.397 27876.008 27775.747 27770.271 27705.577 27620.109 27395.446 27117.705 26580.732 25166.814 21330.124 08224.525 07236.062 00638.513 00924.339 03957.678 05301.904 05431.189 05433.868 05471.418 05481.304 05484.914 05452.701 01028.716 01022.928 01017.696 00991.228 00954.105
