tests/Case_9_HeatPerUnitArea.asc
NCOLS 226
NROWS 150
XLLCORNER 2938400.000000
YLLCORNER 2059400.000000
CELLSIZE 100.000000
NODATA_VALUE -9999.0
[rows 29 to 57 of 150, columns 67 to 133 of 226]
27769.886 27907.244 28339.944 28480.435 28537.645 28603.872 29001.563 29313.097 29574.835 01024.705 01024.564 01030.469 01021.227 01022.619 01031.789 01029.094 01026.166 01021.787 01018.177 01010.059 00994.053 00972.224 00924.206 00931.719 00976.246 00938.717 00936.875 00922.505 00960.802 00970.106 00986.388 00997.300 01009.600 01015.305 14583.655 13680.003 12640.565 12489.739 12670.242 12515.399 12081.619 11244.398 12182.206 14358.314 -9999.0 -9999.0 -9999.0 -9999.0 -9999.0 -9999.0 -9999.0 -9999.0 -9999.0 -9999.0 -9999.0 -9999.0 -9999.0 -9999.0 -9999.0 -9999.0 -9999.0 -9999.0 -9999.0 -9999.0 -9999.0 -9999.0 -9999.0
27674.649 27823.625 28269.865 28552.005 28508.841 28447.151 28822.747 27514.242 29355.485 01024.795 01027.025 01029.760 01028.881 01028.713 01030.518 01025.468 01020.212 01012.164 01008.141 00982.155 00922.770 00858.778 00458.335 00442.766 00742.252 00658.633 00677.907 00688.312 00691.867 00776.619 00825.574 03579.662 00922.598 00974.736 14401.913 14616.579 14681.028 14664.198 14657.637 13903.417 13046.339 12430.306 11906.757 14072.237 -9999.0 -9999.0 -9999.0 -9999.0 -9999.0 -9999.0 -9999.0 -9999.0 -9999.0 -9999.0 -9999.0 -9999.0 -9999.0 -9999.0 -9999.0 -9999.0 -9999.0 -9999.0 -9999.0 -9999.0 -9999.0 -9999.0 -9999.0
27579.812 27936.880 28307.777 28593.573 13704.282 13660.018 13741.265 13923.797 14163.782 01016.503 01019.403 01017.740 01017.595 01021.502 01022.515 01016.986 01002.902 00993.607 00990.795 00975.507 00886.512 00557.980 26521.360 26204.556 22825.993 08973.454 07756.990 19336.557 26546.865 27194.824 27475.384 27784.683 -9999.000 28279.149 00949.789 00998.892 01015.354 05364.794 05407.119 14641.731 13702.060 12598.097 02525.318 04641.542 14143.067 13949.093 14291.418 -9999.0 -9999.0 -9999.0 -9999.0 -9999.0 -9999.0 -9999.0 -9999.0 -9999.0 -9999.0 -9999.0 -9999.0 -9999.0 -9999.0 -9999.0 -9999.0 -9999.0 -9999.0 -9999.0 -9999.0
27748.963 28005.440 28247.948 28478.600 13145.070 13045.610 13076.795 14062.265 14313.132 01004.742 00999.627 00995.737 00968.027 00987.551 00989.215 00994.260 00980.352 00951.764 00914.493 00912.072 00845.112 00452.896 27631.695 27328.736 26733.406 24505.688 19855.561 04844.419 11880.489 -9999.000 -9999.000 -9999.000 -9999.000 -9999.000 08436.783 00967.457 01004.035 04211.883 05388.014 14599.998 13595.626 12551.296 06427.815 02801.465 12354.278 12478.051 13955.361 -9999.0 -9999.0 -9999.0 -9999.0 -9999.0 -9999.0 -9999.0 -9999.0 -9999.0 -9999.0 -9999.0 -9999.0 -9999.0 -9999.0 -9999.0 -9999.0 -9999.0 -9999.0 -9999.0 -9999.0
27822.072 27982.266 28141.283 28277.085 12641.965 13771.014 14373.771 14518.276 14401.288 00998.130 00979.256 00910.468 00763.552 00765.513 00918.682 00943.502 00919.517 00836.731 00365.430 00610.379 00774.045 09322.702 28212.797 27873.044 27546.219 26996.882 26165.334 22637.686 30299.145 -9999.000 -9999.000 -9999.000 -9999.000 -9999.000 -9999.000 -9999.000 01023.575 05253.765 06155.367 14443.786 14492.998 13580.037 05162.030 03868.118 12226.515 11773.591 14065.930 -9999.0 -9999.0 -9999.0 -9999.0 -9999.0 -9999.0 -9999.0 -9999.0 -9999.0 -9999.0 -9999.0 -9999.0 -9999.0 -9999.0 -9999.0 -9999.0 -9999.0 -9999.0 -9999.0 -9999.0
27792.747 27876.012 13091.638 12961.097 13211.400 14371.771 14370.606 01010.505 01002.844 00987.914 00931.121 00608.790 27369.503 27608.128 00747.273 00768.480 00485.782 00789.182 00912.677 28851.120 28817.894 28970.602 28546.956 28320.730 27942.543 27674.262 27301.237 26703.394 -9999.000 -9999.000 -9999.000 -9999.000 -9999.000 -9999.000 -9999.000 -9999.000 28131.682 28436.591 28074.306 05599.972 05374.396 05404.167 05312.725 05205.448 04798.983 02912.044 05076.051 05321.376 05296.889 05425.040 -9999.0 -9999.0 -9999.0 -9999.0 -9999.0 -9999.0 -9999.0 -9999.0 -9999.0 -9999.0 -9999.0 -9999.0 -9999.0 -9999.0 -9999.0 -9999.0 -9999.0
27541.591 27549.806 11646.383 12276.610 13258.133 14310.326 14394.963 01008.931 02180.970 02008.262 00814.741 00435.642 27858.802 23587.869 01431.233 00785.711 00877.050 00961.429 06055.973 29179.756 29223.155 29305.484 28977.002 28671.459 28464.282 28186.689 27927.385 30556.562 -9999.000 -9999.000 -9999.000 -9999.000 -9999.000 -9999.000 -9999.000 -9999.000 28038.821 28314.378 28615.913 05275.552 05332.819 05359.756 05366.742 05337.751 05237.701 04807.639 01927.629 04799.089 04874.253 05296.079 -9999.0 -9999.0 -9999.0 -9999.0 -9999.0 -9999.0 -9999.0 -9999.0 -9999.0 -9999.0 -9999.0 -9999.0 -9999.0 -9999.0 -9999.0 -9999.0 -9999.0
12516.341 12331.981 10664.030 12202.050 12907.460 13770.348 14585.948 14335.673 14135.062 13733.825 11302.560 12159.982 00216.309 11650.567 28637.471 28612.954 28718.821 28981.058 29453.728 29643.965 29682.539 29739.552 29596.597 29308.361 28893.603 28515.332 28458.009 -9999.000 -9999.000 -9999.000 -9999.000 -9999.000 -9999.000 -9999.000 -9999.000 -9999.000 27780.359 28151.249 28300.296 28537.572 28731.788 28898.656 15345.663 05356.184 05309.273 05082.771 03541.215 11783.391 12545.999 04882.624 05337.610 -9999.0 -9999.0 -9999.0 -9999.0 -9999.0 -9999.0 -9999.0 -9999.0 -9999.0 -9999.0 -9999.0 -9999.0 -9999.0 -9999.0 -9999.0 -9999.0
10788.516 10938.595 12122.854 11765.512 12274.307 12899.881 13927.142 14266.741 14179.470 13129.875 12408.725 04180.238 00525.448 00906.623 29049.184 28977.034 29047.491 29580.835 29800.665 29927.064 29844.073 29950.453 29887.345 29993.923 29328.746 28855.425 -9999.000 -9999.000 -9999.000 -9999.000 -9999.000 -9999.000 -9999.000 -9999.000 -9999.000 -9999.000 27521.884 27920.777 28114.313 28340.343 28568.575 28767.598 07665.057 05369.058 05329.512 05145.262 04110.119 12358.125 12074.371 04681.763 05344.524 -9999.0 -9999.0 -9999.0 -9999.0 -9999.0 -9999.0 -9999.0 -9999.0 -9999.0 -9999.0 -9999.0 -9999.0 -9999.0 -9999.0 -9999.0 -9999.0
12592.022 13687.527 13074.617 12251.830 11523.288 11457.091 12799.727 13797.735 13793.028 13097.375 12760.872 10257.005 00552.360 00919.147 29522.164 29748.487 30085.484 30141.766 30065.588 30365.722 30179.535 30151.151 30170.461 30227.313 -9999.000 -9999.000 -9999.000 -9999.000 -9999.000 -9999.000 -9999.000 -9999.000 -9999.000 -9999.000 -9999.000 -9999.000 27372.559 27870.264 28197.475 28383.931 28644.772 28033.964 10964.341 05724.962 05340.394 05204.238 04507.203 12400.244 12263.797 05231.872 05447.429 -9999.0 -9999.0 -9999.0 -9999.0 -9999.0 -9999.0 -9999.0 -9999.0 -9999.0 -9999.0 -9999.0 -9999.0 -9999.0 -9999.0 -9999.0 -9999.0
-9999.0 14625.616 14102.303 13522.513 00687.757 00636.738 00454.411 13843.353 13958.722 13452.397 13032.059 13131.557 00409.840 00890.771 29459.199 29924.560 30645.034 30863.103 30857.076 30587.155 30368.792 30285.856 -9999.000 -9999.000 -9999.000 -9999.000 -9999.000 -9999.000 -9999.000 -9999.000 -9999.000 -9999.000 -9999.000 -9999.000 -9999.000 -9999.000 13233.596 27118.364 26839.232 13939.110 14080.813 14296.746 12652.488 12711.535 05328.967 05199.627 04563.542 03327.659 05197.695 05437.701 -9999.0 -9999.0 -9999.0 -9999.0 -9999.0 -9999.0 -9999.0 -9999.0 -9999.0 -9999.0 -9999.0 -9999.0 -9999.0 -9999.0 -9999.0 -9999.0 -9999.0
-9999.0 -9999.0 -9999.0 14288.225 02119.535 00848.923 00679.278 13345.207 14177.952 13823.865 13623.891 -9999.0 00544.903 04681.710 29182.404 29610.622 30739.996 31049.816 30919.016 30767.106 30420.578 30311.995 -9999.000 -9999.000 -9999.000 -9999.000 -9999.000 -9999.000 -9999.000 -9999.000 -9999.000 -9999.000 -9999.000 -9999.000 -9999.000 -9999.000 13551.396 13747.781 13898.332 14219.736 14282.084 14282.244 14218.104 13887.058 08193.031 05049.929 04225.321 04075.389 05341.427 -9999.0 -9999.0 -9999.0 -9999.0 -9999.0 -9999.0 -9999.0 -9999.0 -9999.0 -9999.0 -9999.0 -9999.0 -9999.0 -9999.0 -9999.0 -9999.0 -9999.0 -9999.0
-9999.0 -9999.0 -9999.0 -9999.0 -9999.0 14424.641 11476.656 12651.531 14215.300 14203.100 13184.186 03412.722 13067.633 12701.088 13341.049 06422.394 03056.677 14819.058 15136.846 15120.490 16681.822 17830.113 -9999.000 -9999.000 -9999.000 -9999.000 -9999.000 -9999.000 -9999.000 -9999.000 -9999.000 -9999.000 -9999.000 -9999.000 -9999.000 -9999.000 -9999.000 13833.593 13951.410 14038.779 13968.589 13821.957 13711.442 13124.780 05014.489 04660.565 03207.052 04958.148 05417.649 -9999.0 -9999.0 -9999.0 -9999.0 -9999.0 -9999.0 -9999.0 -9999.0 -9999.0 -9999.0 -9999.0 -9999.0 -9999.0 -9999.0 -9999.0 -9999.0 -9999.0 -9999.0
-9999.0 -9999.0 -9999.0 -9999.0 -9999.0 14437.017 11981.658 11652.210 14167.746 13780.115 12949.434 03423.675 12112.667 13481.503 00931.644 00997.656 00997.836 13475.145 13697.495 14621.802 14591.165 14635.808 -9999.000 -9999.000 -9999.000 -9999.000 -9999.000 -9999.000 -9999.000 -9999.000 -9999.000 -9999.000 -9999.000 -9999.000 -9999.000 -9999.000 -9999.000 13929.640 13934.415 13880.866 13640.101 13416.092 12953.526 12791.949 04225.754 03522.074 03284.713 05004.609 05329.447 -9999.0 -9999.0 -9999.0 -9999.0 -9999.0 -9999.0 -9999.0 -9999.0 -9999.0 -9999.0 -9999.0 -9999.0 -9999.0 -9999.0 -9999.0 -9999.0 -9999.0 -9999.0
-9999.0 -9999.0 -9999.0 -9999.0 -9999.0 14314.070 11812.984 12258.130 14218.493 13831.647 13116.708 12428.699 11012.563 13320.000 00937.722 00957.635 00976.303 13174.925 12540.681 13598.068 14434.683 14374.197 -9999.000 -9999.000 -9999.000 -9999.000 -9999.000 -9999.000 -9999.000 -9999.000 -9999.000 -9999.000 -9999.000 -9999.000 -9999.000 -9999.000 -9999.000 -9999.000 13749.232 13633.113 13067.790 12636.918 12525.207 12095.403 02623.907 02760.885 04456.994 05102.436 05305.265 -9999.0 -9999.0 -9999.0 -9999.0 -9999.0 -9999.0 -9999.0 -9999.0 -9999.0 -9999.0 -9999.0 -9999.0 -9999.0 -9999.0 -9999.0 -9999.0 -9999.0 -9999.0
-9999.0 -9999.0 -9999.0 -9999.0 -9999.0 14192.339 11411.561 12489.421 13980.527 14014.611 13450.655 12785.595 09973.327 13085.018 13477.565 13107.577 13598.023 12818.054 10553.836 12285.663 13578.799 14000.967 -9999.000 -9999.000 -9999.000 -9999.000 -9999.000 -9999.000 -9999.000 -9999.000 -9999.000 -9999.000 -9999.000 -9999.000 -9999.000 -9999.000 -9999.000 -9999.000 13172.620 27939.101 27701.014 27319.339 26478.449 24464.913 02850.482 04798.151 05130.876 05259.053 05443.908 -9999.0 -9999.0 -9999.0 -9999.0 -9999.0 -9999.0 -9999.0 -9999.0 -9999.0 -9999.0 -9999.0 -9999.0 -9999.0 -9999.0 -9999.0 -9999.0 -9999.0 -9999.0
-9999.0 -9999.0 -9999.0 -9999.0 -9999.0 14325.791 11443.888 12414.508 13772.229 14078.229 13844.240 12874.767 10125.059 12646.607 13056.917 12933.604 12821.492 12047.399 11075.388 11053.426 12939.093 13364.508 -9999.000 -9999.000 -9999.000 -9999.000 -9999.000 -9999.000 -9999.000 -9999.000 -9999.000 -9999.000 -9999.000 -9999.000 -9999.000 -9999.000 -9999.000 -9999.000 12917.441 27382.852 27588.871 27272.321 26702.308 25551.916 02188.441 05041.052 05285.619 05382.912 -9999.0 -9999.0 -9999.0 -9999.0 -9999.0 -9999.0 -9999.0 -9999.0 -9999.0 -9999.0 -9999.0 -9999.0 -9999.0 -9999.0 -9999.0 -9999.0 -9999.0 -9999.0 -9999.0
-9999.0 -9999.0 -9999.0 -9999.0 -9999.0 -9999.0 11936.200 12124.980 13490.130 13761.648 14038.740 12947.239 11006.963 11257.138 12616.157 12313.908 11010.843 09505.907 11924.397 10123.199 12307.261 12807.387 -9999.000 -9999.000 -9999.000 -9999.000 -9999.000 -9999.000 -9999.000 -9999.000 -9999.000 -9999.000 -9999.000 -9999.000 -9999.000 -9999.000 -9999.000 -9999.000 27180.715 27585.815 27401.559 26168.632 24600.360 24876.558 24867.088 04854.602 05249.965 05431.998 -9999.0 -9999.0 -9999.0 -9999.0 -9999.0 -9999.0 -9999.0 -9999.0 -9999.0 -9999.0 -9999.0 -9999.0 -9999.0 -9999.0 -9999.0 -9999.0 -9999.0 -9999.0 -9999.0
-9999.0 -9999.0 -9999.0 -9999.0 -9999.0 14128.919 12089.053 11459.561 13091.272 13403.428 13895.675 13242.229 12519.630 10546.560 10678.579 08998.824 12490.594 12544.383 12479.896 12385.917 10415.318 12168.486 -9999.000 -9999.000 -9999.000 -9999.000 -9999.000 -9999.000 -9999.000 -9999.000 -9999.000 -9999.000 -9999.000 -9999.000 -9999.000 -9999.0 -9999.000 26720.081 27363.182 27356.598 27176.750 25320.454 23249.562 21123.944 03495.954 04487.903 05083.861 05349.769 -9999.0 -9999.0 -9999.0 -9999.0 -9999.0 -9999.0 -9999.0 -9999.0 -9999.0 -9999.0 -9999.0 -9999.0 -9999.0 -9999.0 -9999.0 -9999.0 -9999.0 -9999.0 -9999.0
-9999.0 -9999.0 -9999.0 -9999.0 -9999.0 13999.963 12124.017 07375.006 12651.159 13315.111 13744.072 13669.203 13205.902 12448.068 12311.485 11308.706 12827.263 12920.511 12860.925 12894.106 11620.448 08391.055 -9999.000 -9999.000 -9999.000 -9999.000 -9999.000 -9999.000 -9999.000 -9999.000 -9999.000 -9999.000 -9999.000 -9999.000 -9999.000 -9999.000 -9999.000 26609.686 27137.714 25207.072 25198.406 22862.208 22502.951 20936.541 03278.393 04696.441 05080.016 05351.576 -9999.0 -9999.0 -9999.0 -9999.0 -9999.0 -9999.0 -9999.0 -9999.0 -9999.0 -9999.0 -9999.0 -9999.0 -9999.0 -9999.0 -9999.0 -9999.0 -9999.0 -9999.0 -9999.0
-9999.0 -9999.0 -9999.0 -9999.0 -9999.0 -9999.0 12810.463 09422.238 11865.710 13295.058 13556.507 13783.643 13596.697 13020.083 12659.207 12734.013 13089.415 13199.744 13174.800 13162.059 12625.533 12024.266 -9999.000 -9999.000 -9999.000 -9999.000 -9999.000 -9999.000 -9999.000 -9999.000 -9999.000 -9999.0 -9999.000 -9999.000 -9999.000 -9999.000 26502.984 25128.148 23966.287 21129.910 21363.864 20962.467 02487.884 02979.910 04432.346 05100.450 05252.126 05435.743 -9999.0 -9999.0 -9999.0 -9999.0 -9999.0 -9999.0 -9999.0 -9999.0 -9999.0 -9999.0 -9999.0 -9999.0 -9999.0 -9999.0 -9999.0 -9999.0 -9999.0 -9999.0 -9999.0
-9999.0 -9999.0 -9999.0 -9999.0 -9999.0 -9999.0 13914.989 12196.917 10123.532 13043.423 13588.462 13546.406 13555.788 13290.290 12984.970 13075.694 13251.962 13413.658 13392.348 13350.365 13058.586 12869.388 -9999.000 -9999.000 -9999.000 -9999.000 -9999.000 -9999.000 -9999.000 -9999.000 -9999.000 -9999.000 -9999.000 30428.860 30433.665 27181.154 26115.001 24169.852 18366.977 15280.413 18203.571 18654.663 02093.246 04644.114 05177.075 05361.749 05463.259 -9999.0 -9999.0 -9999.0 -9999.0 -9999.0 -9999.0 -9999.0 -9999.0 -9999.0 -9999.0 -9999.0 -9999.0 -9999.0 -9999.0 -9999.0 -9999.0 -9999.0 -9999.0 -9999.0 -9999.0
-9999.0 -9999.0 -9999.0 -9999.0 -9999.0 -9999.0 -9999.0 13883.463 11331.770 11978.479 13325.536 13763.782 13856.216 13598.373 13294.795 13384.723 13422.307 13522.296 13501.109 05993.482 07884.621 05652.181 05265.988 -9999.000 -9999.000 -9999.000 -9999.000 -9999.000 -9999.000 -9999.000 -9999.000 -9999.000 28372.087 28009.081 27506.258 27031.028 26594.137 26044.102 25309.778 24353.175 22752.234 19119.755 02686.425 05058.168 05329.461 -9999.0 -9999.0 -9999.0 -9999.0 -9999.0 -9999.0 -9999.0 -9999.0 -9999.0 -9999.0 -9999.0 -9999.0 -9999.0 -9999.0 -9999.0 -9999.0 -9999.0 -9999.0 -9999.0 -9999.0 -9999.0 -9999.0
-9999.0 -9999.0 -9999.0 -9999.0 -9999.0 -9999.0 -9999.0 -9999.0 13508.774 10813.898 11373.249 13401.568 13817.399 13845.857 13634.521 13597.382 13525.237 13523.508 13532.490 05146.188 05220.785 05251.756 05276.210 -9999.000 -9999.000 -9999.000 -9999.000 -9999.000 -9999.000 -9999.000 -9999.000 -9999.000 28268.281 28000.595 27835.334 27705.741 27580.764 27185.893 26810.739 26142.074 22713.613 23059.638 03882.180 05141.796 05367.652 -9999.0 -9999.0 -9999.0 -9999.0 -9999.0 -9999.0 -9999.0 -9999.0 -9999.0 -9999.0 -9999.0 -9999.0 -9999.0 -9999.0 -9999.0 -9999.0 -9999.0 -9999.0 -9999.0 -9999.0 -9999.0 -9999.0
-9999.0 -9999.0 -9999.0 -9999.0 -9999.0 -9999.0 -9999.0 -9999.0 -9999.0 13216.792 12344.403 11581.849 13135.304 13862.222 14003.848 13678.601 13706.517 13683.740 13658.241 05313.391 05343.954 05339.331 05348.972 05351.074 05433.093 -9999.000 -9999.000 -9999.000 -9999.000 -9999.000 -9999.000 29448.483 28080.118 27988.248 27914.193 27886.331 27791.208 27579.614 27096.762 26052.169 24424.451 23567.620 03771.558 05182.493 05354.531 -9999.0 -9999.0 -9999.0 -9999.0 -9999.0 -9999.0 -9999.0 -9999.0 -9999.0 -9999.0 -9999.0 -9999.0 -9999.0 -9999.0 -9999.0 -9999.0 -9999.0 -9999.0 -9999.0 -9999.0 -9999.0 -9999.0
-9999.0 -9999.0 -9999.0 -9999.0 -9999.0 -9999.0 -9999.0 -9999.0 -9999.0 -9999.0 14013.039 12552.477 08163.065 12486.711 13841.794 13970.049 13856.720 05271.556 05241.713 05310.464 05329.594 05313.212 05312.103 05323.076 05314.122 05455.288 -9999.000 -9999.000 -9999.000 -9999.000 29138.905 29073.298 28129.738 28042.567 27929.866 27881.819 27815.300 27546.370 27303.826 26821.819 25763.892 24649.390 03358.699 05154.656 05343.881 -9999.0 -9999.0 -9999.0 -9999.0 -9999.0 -9999.0 -9999.0 -9999.0 -9999.0 -9999.0 -9999.0 -9999.0 -9999.0 -9999.0 -9999.0 -9999.0 -9999.0 -9999.0 -9999.0 -9999.0 -9999.0 -9999.0
-9999.0 -9999.0 -9999.0 -9999.0 -9999.0 -9999.0 -9999.0 -9999.0 -9999.0 -9999.0 -9999.0 -9999.0 13051.090 11492.778 12124.670 13117.280 13063.340 05813.586 05045.511 05127.181 05029.196 04888.379 05083.964 05186.312 05206.245 05244.596 05263.513 05241.993 05252.096 28976.623 29145.002 29022.988 28102.106 28032.488 27922.528 27999.770 27919.674 27679.307 27480.794 26718.731 25958.308 24832.447 04335.522 05224.767 05363.794 -9999.0 -9999.0 -9999.0 -9999.0 -9999.0 -9999.0 -9999.0 -9999.0 -9999.0 -9999.0 -9999.0 -9999.0 -9999.0 -9999.0 -9999.0 -9999.0 -9999.0 -9999.0 -9999.0 -9999.0 -9999.0 -9999.0
-9999.0 -9999.0 -9999.0 -9999.0 -9999.0 -9999.0 -9999.0 -9999.0 -9999.0 -9999.0 -9999.0 -9999.0 -9999.0 13579.267 11987.852 10186.985 10525.593 02969.885 01916.084 03315.206 02580.090 03386.771 04392.815 05058.194 05033.235 05067.820 05060.424 26290.093 28300.184 28841.437 29064.314 29133.079 05082.096 15385.219 04939.046 04897.620 04812.110 04389.572 14141.173 02573.141 03456.024 03767.218 04913.206 05270.202 05377.356 -9999.0 -9999.0 -9999.0 -9999.0 -9999.0 -9999.0 -9999.0 -9999.0 -9999.0 -9999.0 -9999.0 -9999.0 -9999.0 -9999.0 -9999.0 -9999.0 -9999.0 -9999.0 -9999.0 -9999.0 -9999.0 -9999.0
-9999.0 -9999.0 -9999.0 -9999.0 -9999.0 -9999.0 -9999.0 -9999.0 -9999.0 -9999.0 -9999.0 -9999.0 -9999.0 -9999.0 13816.612 14131.516 11497.091 05061.008 04914.073 04839.450 04914.784 04527.891 04180.032 04924.694 04882.777 04826.886 04860.971 28112.507 28246.800 28899.968 29270.486 28453.326 05048.779 04762.712 03987.557 00699.648 03808.962 04179.018 04558.024 05123.801 05130.683 05186.910 05252.397 05401.022 -9999.0 -9999.0 -9999.0 -9999.0 -9999.0 -9999.0 -9999.0 -9999.0 -9999.0 -9999.0 -9999.0 -9999.0 -9999.0 -9999.0 -9999.0 -9999.0 -9999.0 -9999.0 -9999.0 -9999.0 -9999.0 -9999.0 -9999.0
