tests/Case_5_ReactionIntensity.asc
NCOLS 354
NROWS 235
XLLCORNER 2900300.000000
YLLCORNER 2159500.000000
CELLSIZE 100.000000
NODATA_VALUE -9999.0
[rows 87 to 115 of 235, columns 65 to 129 of 354]
00137.882 00144.682 00150.601 00147.624 00137.229 00265.172 00334.040 00370.413 00253.138 00093.442 00328.952 00470.947 00376.492 00393.484 00615.424 00530.455 00525.952 00624.945 00634.882 00638.689 00644.223 00355.572 00161.748 00161.697 00163.121 00225.935 -9999.000 -9999.0 -9999.0 -9999.0 -9999.0 -9999.0 -9999.0 -9999.0 -9999.0 -9999.0 -9999.0 -9999.0 -9999.0 -9999.0 -9999.0 -9999.0 -9999.0 -9999.0 -9999.0 -9999.0 -9999.0 -9999.0 -9999.0 -9999.0 -9999.0 -9999.0 -9999.0 -9999.0 -9999.0 -9999.0 -9999.0 -9999.0 -9999.0 -9999.0 -9999.0 -9999.0 -9999.0 -9999.0 -9999.0
00142.440 00149.209 00154.110 00155.267 00153.279 00145.532 00124.379 00238.125 00454.307 00265.569 00488.471 00099.757 00241.974 00572.803 00223.775 00369.391 00283.208 00618.711 00628.241 00623.404 00633.193 00401.016 00161.854 00162.762 00219.707 00585.535 00424.364 -9999.000 -9999.0 -9999.0 -9999.0 -9999.0 -9999.0 -9999.0 -9999.0 -9999.0 -9999.0 -9999.0 -9999.0 -9999.0 -9999.0 -9999.0 -9999.0 -9999.0 -9999.0 -9999.0 -9999.0 -9999.0 -9999.0 -9999.0 -9999.0 -9999.0 -9999.0 -9999.0 -9999.0 -9999.0 -9999.0 -9999.0 -9999.0 -9999.0 -9999.0 -9999.0 -9999.0 -9999.0 -9999.0
00150.183 00151.042 00151.725 00154.530 00156.234 00155.132 00140.817 00124.845 00100.596 00103.814 00126.208 00063.811 00472.001 00246.809 00427.928 00565.738 00213.066 00611.663 00601.646 00613.600 00629.390 00510.187 00159.247 00160.962 00162.249 00661.928 00593.525 -9999.000 -9999.0 -9999.0 -9999.0 -9999.0 -9999.0 -9999.0 -9999.0 -9999.0 -9999.0 -9999.0 -9999.0 -9999.0 -9999.0 -9999.0 -9999.0 -9999.0 -9999.0 -9999.0 -9999.0 -9999.0 -9999.0 -9999.0 -9999.0 -9999.0 -9999.0 -9999.0 -9999.0 -9999.0 -9999.0 -9999.0 -9999.0 -9999.0 -9999.0 -9999.0 -9999.0 -9999.0 -9999.0
00154.821 00153.727 00155.164 00155.694 00157.494 00156.604 00155.262 00148.327 00148.020 00147.826 00468.320 00206.804 00625.731 00172.443 00526.948 00546.711 00544.986 00586.497 00602.442 00619.231 00631.542 00533.209 00229.949 00575.374 00462.176 00568.398 00680.360 00668.858 -9999.000 -9999.0 -9999.0 -9999.0 -9999.0 -9999.0 -9999.0 -9999.0 -9999.0 -9999.0 -9999.0 -9999.0 -9999.0 -9999.0 -9999.0 -9999.0 -9999.0 -9999.0 -9999.0 -9999.0 -9999.0 -9999.0 -9999.0 -9999.0 -9999.0 -9999.0 -9999.0 -9999.0 -9999.0 -9999.0 -9999.0 -9999.0 -9999.0 -9999.0 -9999.0 -9999.0 -9999.0
00155.471 00154.619 00156.261 00156.267 00156.646 00158.244 00157.224 00156.521 00155.747 00156.065 00466.534 00174.650 00157.779 00148.916 00488.615 00328.233 00419.280 00566.540 00602.599 00618.604 00633.083 00640.794 00471.881 00180.014 00599.589 00476.570 00636.300 00248.374 -9999.000 -9999.000 -9999.0 -9999.0 -9999.0 -9999.0 -9999.0 -9999.0 -9999.0 -9999.0 -9999.0 -9999.0 -9999.0 -9999.0 -9999.0 -9999.0 -9999.0 -9999.0 -9999.0 -9999.0 -9999.0 -9999.0 -9999.0 -9999.0 -9999.0 -9999.0 -9999.0 -9999.0 -9999.0 -9999.0 -9999.0 -9999.0 -9999.0 -9999.0 -9999.0 -9999.0 -9999.0
00156.330 00155.934 00156.927 00157.172 00157.982 00158.981 00158.785 00158.302 00158.265 00158.080 00302.743 00158.587 00156.550 00150.088 00129.624 00167.299 00588.175 00427.864 00578.717 00614.514 00630.142 00634.097 00642.032 00641.209 00641.357 00189.543 00280.196 00653.711 00471.513 -9999.000 -9999.0 -9999.0 -9999.0 -9999.0 -9999.0 -9999.0 -9999.0 -9999.0 -9999.0 -9999.0 -9999.0 -9999.0 -9999.0 -9999.0 -9999.0 -9999.0 -9999.0 -9999.0 -9999.0 -9999.0 -9999.0 -9999.0 -9999.0 -9999.0 -9999.0 -9999.0 -9999.0 -9999.0 -9999.0 -9999.0 -9999.0 -9999.0 -9999.0 -9999.0 -9999.0
00156.913 00157.363 00158.175 00159.064 00158.865 00158.722 00159.265 00159.199 00159.368 00158.531 00159.790 00158.569 00156.436 00155.835 00359.972 00386.124 00235.765 00393.139 00533.409 00603.961 00622.946 00630.237 00637.837 00633.495 00648.335 00300.415 00279.642 00506.112 00637.685 00328.624 -9999.000 -9999.0 -9999.0 -9999.0 -9999.0 -9999.0 -9999.0 -9999.0 -9999.0 -9999.0 -9999.0 -9999.0 -9999.0 -9999.0 -9999.0 -9999.0 -9999.0 -9999.0 -9999.0 -9999.0 -9999.0 -9999.0 -9999.0 -9999.0 -9999.0 -9999.0 -9999.0 -9999.0 -9999.0 -9999.0 -9999.0 -9999.0 -9999.0 -9999.0 -9999.0
00157.860 00157.854 00157.956 00158.960 00159.860 00159.766 00159.539 00159.931 00159.468 00159.481 00160.128 00158.813 00157.572 00157.086 00375.373 00348.797 00394.630 00308.392 00191.563 00558.148 00600.070 00618.141 00628.895 00630.010 00646.689 00349.946 00202.545 00401.202 00246.594 00449.046 00281.692 -9999.000 -9999.0 -9999.0 -9999.0 -9999.0 -9999.0 -9999.0 -9999.0 -9999.0 -9999.0 -9999.0 -9999.0 -9999.0 -9999.0 -9999.0 -9999.0 -9999.0 -9999.0 -9999.0 -9999.0 -9999.0 -9999.0 -9999.0 -9999.0 -9999.0 -9999.0 -9999.0 -9999.0 -9999.0 -9999.0 -9999.0 -9999.0 -9999.0 -9999.0
00159.539 00158.269 00158.830 00159.280 00159.375 00159.324 00159.953 00159.690 00158.723 00159.467 00158.969 00158.821 00158.749 00158.441 00159.334 00382.861 00156.817 00148.690 00125.167 00108.873 00103.382 00423.644 00608.716 00626.469 00637.598 00277.387 00449.293 01330.045 01276.746 01478.463 00162.693 00257.508 -9999.000 -9999.0 -9999.0 -9999.0 -9999.0 -9999.0 -9999.0 -9999.0 -9999.0 -9999.0 -9999.0 -9999.0 -9999.0 -9999.0 -9999.0 -9999.0 -9999.0 -9999.0 -9999.0 -9999.0 -9999.0 -9999.0 -9999.0 -9999.0 -9999.0 -9999.0 -9999.0 -9999.0 -9999.0 -9999.0 -9999.0 -9999.0 -9999.0
00160.492 00159.306 00159.235 00158.447 00158.423 00160.307 00159.396 00159.481 00159.603 00159.278 00158.764 00159.384 00159.872 00159.076 00158.087 00158.101 00156.432 00154.542 00140.296 00147.696 00110.273 00499.606 00615.616 00616.210 00631.583 00644.093 00502.748 01386.139 01232.086 00720.293 00217.758 00561.883 00490.894 -9999.000 -9999.0 -9999.0 -9999.0 -9999.0 -9999.0 -9999.0 -9999.0 -9999.0 -9999.0 -9999.0 -9999.0 -9999.0 -9999.0 -9999.0 -9999.0 -9999.0 -9999.0 -9999.0 -9999.0 -9999.0 -9999.0 -9999.0 -9999.0 -9999.0 -9999.0 -9999.0 -9999.0 -9999.0 -9999.0 -9999.0 -9999.0
00160.562 00160.012 00159.636 00158.005 00159.923 00157.978 00158.554 00159.924 00160.979 00158.844 00158.435 00158.958 00159.419 00159.391 00156.778 00155.868 00510.022 00151.056 00149.253 00150.616 00130.724 00096.374 00864.183 02084.725 01986.082 01973.570 00893.266 00945.068 01537.354 00437.890 01005.825 01360.123 02071.727 -9999.000 -9999.0 -9999.0 -9999.0 -9999.0 -9999.0 -9999.0 -9999.0 -9999.0 -9999.0 -9999.0 -9999.0 -9999.0 -9999.0 -9999.0 -9999.0 -9999.0 -9999.0 -9999.0 -9999.0 -9999.0 -9999.0 -9999.0 -9999.0 -9999.0 -9999.0 -9999.0 -9999.0 -9999.0 -9999.0 -9999.0 -9999.0
00161.720 00160.819 00160.229 00160.837 00158.026 00158.915 00158.557 00159.012 00160.375 00160.764 00159.190 00160.199 00158.994 00157.522 00154.918 01612.727 01954.468 00190.406 00148.371 00147.130 00144.286 00106.649 01652.563 01214.001 00786.480 01709.454 00774.177 01173.505 01050.390 00976.752 01462.794 01938.109 00360.756 -9999.000 -9999.0 -9999.0 -9999.0 -9999.0 -9999.0 -9999.0 -9999.0 -9999.0 -9999.0 -9999.0 -9999.0 -9999.0 -9999.0 -9999.0 -9999.0 -9999.0 -9999.0 -9999.0 -9999.0 -9999.0 -9999.0 -9999.0 -9999.0 -9999.0 -9999.0 -9999.0 -9999.0 -9999.0 -9999.0 -9999.0 -9999.0
00356.290 00161.316 00161.638 00160.736 00160.740 00160.240 00161.335 00160.979 00160.167 00159.850 00158.419 00157.174 00156.136 00155.185 00145.568 01188.292 01816.307 00119.017 00117.015 00126.701 00146.675 00105.383 00743.015 01641.686 01079.692 00576.436 01437.264 01039.252 00789.798 00671.171 01114.855 00556.079 00467.712 00614.996 -9999.0 -9999.0 -9999.0 -9999.0 -9999.0 -9999.0 -9999.0 -9999.0 -9999.0 -9999.0 -9999.0 -9999.0 -9999.0 -9999.0 -9999.0 -9999.0 -9999.0 -9999.0 -9999.0 -9999.0 -9999.0 -9999.0 -9999.0 -9999.0 -9999.0 -9999.0 -9999.0 -9999.0 -9999.0 -9999.0 -9999.0
00585.695 00523.074 00673.258 00160.686 00159.569 00160.835 00159.659 00157.616 00158.151 00158.844 00157.234 00154.003 00154.548 00153.192 00133.397 01278.012 01324.636 00706.037 00458.684 00341.056 00983.864 01464.903 01574.008 00967.583 01545.316 01383.032 01407.139 01304.697 00207.758 01192.324 01045.432 01335.523 00289.230 00749.246 -9999.000 -9999.0 -9999.0 -9999.0 -9999.0 -9999.0 -9999.0 -9999.0 -9999.0 -9999.0 -9999.0 -9999.0 -9999.0 -9999.0 -9999.0 -9999.0 -9999.0 -9999.0 -9999.0 -9999.0 -9999.0 -9999.0 -9999.0 -9999.0 -9999.0 -9999.0 -9999.0 -9999.0 -9999.0 -9999.0 -9999.0
00338.946 00574.732 00634.207 00242.728 00159.914 00158.788 00159.789 00159.387 00156.616 00158.289 00154.516 00153.021 00153.213 00145.140 00115.739 01519.581 01694.312 01524.151 00511.333 00059.151 01294.418 01794.578 01117.029 00896.006 00708.586 01649.638 00340.649 02112.455 00218.383 01738.733 01519.552 02219.582 00784.929 00192.715 00655.123 -9999.0 -9999.0 -9999.0 -9999.0 -9999.0 -9999.0 -9999.0 -9999.0 -9999.0 -9999.0 -9999.0 -9999.0 -9999.0 -9999.0 -9999.0 -9999.0 -9999.0 -9999.0 -9999.0 -9999.0 -9999.0 -9999.0 -9999.0 -9999.0 -9999.0 -9999.0 -9999.0 -9999.0 -9999.0 -9999.0
00518.798 00479.997 00240.678 00532.300 00163.693 00157.441 00159.106 00158.699 00156.466 00155.451 01551.096 01653.523 00268.588 02114.752 01103.842 01111.761 00863.106 01568.046 00652.603 00126.317 00524.916 01805.657 01223.403 00796.920 00863.381 02182.862 01979.816 00228.052 01357.214 01303.756 01255.256 02235.394 01233.310 01950.136 00692.623 -9999.000 -9999.000 -9999.0 -9999.0 -9999.0 -9999.0 -9999.0 -9999.0 -9999.0 -9999.0 -9999.0 -9999.0 -9999.0 -9999.0 -9999.0 -9999.0 -9999.0 -9999.0 -9999.0 -9999.0 -9999.0 -9999.0 -9999.0 -9999.0 -9999.0 -9999.0 -9999.0 -9999.0 -9999.0 -9999.0
00147.811 00150.573 00462.914 00223.829 00301.821 00160.094 00158.731 00158.717 00157.874 00158.899 00979.689 02076.069 01745.751 00545.721 00657.831 00363.006 00988.472 00078.718 00412.712 00343.980 00238.975 01806.909 01399.703 01152.629 01242.078 01461.012 01520.363 01441.563 02030.811 01271.967 00296.353 01663.515 00827.589 01646.107 01035.738 00462.743 00452.383 -9999.000 -9999.0 -9999.0 -9999.0 -9999.0 -9999.0 -9999.0 -9999.0 -9999.0 -9999.0 -9999.0 -9999.0 -9999.0 -9999.0 -9999.0 -9999.0 -9999.0 -9999.0 -9999.0 -9999.0 -9999.0 -9999.0 -9999.0 -9999.0 -9999.0 -9999.0 -9999.0 -9999.0
-9999.0 -9999.0 00444.918 00513.302 00361.433 00520.636 00160.075 00158.679 00159.328 00157.723 01234.007 00321.569 01840.678 00243.517 01413.624 01961.967 01726.642 01686.478 01476.896 00516.577 00395.318 01606.516 01739.386 00835.132 00931.302 00624.145 00996.976 02080.537 00351.800 00871.503 01487.415 00914.891 00365.964 00748.705 01730.768 01993.603 01305.725 01478.682 -9999.000 -9999.0 -9999.0 -9999.0 -9999.0 -9999.0 -9999.0 -9999.0 -9999.0 -9999.0 -9999.0 -9999.0 -9999.0 -9999.0 -9999.0 -9999.0 -9999.0 -9999.0 -9999.0 -9999.0 -9999.0 -9999.0 -9999.0 -9999.0 -9999.0 -9999.0 -9999.0
-9999.0 -9999.0 00150.437 00462.009 00188.226 02084.944 01688.654 02085.227 00264.724 00274.232 01200.511 02109.244 01178.196 01379.235 00558.101 01056.449 00915.933 00849.732 00837.269 01363.890 00127.238 01294.629 00553.917 01190.585 02050.884 00112.260 00218.456 01883.176 01338.013 00898.524 01291.921 01955.436 00412.839 01339.317 00706.474 01776.837 01197.786 00409.003 02056.717 -9999.000 -9999.0 -9999.0 -9999.0 -9999.0 -9999.0 -9999.0 -9999.0 -9999.0 -9999.0 -9999.0 -9999.0 -9999.0 -9999.0 -9999.0 -9999.0 -9999.0 -9999.0 -9999.0 -9999.0 -9999.0 -9999.0 -9999.0 -9999.0 -9999.0 -9999.0
-9999.0 -9999.0 00144.928 00266.917 00478.757 01665.670 01832.066 00450.103 02103.441 02235.226 00290.332 01777.406 00865.707 02075.891 02048.924 01005.125 00859.546 01053.088 01800.856 00861.250 00625.400 00538.080 00355.050 00569.810 01150.632 00119.462 00124.666 01229.837 01554.785 00973.646 00769.428 01608.452 00985.184 01620.499 02136.190 02280.897 01491.224 01984.323 00867.751 00655.803 -9999.000 -9999.000 -9999.0 -9999.0 -9999.0 -9999.0 -9999.0 -9999.0 -9999.0 -9999.0 -9999.0 -9999.0 -9999.0 -9999.0 -9999.0 -9999.0 -9999.0 -9999.0 -9999.0 -9999.0 -9999.0 -9999.0 -9999.0 -9999.0 -9999.0
-9999.0 -9999.0 01681.675 00884.489 00773.703 01433.915 01565.002 00865.617 01557.457 02175.785 00900.030 01261.465 02068.320 01329.341 01568.244 00446.894 01168.516 00831.095 01894.807 01971.083 01090.682 01081.082 00100.586 00129.226 00127.017 00140.005 00142.879 00122.883 00298.434 00609.495 00277.675 00670.425 00899.877 01888.664 01241.754 00407.457 00402.265 00199.478 00199.417 00477.054 01262.016 01168.277 -9999.000 -9999.000 -9999.000 -9999.000 -9999.000 00442.110 00232.998 00474.722 -9999.000 -9999.000 -9999.000 -9999.0 -9999.0 -9999.0 -9999.0 -9999.0 -9999.0 -9999.0 -9999.0 -9999.0 -9999.0 -9999.0 -9999.0
-9999.0 -9999.0 01245.073 01452.872 00450.697 01900.899 01029.023 01910.436 01203.052 02010.985 00731.485 00384.463 00738.990 01527.740 01619.765 00976.434 00348.910 01239.393 00703.789 01465.976 01436.425 01536.631 00118.876 00148.445 00154.947 00155.437 00155.635 00150.232 00138.343 00133.966 00121.202 00113.580 01190.758 01519.382 00880.132 00484.660 00190.413 00365.365 00499.021 00487.948 01486.145 01227.824 00976.729 00603.437 00314.406 00221.414 00474.829 00249.538 00431.471 00369.077 00955.970 01405.904 00251.113 01079.708 -9999.000 -9999.000 -9999.0 -9999.0 -9999.0 -9999.0 -9999.0 -9999.0 -9999.0 -9999.0 -9999.0
-9999.0 -9999.0 01909.935 01345.392 01784.404 01040.656 00235.008 01415.122 01889.176 02042.897 01339.310 01204.594 01359.946 00214.485 01855.447 02179.930 00337.628 01413.757 00455.304 01614.341 01924.860 02000.665 00147.515 00151.871 00157.337 00157.866 00157.609 00155.885 00155.106 00150.879 00144.432 00115.028 00950.768 00658.161 01324.234 00415.162 00257.305 00161.599 00237.880 00176.007 01171.124 01142.050 00381.507 00183.772 01183.589 00277.391 00265.167 00443.531 00624.638 00475.166 01413.174 00677.742 00769.020 01605.688 01798.987 00848.049 01776.392 00160.192 00160.590 -9999.000 -9999.000 -9999.000 -9999.0 -9999.0 -9999.0
-9999.0 -9999.0 -9999.0 -9999.0 -9999.0 -9999.0 00122.689 01884.238 01083.960 01756.191 01909.477 01692.984 01435.068 00624.748 00445.628 01451.327 01806.064 00206.255 01615.396 02087.341 01512.483 00301.832 00154.893 01991.957 02054.567 00159.512 00196.123 00324.831 00388.568 00184.602 00284.191 00209.935 00269.436 00193.647 00241.879 00330.881 00000.000 00495.278 00181.592 00382.653 01245.898 01821.388 00424.276 01377.100 00185.533 00384.484 00209.790 00346.998 00583.399 00232.767 00454.877 00513.629 00372.064 00497.491 00338.799 00487.882 00418.456 00449.063 00202.666 00467.300 00205.249 00352.680 00435.521 -9999.000 -9999.0
-9999.0 -9999.0 -9999.0 -9999.0 -9999.0 -9999.0 -9999.0 01024.689 01707.013 01294.146 02144.881 00630.338 02166.127 00651.825 01157.116 01263.408 01280.992 01852.713 00275.256 02187.892 01122.196 00720.365 01872.925 02152.409 01397.531 00158.185 00160.397 00240.600 00482.676 00642.242 00406.969 00441.581 00209.130 00169.740 00289.391 00417.892 00456.402 00372.372 00213.066 00412.182 01058.530 00543.758 01622.915 02021.326 01574.455 00485.691 00617.553 00471.421 00186.557 00396.649 00342.332 00454.896 00511.350 00458.689 00609.483 00488.983 00566.871 00558.337 00496.118 00632.173 00433.495 00601.236 00361.573 00214.923 -9999.000
-9999.0 -9999.0 -9999.0 -9999.0 -9999.0 -9999.0 00495.292 01756.687 00192.353 01147.893 00292.302 00568.209 01770.147 02054.520 02264.145 01133.277 00217.812 00793.282 00893.135 02121.953 00910.399 01993.283 00157.001 00158.152 00159.512 00399.228 00637.651 00448.233 00604.879 00202.477 00160.675 00160.008 00158.809 00158.009 00158.989 00376.906 00328.514 00222.470 00134.635 00187.057 00558.347 00465.935 00598.830 00533.637 00585.605 00344.578 00202.392 00204.307 00272.340 00204.003 00169.823 00018.655 00071.046 00008.010 00048.736 00006.964 00000.154 00047.401 00036.568 00191.202 00175.855 00040.647 00223.007 00580.553 00541.716
-9999.0 -9999.0 -9999.0 -9999.0 -9999.0 00071.323 01419.773 01019.728 00739.900 01819.986 00150.180 00262.941 01366.941 00977.483 00427.631 01542.254 00953.995 01661.399 01089.132 01747.876 00435.660 00874.379 00159.564 00158.307 00159.345 00244.886 00656.888 00296.408 00475.640 00425.169 00157.834 00160.548 00159.771 00159.755 00159.618 00440.259 00534.300 00264.521 00343.662 00219.101 00053.527 00306.893 00109.745 00125.424 00165.613 00135.103 00086.875 00208.779 00372.831 00161.348 00233.725 00291.819 00437.463 00196.667 00159.056 00312.159 00231.710 00432.212 00368.612 00178.098 00206.364 00169.089 00275.659 00258.853 00313.798
-9999.0 -9999.0 -9999.0 -9999.0 -9999.0 -9999.0 00691.664 01574.282 00958.032 01949.074 -9999.0 00414.610 01673.424 01553.681 01964.211 01439.765 00323.348 01788.868 00758.434 02087.057 01374.308 01811.237 00158.549 00158.587 00158.787 00668.709 00652.742 00102.471 00109.057 00337.433 00197.226 00158.738 00159.780 00158.269 00161.382 00672.523 00539.784 00648.370 00269.780 00515.374 00506.880 00261.349 00319.071 00271.716 00163.050 00424.279 00275.366 00336.568 00388.796 00327.609 00590.839 00210.811 00468.007 00201.945 00243.110 00190.639 00320.333 00502.640 00351.308 00380.805 00430.473 00210.320 00427.465 00295.823 00200.487
-9999.0 -9999.0 -9999.0 -9999.0 -9999.0 -9999.0 -9999.0 -9999.0 -9999.0 -9999.0 -9999.0 00096.849 00436.957 00232.357 00526.742 00157.678 00160.660 00158.037 00158.744 00159.914 00161.280 00158.857 00282.843 00668.238 00667.959 00657.402 00208.002 00392.730 -9999.0 00306.592 00657.947 00667.650 00158.997 00158.676 00160.638 00665.198 00169.759 00562.917 00666.856 00411.260 00161.335 00161.597 00160.076 00159.920 00160.233 00159.724 00161.102 00160.895 00161.120 00161.068 00619.594 00557.601 00561.526 00506.561 00581.491 00621.147 00260.835 00337.145 00571.435 00652.428 00671.881 00429.781 00191.893 00035.073 00400.076
