tests/Case_4_HeatPerUnitArea.asc
NCOLS 245
NROWS 163
XLLCORNER 4208400.000000
YLLCORNER 1880200.000000
CELLSIZE 100.000000
NODATA_VALUE -9999.0
[rows 87 to 115 of 163, columns 64 to 127 of 245]
06408.979 13447.486 00619.049 00427.165 00704.530 00872.120 00678.472 26343.646 08141.537 09950.524 18903.536 20525.732 03986.496 04208.744 04190.029 04749.998 05046.491 28005.429 27955.607 27936.101 27952.148 23501.952 09278.687 05048.390 05044.175 04895.236 02743.382 28349.619 29018.632 28245.148 29399.477 26235.680 05598.970 05719.135 05761.685 05747.144 05677.575 01049.324 -9999.000 -9999.0 -9999.0 -9999.0 -9999.0 -9999.0 -9999.0 -9999.0 -9999.0 -9999.0 -9999.0 -9999.0 -9999.0 -9999.0 -9999.0 -9999.0 -9999.0 -9999.0 -9999.0 -9999.0 -9999.0 -9999.0 -9999.0 -9999.0 -9999.0 -9999.0
12433.436 07655.982 00672.521 00750.233 00503.149 00858.814 00806.001 27379.567 23522.446 00994.163 08801.728 11197.498 04234.596 04999.966 03092.797 04686.018 05033.937 28053.908 28029.694 28011.072 28008.178 28031.429 12564.274 05050.098 05047.135 04876.486 02910.868 28378.869 29012.589 29516.299 29746.064 24066.562 05567.180 05695.612 05751.164 05755.947 05702.557 01049.667 -9999.000 -9999.0 -9999.0 -9999.0 -9999.0 -9999.0 -9999.0 -9999.0 -9999.0 -9999.0 -9999.0 -9999.0 -9999.0 -9999.0 -9999.0 -9999.0 -9999.0 -9999.0 -9999.0 -9999.0 -9999.0 -9999.0 -9999.0 -9999.0 -9999.0 -9999.0
25474.931 24777.984 00691.212 00797.292 00382.923 00842.906 00835.022 27860.025 27009.026 23191.463 08431.862 06841.564 03697.872 04985.126 04723.411 04360.975 05009.118 28081.283 28066.383 28055.917 28052.599 28059.063 05048.306 05041.933 05042.461 04890.836 02904.310 28162.913 28610.317 27263.337 29545.649 24944.010 05492.516 05649.817 05749.077 05775.328 05719.470 01052.796 -9999.000 -9999.0 -9999.0 -9999.0 -9999.0 -9999.0 -9999.0 -9999.0 -9999.0 -9999.0 -9999.0 -9999.0 -9999.0 -9999.0 -9999.0 -9999.0 -9999.0 -9999.0 -9999.0 -9999.0 -9999.0 -9999.0 -9999.0 -9999.0 -9999.0 -9999.0
04666.814 04602.213 00878.615 00815.252 00575.036 00777.229 00869.039 00824.040 00690.526 00684.426 04638.956 04051.150 04649.829 05080.401 04956.712 03682.791 04929.655 05170.655 08035.517 05186.611 05076.087 05053.148 05046.646 05033.905 05038.091 04941.703 03764.531 04010.139 05002.281 05088.513 23860.514 05326.866 05451.230 05605.761 05707.306 05753.160 05767.664 05720.345 -9999.000 -9999.0 -9999.0 -9999.0 -9999.0 -9999.0 -9999.0 -9999.0 -9999.0 -9999.0 -9999.0 -9999.0 -9999.0 -9999.0 -9999.0 -9999.0 -9999.0 -9999.0 -9999.0 -9999.0 -9999.0 -9999.0 -9999.0 -9999.0 -9999.0 -9999.0
05006.140 04440.186 00840.780 00836.242 00739.263 00545.149 00818.413 00865.325 00870.161 00865.691 05126.187 05089.988 05126.034 05138.066 05100.728 03608.379 04528.164 05103.626 05100.963 05125.581 05003.003 05010.796 05012.312 04977.508 04992.302 05035.663 04755.891 04265.595 03500.894 02108.362 04740.005 04943.856 05368.247 05487.428 05617.389 05721.848 05759.816 05758.819 -9999.000 -9999.0 -9999.0 -9999.0 -9999.0 -9999.0 -9999.0 -9999.0 -9999.0 -9999.0 -9999.0 -9999.0 -9999.0 -9999.0 -9999.0 -9999.0 -9999.0 -9999.0 -9999.0 -9999.0 -9999.0 -9999.0 -9999.0 -9999.0 -9999.0 -9999.0
00818.855 00833.358 00837.857 00842.417 00807.210 00597.250 00468.574 00699.460 00812.624 00823.224 00813.199 00882.441 05094.950 05007.835 05240.161 04958.927 01063.286 04884.833 04899.151 04929.534 04763.905 04767.234 04841.844 04774.383 04851.741 05041.113 05024.535 04924.854 04786.184 04535.878 03679.597 03059.296 05145.475 05384.974 05523.233 05646.551 05741.864 05773.051 05743.699 -9999.000 -9999.0 -9999.0 -9999.0 -9999.0 -9999.0 -9999.0 -9999.0 -9999.0 -9999.0 -9999.0 -9999.0 -9999.0 -9999.0 -9999.0 -9999.0 -9999.0 -9999.0 -9999.0 -9999.0 -9999.0 -9999.0 -9999.0 -9999.0 -9999.0
00690.256 00767.485 00823.994 00836.136 00835.177 00803.800 00736.312 00561.637 00130.936 00601.859 00659.706 00669.628 03701.401 04775.340 05158.474 05189.037 04663.657 03704.127 04101.396 04419.300 04587.362 04188.733 04122.042 04182.778 04235.032 04962.851 05042.944 05046.281 05022.190 04963.348 05036.470 04232.686 03034.966 05202.938 05440.230 05574.508 05664.982 05750.104 05780.503 05730.196 -9999.000 -9999.0 -9999.0 -9999.0 -9999.0 -9999.0 -9999.0 -9999.0 -9999.0 -9999.0 -9999.0 -9999.0 -9999.0 -9999.0 -9999.0 -9999.0 -9999.0 -9999.0 -9999.0 -9999.0 -9999.0 -9999.0 -9999.0 -9999.0
-9999.0 01002.498 00787.216 00834.007 00836.967 00841.294 00830.900 00810.253 00767.371 00725.999 00661.500 00569.381 04521.428 02339.720 05980.151 05236.554 05175.314 04843.732 04105.948 02499.422 02972.497 03145.357 04446.598 04159.832 03830.326 04627.409 04938.580 05026.022 05048.112 05182.798 05163.250 04879.640 04321.029 04467.697 05331.471 05490.278 05648.471 05748.853 05776.711 05742.495 05672.096 -9999.0 -9999.0 -9999.0 -9999.0 -9999.0 -9999.0 -9999.0 -9999.0 -9999.0 -9999.0 -9999.0 -9999.0 -9999.0 -9999.0 -9999.0 -9999.0 -9999.0 -9999.0 -9999.0 -9999.0 -9999.0 -9999.0 -9999.0
-9999.0 00540.923 17155.772 28135.535 18560.406 00835.682 00842.964 00846.292 00844.740 00840.573 00797.504 00584.604 20754.491 26679.880 24006.814 05138.444 05245.274 05231.707 05188.297 05052.067 04954.410 04929.770 04940.933 05122.021 04980.103 00987.688 04433.426 04828.852 05122.713 05150.240 05041.143 05039.216 04884.973 02975.575 05331.118 05487.899 05637.586 05744.747 05773.522 05745.148 05678.256 -9999.000 -9999.0 -9999.0 -9999.0 -9999.0 -9999.0 -9999.0 -9999.0 -9999.0 -9999.0 -9999.0 -9999.0 -9999.0 -9999.0 -9999.0 -9999.0 -9999.0 -9999.0 -9999.0 -9999.0 -9999.0 -9999.0 -9999.0
-9999.0 00581.592 28027.004 28094.415 26178.557 00781.251 00797.977 00832.768 00838.961 00847.112 00799.919 00630.251 22585.006 26610.484 25971.887 04619.842 05140.489 05212.514 05240.226 05242.473 05235.808 05220.113 05215.414 05152.839 05137.374 04985.628 03829.718 04024.233 04915.900 05015.646 04954.466 05027.470 04935.272 02263.669 05295.215 05477.299 05624.636 05740.641 05770.648 05753.341 05686.793 -9999.000 -9999.0 -9999.0 -9999.0 -9999.0 -9999.0 -9999.0 -9999.0 -9999.0 -9999.0 -9999.0 -9999.0 -9999.0 -9999.0 -9999.0 -9999.0 -9999.0 -9999.0 -9999.0 -9999.0 -9999.0 -9999.0 -9999.0
-9999.0 00420.846 27947.412 27978.599 27981.462 00544.359 00665.790 00752.840 00831.567 00841.012 00826.684 00651.471 18445.700 25776.116 26659.771 26677.401 25182.373 26704.543 24518.626 28164.223 07311.095 05200.914 05197.305 04994.179 04979.181 05136.152 05072.699 04621.278 03925.327 04506.124 04617.986 05024.493 04970.610 01970.676 05260.601 05464.731 05614.618 05733.741 05767.186 05754.839 05696.034 -9999.000 -9999.0 -9999.0 -9999.0 -9999.0 -9999.0 -9999.0 -9999.0 -9999.0 -9999.0 -9999.0 -9999.0 -9999.0 -9999.0 -9999.0 -9999.0 -9999.0 -9999.0 -9999.0 -9999.0 -9999.0 -9999.0 -9999.0
-9999.0 -9999.0 26384.824 27916.167 25044.573 00504.145 00724.978 00797.078 00831.134 00846.053 00800.846 00613.146 08746.491 23708.681 24183.159 26308.900 27562.415 28003.680 28299.201 28002.970 08100.221 04971.079 04971.864 04546.608 03467.689 04962.737 05131.610 05070.873 04691.210 02816.279 04491.236 05010.870 04985.513 03274.997 05219.219 05454.032 05605.084 05721.636 05764.143 05758.383 05706.295 -9999.000 -9999.0 -9999.0 -9999.0 -9999.0 -9999.0 -9999.0 -9999.0 -9999.0 -9999.0 -9999.0 -9999.0 -9999.0 -9999.0 -9999.0 -9999.0 -9999.0 -9999.0 -9999.0 -9999.0 -9999.0 -9999.0 -9999.0
-9999.0 00320.931 27946.468 28063.530 22816.595 00795.577 00836.512 02140.933 00844.526 00820.382 00767.189 00561.801 09909.287 10417.348 13998.326 24089.875 27059.641 27910.323 28038.875 28177.724 04942.484 03856.020 02570.518 03070.816 04464.647 04263.524 05124.509 05247.171 05214.856 04650.061 04495.969 04982.557 05010.653 03778.099 05159.853 05440.223 05585.536 05700.481 05758.725 05762.842 05713.888 -9999.000 -9999.0 -9999.0 -9999.0 -9999.0 -9999.0 -9999.0 -9999.0 -9999.0 -9999.0 -9999.0 -9999.0 -9999.0 -9999.0 -9999.0 -9999.0 -9999.0 -9999.0 -9999.0 -9999.0 -9999.0 -9999.0 -9999.0
27756.503 27903.936 28016.021 28111.003 28156.099 28204.701 28205.753 25582.553 28101.326 27865.189 27406.187 25093.149 20775.032 14208.786 04630.073 21493.207 26014.790 03835.304 18705.415 12181.758 04476.969 02022.545 05002.328 05051.580 05031.031 04523.912 04490.639 05122.363 05236.021 04819.915 04139.674 04962.121 05024.486 04188.416 05037.727 05414.114 05553.556 05676.364 05750.332 05770.241 05722.421 -9999.000 -9999.0 -9999.0 -9999.0 -9999.0 -9999.0 -9999.0 -9999.0 -9999.0 -9999.0 -9999.0 -9999.0 -9999.0 -9999.0 -9999.0 -9999.0 -9999.0 -9999.0 -9999.0 -9999.0 -9999.0 -9999.0 -9999.0
27803.643 27931.566 28047.692 28123.761 28206.677 28321.450 28202.629 28210.745 28149.711 27931.950 27609.177 26924.558 26664.323 24644.843 17054.795 10076.061 22833.533 04655.792 04225.887 04069.908 04077.683 04925.577 05147.759 05184.958 05172.176 05026.476 04262.703 04974.926 05242.542 05154.113 02045.197 04907.633 05038.868 04520.023 04645.035 05380.811 05519.434 05644.798 05745.932 05776.467 05732.410 05650.152 -9999.0 -9999.0 -9999.0 -9999.0 -9999.0 -9999.0 -9999.0 -9999.0 -9999.0 -9999.0 -9999.0 -9999.0 -9999.0 -9999.0 -9999.0 -9999.0 -9999.0 -9999.0 -9999.0 -9999.0 -9999.0 -9999.0
27801.421 27928.660 28040.472 28172.600 28306.575 28365.793 28357.446 28374.623 28166.747 28039.329 27800.830 27528.011 27448.661 26670.973 22572.302 14909.525 05597.849 04099.809 05101.418 05080.139 05088.237 05162.239 05185.862 05166.238 05185.961 05149.116 04723.918 04206.818 05100.322 05184.881 03983.223 04877.901 05041.453 04555.140 04674.231 05377.855 05523.352 05647.767 05749.512 05765.047 05741.037 05664.111 -9999.0 -9999.0 -9999.0 -9999.0 -9999.0 -9999.0 -9999.0 -9999.0 -9999.0 -9999.0 -9999.0 -9999.0 -9999.0 -9999.0 -9999.0 -9999.0 -9999.0 -9999.0 -9999.0 -9999.0 -9999.0 -9999.0
27801.108 27922.987 28119.636 28283.704 28290.949 28374.281 28396.742 28423.813 28193.307 28149.947 27993.739 27751.801 27728.788 27289.123 26677.058 24152.160 20393.864 04790.041 05148.296 05181.697 05183.568 05164.278 05089.816 05133.823 05178.220 05149.023 05042.576 01004.153 05016.640 05077.142 02846.752 04966.767 05013.598 03976.820 05111.040 05428.446 05582.584 05704.997 05758.345 05772.273 05754.043 05691.014 -9999.000 -9999.0 -9999.0 -9999.0 -9999.0 -9999.0 -9999.0 -9999.0 -9999.0 -9999.0 -9999.0 -9999.0 -9999.0 -9999.0 -9999.0 -9999.0 -9999.0 -9999.0 -9999.0 -9999.0 -9999.0 -9999.0
27769.774 27987.239 28198.307 28260.584 28282.350 28301.665 28375.181 28394.114 28201.121 28174.475 28095.561 27976.120 27897.473 27698.993 27584.771 27266.869 26990.728 04978.256 05183.704 05159.281 05133.203 04981.868 04649.432 05040.618 05120.331 05136.543 04944.185 04270.133 05133.569 04925.979 04232.863 05008.899 04969.839 03060.470 05229.138 05453.006 05602.813 05718.327 05761.871 05761.986 05732.503 11053.746 -9999.000 -9999.0 -9999.0 -9999.0 -9999.0 -9999.0 -9999.0 -9999.0 -9999.0 -9999.0 -9999.0 -9999.0 -9999.0 -9999.0 -9999.0 -9999.0 -9999.0 -9999.0 -9999.0 -9999.0 -9999.0 -9999.0
27814.395 28034.096 28124.085 28180.412 28185.805 28233.158 28283.585 28312.090 28207.543 28194.525 28151.606 28161.703 28009.849 27913.186 27852.640 04990.565 04994.985 05115.772 05183.900 04834.748 04690.219 03553.143 04931.247 05122.176 05149.220 05069.596 03638.200 05092.941 05124.424 03981.116 04849.021 05050.428 04803.634 02998.622 05247.035 05429.058 05571.025 05690.235 05751.763 05765.481 31481.669 31347.383 31123.351 -9999.000 -9999.0 -9999.0 -9999.0 -9999.0 -9999.0 -9999.0 -9999.0 -9999.0 -9999.0 -9999.0 -9999.0 -9999.0 -9999.0 -9999.0 -9999.0 -9999.0 -9999.0 -9999.0 -9999.0 -9999.0
27658.132 27844.868 27987.124 28004.557 28103.906 28173.861 28205.436 28318.564 28419.675 28248.409 28297.241 27926.762 28188.657 28080.511 28070.694 05156.687 05157.120 05131.993 05066.343 03995.778 -9999.0 04019.942 05008.168 05140.048 05151.654 05010.372 00584.351 05189.880 05075.339 03107.078 04976.192 05023.032 04220.682 05000.367 05399.953 05547.262 05647.254 05732.970 05760.602 05776.576 31554.014 31445.105 31279.600 31111.201 -9999.000 -9999.0 -9999.0 -9999.0 -9999.0 -9999.0 -9999.0 -9999.0 -9999.0 -9999.0 -9999.0 -9999.0 -9999.0 -9999.0 -9999.0 -9999.0 -9999.0 -9999.0 -9999.0 -9999.0
27498.723 27602.325 27841.000 27947.326 25776.968 09799.648 12364.460 28263.418 28386.954 28495.328 28474.092 28424.480 15209.417 05159.245 05148.389 05136.575 05094.107 05079.836 04684.623 -9999.0 -9999.0 04587.091 05054.615 05151.012 05141.321 04899.019 03859.145 05219.319 05010.490 03946.479 05012.046 04977.403 03177.539 05228.266 05458.963 05611.505 14816.016 31597.508 31634.316 31690.982 31627.036 31524.908 31427.233 31248.091 30577.522 -9999.000 -9999.0 -9999.0 -9999.0 -9999.0 -9999.0 -9999.0 -9999.0 -9999.0 -9999.0 -9999.0 -9999.0 -9999.0 -9999.0 -9999.0 -9999.0 -9999.0 -9999.0 -9999.0
27524.769 27670.785 27864.741 27981.564 27867.551 04710.469 05029.638 28193.701 28290.162 28427.179 28431.980 26892.246 05161.678 05158.439 05123.716 04950.391 04850.537 04678.246 -9999.0 -9999.0 -9999.0 04684.469 05064.520 05156.647 05141.040 04843.881 04400.698 05221.402 04961.649 04179.848 05026.363 04960.617 02459.754 05239.725 05460.768 05613.016 22059.862 31575.286 31598.585 31645.839 31695.860 31613.648 31512.978 31410.399 31212.744 -9999.000 -9999.0 -9999.0 -9999.0 -9999.0 -9999.0 -9999.0 -9999.0 -9999.0 -9999.0 -9999.0 -9999.0 -9999.0 -9999.0 -9999.0 -9999.0 -9999.0 -9999.0 -9999.0
27349.253 27538.586 27688.358 27758.927 27720.299 09728.832 05015.314 28133.882 28188.729 28263.208 28366.669 25763.059 04973.927 04951.940 04843.655 03207.789 -9999.0 -9999.0 -9999.0 -9999.0 02102.025 04804.168 05099.674 05166.867 05145.436 04808.012 04477.306 05228.321 05107.769 04086.792 05016.564 04976.637 03589.107 05127.434 05410.876 05545.168 05652.394 31542.683 31576.648 31599.088 31655.353 31688.103 31600.398 31501.356 31390.126 31217.832 -9999.000 -9999.0 -9999.0 -9999.0 -9999.0 -9999.0 -9999.0 -9999.0 -9999.0 -9999.0 -9999.0 -9999.0 -9999.0 -9999.0 -9999.0 -9999.0 -9999.0 -9999.0
26797.789 26843.939 27270.217 27363.253 27506.281 27735.625 22488.817 05022.824 05140.364 05023.439 05095.718 05082.890 04642.779 03088.717 -9999.0 -9999.0 -9999.0 -9999.0 -9999.0 -9999.0 03299.647 04843.481 05138.642 05180.490 05156.155 04862.966 04160.156 05219.686 05144.466 03710.086 04982.424 05017.383 04468.621 04360.477 05365.337 05487.417 05643.304 31417.180 31548.604 31583.361 31601.190 31651.006 04258.397 01067.309 04605.156 31368.185 30747.489 -9999.000 -9999.0 -9999.0 -9999.0 -9999.0 -9999.0 -9999.0 -9999.0 -9999.0 -9999.0 -9999.0 -9999.0 -9999.0 -9999.0 -9999.0 -9999.0 -9999.0
25191.670 26148.908 26044.938 26557.820 27329.146 27638.699 27680.108 03865.785 03835.126 04254.793 04475.361 04179.534 -9999.0 -9999.0 -9999.0 -9999.0 -9999.0 -9999.0 -9999.0 -9999.0 03236.242 04839.478 05125.780 05180.108 05160.862 04942.986 02671.716 05172.981 05176.368 02603.850 04914.232 05051.872 04808.099 03023.866 05313.483 05480.741 15850.180 31263.267 31425.885 31546.336 31574.992 31597.884 01066.678 01069.419 01067.533 31573.619 31525.286 05651.727 -9999.000 -9999.0 -9999.0 -9999.0 -9999.0 -9999.0 -9999.0 -9999.0 -9999.0 -9999.0 -9999.0 -9999.0 -9999.0 -9999.0 -9999.0 -9999.0
22044.639 22359.096 24152.602 26001.489 26894.713 10522.237 03574.588 -9999.0 -9999.0 -9999.0 -9999.0 -9999.0 -9999.0 -9999.0 -9999.0 -9999.0 -9999.0 -9999.0 -9999.0 -9999.0 01514.772 04743.166 05082.319 05164.573 05165.310 05027.128 03624.587 05057.878 05215.488 04458.172 04756.149 05045.632 04908.201 01676.549 05251.731 05435.861 05548.197 05617.538 05641.263 05644.833 05694.692 05687.245 05738.603 05791.310 05811.519 01740.996 01069.083 05691.017 05641.865 -9999.000 -9999.0 -9999.0 -9999.0 -9999.0 -9999.0 -9999.0 -9999.0 -9999.0 -9999.0 -9999.0 -9999.0 -9999.0 -9999.0 -9999.0
10096.098 10210.499 22260.530 24718.467 23026.085 -9999.0 -9999.0 -9999.0 -9999.0 -9999.0 -9999.0 -9999.0 -9999.0 -9999.0 -9999.0 -9999.0 -9999.0 -9999.0 -9999.0 -9999.0 -9999.0 04629.763 05044.910 05158.068 05148.083 04899.414 04262.107 05217.485 05180.581 04015.120 04949.261 05050.298 04946.175 02532.148 04639.634 05294.539 05389.311 05441.425 05435.518 05483.192 05485.314 05534.732 05573.450 05682.595 05789.767 01071.132 01461.271 05681.801 05667.864 05588.997 -9999.000 -9999.0 -9999.0 -9999.0 -9999.0 -9999.0 -9999.0 -9999.0 -9999.0 -9999.0 -9999.0 -9999.0 -9999.0 -9999.0
-9999.0 -9999.0 10210.375 18797.153 10174.574 -9999.0 -9999.0 -9999.0 -9999.0 -9999.0 -9999.0 -9999.0 -9999.0 -9999.0 -9999.0 -9999.0 -9999.0 -9999.0 -9999.0 -9999.0 02183.813 04822.235 05097.425 05153.055 05137.654 04772.829 04735.621 05235.848 05120.396 03825.736 05110.343 05161.774 05091.065 04913.752 03370.366 04922.531 05211.904 05227.841 05204.795 05300.218 05288.477 05329.044 05461.789 05665.167 05795.436 01076.233 01083.550 21146.916 05673.173 05645.350 01067.965 -9999.000 -9999.0 -9999.0 -9999.0 -9999.0 -9999.0 -9999.0 -9999.0 -9999.0 -9999.0 -9999.0 -9999.000 -9999.000
-9999.0 -9999.0 -9999.0 -9999.0 -9999.0 -9999.0 -9999.0 -9999.0 -9999.0 -9999.0 -9999.0 -9999.0 -9999.0 -9999.0 -9999.0 -9999.0 -9999.0 -9999.0 -9999.0 -9999.0 03362.688 04855.693 05134.058 05167.682 05146.279 04765.668 04706.714 05237.632 05142.994 03036.208 05053.756 05184.131 05158.095 05003.260 04108.441 02894.097 03951.468 27792.386 27831.158 27684.242 11695.634 05269.088 05461.976 05661.377 04916.085 01075.582 10064.488 31708.566 31986.182 31876.199 31760.427 31629.734 -9999.000 -9999.0 -9999.0 -9999.0 -9999.0 -9999.0 -9999.0 -9999.0 -9999.0 -9999.000 -9999.000 01079.084
