tests/Case_4_ArrivalTime.asc
NCOLS 245
NROWS 163
XLLCORNER 4208400.000000
YLLCORNER 1880200.000000
CELLSIZE 100.000000
NODATA_VALUE -9999.0
[rows 30 to 59 of 163, columns 67 to 133 of 245]
-9999.0 -9999.0 -9999.0 -9999.0 -9999.0 -9999.0 -9999.0 -9999.0 -9999.0 -9999.0 -9999.0 -9999.0 -9999.0 -9999.0 -9999.0 -9999.0 -9999.0 -9999.0 -9999.0 -9999.0 -9999.0 -9999.0 -9999.0 -9999.0 -9999.0 -9999.0 -9999.0 04826.650 04763.979 04717.080 04655.742 04581.861 04536.336 04506.921 04452.703 04396.929 04334.392 03285.057 03287.852 04321.649 04411.228 04490.161 -9999.0 -9999.0 -9999.0 -9999.0 -9999.0 -9999.0 -9999.0 -9999.0 -9999.0 -9999.0 -9999.0 -9999.0 -9999.0 -9999.0 -9999.0 -9999.0 -9999.0 -9999.0 -9999.0 -9999.0 -9999.0 -9999.0 -9999.0 -9999.0 -9999.0
-9999.0 -9999.0 -9999.0 -9999.0 -9999.0 -9999.0 -9999.0 -9999.0 -9999.0 -9999.0 -9999.0 -9999.0 -9999.0 -9999.0 -9999.0 -9999.0 -9999.0 -9999.0 -9999.0 -9999.0 -9999.0 -9999.0 -9999.0 -9999.0 -9999.0 -9999.0 04792.342 04714.297 04647.875 04597.602 04553.478 04505.398 04420.634 04360.076 03254.856 03200.474 03170.359 03160.677 03173.846 03204.508 03249.561 04355.108 -9999.0 -9999.0 -9999.0 -9999.0 -9999.0 -9999.0 -9999.0 -9999.0 -9999.0 -9999.0 -9999.0 -9999.0 -9999.0 -9999.0 -9999.0 -9999.0 -9999.0 -9999.0 -9999.0 -9999.0 -9999.0 -9999.0 -9999.0 -9999.0 -9999.0
-9999.0 -9999.0 -9999.0 -9999.0 -9999.0 -9999.0 -9999.0 -9999.0 -9999.0 -9999.0 -9999.0 -9999.0 -9999.0 -9999.0 -9999.0 -9999.0 -9999.0 -9999.0 -9999.0 -9999.0 -9999.0 -9999.0 -9999.0 -9999.0 04838.468 04748.501 04681.977 04656.183 04567.006 04505.153 04439.066 04338.119 03235.306 03181.738 03146.332 03096.010 03069.028 03066.729 03091.221 03131.765 03180.214 03242.844 -9999.0 -9999.0 -9999.0 -9999.0 -9999.0 -9999.0 -9999.0 -9999.0 -9999.0 -9999.0 -9999.0 -9999.0 -9999.0 -9999.0 -9999.0 -9999.0 -9999.0 -9999.0 -9999.0 -9999.0 -9999.0 -9999.0 -9999.0 -9999.0 -9999.0
-9999.0 -9999.0 -9999.0 -9999.0 -9999.0 -9999.0 -9999.0 -9999.0 -9999.0 -9999.0 -9999.0 -9999.0 -9999.0 -9999.0 -9999.0 -9999.0 -9999.0 -9999.0 -9999.0 -9999.0 -9999.0 -9999.0 04809.976 04743.894 04691.533 04643.828 04593.293 04520.258 04493.677 04405.675 03263.741 03194.792 03132.237 03081.430 03041.719 02985.493 02954.349 02965.683 03007.475 03083.453 03150.962 03220.716 -9999.0 -9999.0 -9999.0 -9999.0 -9999.0 -9999.0 -9999.0 -9999.0 -9999.0 -9999.0 -9999.0 -9999.0 -9999.0 -9999.0 -9999.0 -9999.0 -9999.0 -9999.0 -9999.0 -9999.0 -9999.0 -9999.0 -9999.0 -9999.0 -9999.0
-9999.0 -9999.0 -9999.0 -9999.0 -9999.0 -9999.0 -9999.0 -9999.0 -9999.0 -9999.0 -9999.0 -9999.0 -9999.0 -9999.0 -9999.0 -9999.0 -9999.0 -9999.0 -9999.0 -9999.0 -9999.0 04784.349 04705.062 04638.819 04579.864 04528.626 04468.760 04406.447 03392.729 03241.827 03158.483 03098.158 03033.266 02969.509 02908.864 01797.830 01774.216 01824.082 02987.597 03079.491 03148.431 03220.155 -9999.0 -9999.0 -9999.0 -9999.0 -9999.0 -9999.0 -9999.0 -9999.0 -9999.0 -9999.0 -9999.0 -9999.0 -9999.0 -9999.0 -9999.0 -9999.0 -9999.0 -9999.0 -9999.0 -9999.0 -9999.0 -9999.0 -9999.0 -9999.0 -9999.0
-9999.0 -9999.0 -9999.0 -9999.0 -9999.0 -9999.0 -9999.0 -9999.0 -9999.0 -9999.0 -9999.0 -9999.0 -9999.0 -9999.0 -9999.0 -9999.0 -9999.0 -9999.0 -9999.0 -9999.0 04809.941 04714.120 04633.149 04554.947 04466.924 04365.290 04264.270 03358.048 03292.457 03140.022 03065.815 02993.034 02903.156 01785.725 01755.253 01724.720 01707.398 -9999.0 -9999.0 -9999.0 -9999.0 -9999.0 -9999.0 -9999.0 -9999.0 -9999.0 -9999.0 -9999.0 -9999.0 -9999.0 -9999.0 -9999.0 -9999.0 -9999.0 -9999.0 -9999.0 -9999.0 -9999.0 -9999.0 -9999.0 -9999.0 -9999.0 -9999.0 -9999.0 -9999.0 -9999.0 -9999.0
-9999.0 -9999.0 -9999.0 -9999.0 -9999.0 -9999.0 -9999.0 -9999.0 -9999.0 -9999.0 -9999.0 -9999.0 -9999.0 -9999.0 -9999.0 -9999.0 -9999.0 -9999.0 -9999.0 -9999.0 04762.403 04678.171 04592.131 04507.997 04364.216 03308.254 03234.463 03197.398 03112.723 03042.220 02963.545 01806.804 01755.118 01716.286 01691.618 01664.253 01647.153 -9999.0 -9999.0 -9999.0 -9999.0 -9999.0 -9999.0 -9999.0 -9999.0 -9999.0 -9999.0 -9999.0 -9999.0 -9999.0 -9999.0 -9999.0 -9999.0 -9999.0 -9999.0 -9999.0 -9999.0 -9999.0 -9999.0 -9999.0 -9999.0 -9999.0 -9999.0 -9999.0 -9999.0 -9999.0 -9999.0
-9999.0 -9999.0 -9999.0 -9999.0 -9999.0 -9999.0 -9999.0 -9999.0 -9999.0 -9999.0 -9999.0 -9999.0 -9999.0 -9999.0 -9999.0 -9999.0 -9999.0 -9999.0 -9999.0 -9999.0 04768.536 04680.581 04592.068 04505.473 04380.349 03200.692 03109.464 03045.038 02953.660 02931.963 01784.424 01730.100 01691.234 01655.813 01632.087 01597.164 01559.667 01499.904 00434.485 00395.535 00385.569 00393.852 -9999.0 -9999.0 00206.040 00184.302 00174.888 00170.821 00173.374 -9999.0 -9999.0 -9999.0 -9999.0 -9999.0 -9999.0 -9999.0 -9999.0 -9999.0 -9999.0 -9999.0 -9999.0 -9999.0 -9999.0 -9999.0 -9999.0 -9999.0 -9999.0
-9999.0 -9999.0 -9999.0 -9999.0 -9999.0 -9999.0 -9999.0 -9999.0 -9999.0 -9999.0 -9999.0 -9999.0 -9999.0 -9999.0 -9999.0 -9999.0 -9999.0 -9999.0 -9999.0 04774.895 04694.388 04614.197 04563.373 04477.710 03294.825 03150.125 03025.112 02883.764 01894.450 01766.652 01714.871 01670.784 01630.573 01582.884 01542.125 01493.773 00459.190 00424.611 00372.091 00345.010 00330.799 00346.524 -9999.0 -9999.0 00185.318 00172.686 00165.054 00160.280 00162.386 -9999.0 -9999.0 -9999.0 -9999.0 -9999.0 -9999.0 -9999.0 -9999.0 -9999.0 -9999.0 -9999.0 -9999.0 -9999.0 -9999.0 -9999.0 -9999.0 -9999.0 -9999.0
-9999.0 -9999.0 -9999.0 -9999.0 -9999.0 -9999.0 -9999.0 -9999.0 -9999.0 -9999.0 -9999.0 -9999.0 -9999.0 -9999.0 -9999.0 -9999.0 -9999.0 -9999.0 04816.181 04719.147 04635.540 04552.626 04444.492 04336.914 03249.601 03125.121 02987.413 01892.285 01771.697 01702.890 01655.385 01609.793 01544.527 01456.197 00432.017 00404.875 00386.037 00371.071 00338.732 00312.894 00289.416 00285.848 -9999.0 -9999.0 00174.682 00164.536 00155.976 00149.968 00151.399 -9999.0 -9999.0 -9999.0 -9999.0 -9999.0 -9999.0 -9999.0 -9999.0 -9999.0 -9999.0 -9999.0 -9999.0 -9999.0 -9999.0 -9999.0 -9999.0 -9999.0 -9999.0
-9999.0 -9999.0 -9999.0 -9999.0 -9999.0 -9999.0 -9999.0 -9999.0 -9999.0 -9999.0 -9999.0 -9999.0 -9999.0 -9999.0 -9999.0 -9999.0 -9999.0 -9999.0 04769.990 04685.285 04599.038 04513.981 04369.321 03320.454 03167.378 03066.265 02949.336 01770.669 01702.406 01646.928 01587.776 01517.799 00441.920 00397.563 00367.957 00349.261 00335.306 00325.706 00322.900 00293.161 00264.970 00239.002 00210.724 00184.309 00167.863 00156.744 00147.146 00139.951 00140.603 -9999.0 -9999.0 -9999.0 -9999.0 -9999.0 -9999.0 -9999.0 -9999.0 -9999.0 -9999.0 -9999.0 -9999.0 -9999.0 -9999.0 -9999.0 -9999.0 -9999.0 -9999.0
-9999.0 -9999.0 -9999.0 -9999.0 -9999.0 -9999.0 -9999.0 -9999.0 -9999.0 -9999.0 -9999.0 -9999.0 -9999.0 -9999.0 -9999.0 -9999.0 -9999.0 -9999.0 04741.468 04658.091 04572.415 04475.404 04315.764 03260.706 03110.975 02993.961 01798.875 01717.807 01653.069 01583.806 01495.832 00425.258 00377.496 00347.827 00327.113 00308.830 00292.986 00279.425 00274.131 00276.462 00258.665 00231.614 00204.985 00179.146 00163.447 00149.088 00139.046 00130.473 00127.206 -9999.0 -9999.0 -9999.0 -9999.0 -9999.0 -9999.0 -9999.0 -9999.0 -9999.0 -9999.0 00100.053 00099.771 00099.954 00100.037 -9999.0 -9999.0 -9999.0 -9999.0
-9999.0 -9999.0 -9999.0 -9999.0 -9999.0 -9999.0 -9999.0 -9999.0 -9999.0 -9999.0 -9999.0 -9999.0 -9999.0 -9999.0 -9999.0 -9999.0 -9999.0 04812.683 04716.254 04632.812 04548.171 04434.655 04262.191 03214.846 03062.196 02928.561 01742.220 01670.143 01598.739 01503.461 00422.270 00368.161 00338.911 00315.431 00293.668 00272.952 00255.322 00239.605 00225.746 00225.717 00231.820 00229.408 00203.028 00177.829 00160.207 00144.550 00131.252 00121.637 00113.835 00110.178 00107.599 00105.647 00103.634 00101.558 00099.177 00097.039 00096.032 -9999.0 -9999.0 00088.813 00088.560 00088.792 00088.777 00089.118 00089.129 00090.740 00094.597
-9999.0 -9999.0 -9999.0 -9999.0 -9999.0 -9999.0 -9999.0 -9999.0 -9999.0 -9999.0 -9999.0 -9999.0 -9999.0 -9999.0 -9999.0 -9999.0 -9999.0 04783.578 04694.490 04608.979 04524.179 04388.972 03346.322 03155.442 03008.786 01796.196 01698.327 01626.116 01530.899 00432.948 00367.503 00337.512 00312.329 00287.924 00264.408 00242.480 00222.224 00203.766 00187.942 00179.075 00180.855 00196.445 00202.736 00178.024 00159.205 00141.502 00125.446 00113.450 00104.783 00099.567 00096.803 00094.835 00092.816 00090.784 00088.446 00086.120 00084.402 -9999.0 -9999.0 00078.041 00077.224 00077.515 00077.460 00077.718 00077.730 00079.045 00083.406
-9999.0 -9999.0 -9999.0 -9999.0 -9999.0 -9999.0 -9999.0 -9999.0 -9999.0 -9999.0 -9999.0 -9999.0 -9999.0 -9999.0 -9999.0 -9999.0 -9999.0 04760.056 04674.451 04587.983 04501.977 04347.527 03290.293 03101.708 02948.252 01754.106 01670.298 01580.117 00471.835 00382.700 00342.242 00315.178 00288.878 00263.275 00239.620 00216.431 00193.967 00177.731 00172.105 00167.749 00168.909 00172.325 00179.900 00183.581 00161.579 00140.349 00122.574 00106.007 00095.867 00088.890 00085.981 00083.933 00081.950 00079.959 00077.664 00075.279 00073.129 -9999.0 -9999.0 00066.568 00065.839 00066.107 00066.050 00066.128 00066.040 00067.049 00072.139
-9999.0 -9999.0 -9999.0 -9999.0 -9999.0 -9999.0 -9999.0 -9999.0 -9999.0 -9999.0 -9999.0 -9999.0 -9999.0 -9999.0 -9999.0 -9999.0 04837.096 04723.272 04639.529 04556.135 04453.624 04308.388 03252.661 03055.258 01819.451 01716.897 01644.028 01540.715 00416.199 00352.888 00324.334 00296.677 00269.819 00244.249 00219.060 00194.294 00176.354 00168.232 00162.079 00157.434 00157.659 00160.946 00171.890 00191.908 00168.732 00146.010 00123.735 00103.446 00087.224 00078.691 00075.082 00072.936 00070.983 00068.993 00066.804 00064.363 00062.141 00059.838 00057.605 00055.375 00054.320 00054.501 00054.474 00054.472 00054.361 00055.022 00060.980
-9999.0 -9999.0 -9999.0 -9999.0 -9999.0 -9999.0 -9999.0 -9999.0 -9999.0 -9999.0 -9999.0 -9999.0 -9999.0 -9999.0 -9999.0 -9999.0 04781.695 04693.098 04606.437 04521.086 04382.830 03330.338 03158.920 03007.558 01779.299 01685.093 01600.843 01496.485 00391.633 00340.858 00310.954 00282.841 00255.808 00229.288 00203.378 00178.921 00168.100 00159.448 00152.380 00147.222 00146.419 00149.373 00166.121 00202.606 00182.134 00158.925 00135.299 00109.147 00084.303 00069.752 00064.218 00061.866 00059.953 00057.954 00055.801 00053.345 00051.054 00048.713 00046.307 00043.717 00022.211 00022.191 00022.246 00022.254 00022.163 00042.469 00050.772
-9999.0 -9999.0 -9999.0 -9999.0 -9999.0 -9999.0 -9999.0 -9999.0 -9999.0 -9999.0 -9999.0 -9999.0 -9999.0 -9999.0 -9999.0 -9999.0 04763.214 04678.056 04591.189 04505.590 04361.116 03314.458 03114.781 02884.452 01830.726 01705.360 01563.565 01378.088 00452.864 00361.071 00324.348 00277.500 00245.022 00218.167 00191.607 00172.723 00160.586 00150.757 00142.873 00137.118 00135.095 00137.880 00161.226 00178.999 00219.098 00181.680 00146.382 00110.705 00080.196 00060.934 00053.188 00050.738 00048.780 00046.705 00044.427 00022.150 00019.763 00017.360 00014.926 00012.463 00010.419 00010.406 00010.437 00010.439 00010.399 00010.588 00017.485
-9999.0 -9999.0 -9999.0 -9999.0 -9999.0 -9999.0 -9999.0 -9999.0 -9999.0 -9999.0 -9999.0 -9999.0 -9999.0 -9999.0 -9999.0 -9999.0 04755.278 04673.018 04588.871 04505.818 04370.001 03333.143 03140.098 02932.292 01869.995 01733.320 01605.647 01463.101 00555.272 00436.513 00332.217 00278.974 00244.588 00218.626 00193.322 00170.204 00153.742 00142.670 00133.819 00127.092 00123.701 00126.673 00150.552 00153.984 00172.846 00169.113 00139.478 00104.891 00068.651 00052.708 00042.363 00019.677 00017.491 00015.390 00013.214 00010.831 00008.404 00000.000 00000.000 00000.000 0.0 0.0 0.0 0.0 0.0 0.0 00000.000
-9999.0 -9999.0 -9999.0 -9999.0 -9999.0 -9999.0 -9999.0 -9999.0 -9999.0 -9999.0 -9999.0 -9999.0 -9999.0 -9999.0 -9999.0 -9999.0 04760.139 04680.899 04599.711 04521.055 04404.260 03374.433 03176.456 02976.993 01913.778 01773.839 01659.301 01544.087 01410.115 00452.133 00338.935 00286.263 00250.495 00224.316 00199.974 00177.123 00152.271 00135.276 00125.067 00117.481 00112.215 00115.359 00127.489 00128.791 00153.477 00149.769 00134.096 00097.729 00062.800 00044.087 00013.582 00008.348 00000.000 00000.000 00000.000 0.0 0.0 0.0 0.0 0.0 0.0 0.0 0.0 0.0 0.0 0.0 0.0
-9999.0 -9999.0 -9999.0 -9999.0 -9999.0 -9999.0 -9999.0 -9999.0 -9999.0 -9999.0 -9999.0 -9999.0 -9999.0 -9999.0 -9999.0 -9999.0 04775.520 04697.364 04616.968 04539.127 04431.781 04272.327 03226.377 03037.464 02830.211 01828.046 01722.078 01605.920 01442.937 00488.869 00355.330 00304.278 00277.269 00256.619 00236.156 00190.508 00147.706 00128.448 00117.160 00108.179 00101.645 00103.766 00109.929 00114.129 00138.996 00130.635 00113.063 00093.791 00055.336 00014.942 00000.000 0.0 0.0 0.0 0.0 0.0 0.0 0.0 0.0 0.0 0.0 0.0 0.0 0.0 0.0 0.0 00000.000
-9999.0 -9999.0 -9999.0 -9999.0 -9999.0 -9999.0 -9999.0 -9999.0 -9999.0 -9999.0 -9999.0 -9999.0 -9999.0 -9999.0 -9999.0 -9999.0 04797.434 04713.760 04638.029 04560.006 04466.859 04325.116 03285.984 03110.415 02932.594 01901.780 01766.827 01635.293 01490.689 00562.280 00421.009 00363.896 00338.800 00285.751 00233.911 00183.430 00145.806 00123.133 00109.777 00099.377 00091.972 00092.420 00099.065 00103.053 00129.473 00111.475 00093.751 00075.939 00051.670 00000.000 0.0 0.0 0.0 0.0 0.0 0.0 0.0 0.0 0.0 0.0 0.0 0.0 0.0 0.0 0.0 00000.000 00000.000
-9999.0 -9999.0 -9999.0 -9999.0 -9999.0 -9999.0 -9999.0 -9999.0 -9999.0 -9999.0 -9999.0 -9999.0 -9999.0 -9999.0 -9999.0 -9999.0 04840.129 04734.829 04659.852 04582.483 04505.822 04378.094 03356.226 03205.137 03034.794 02802.508 01804.132 01679.058 01552.477 01417.907 00546.154 00475.147 00339.949 00286.902 00236.529 00187.425 00140.637 00118.684 00104.037 00091.673 00082.604 00081.019 00088.007 00090.151 00106.912 00092.315 00074.357 00056.287 00000.000 0.0 0.0 0.0 0.0 0.0 0.0 0.0 0.0 0.0 0.0 0.0 0.0 0.0 0.0 0.0 00000.000 00000.000 00074.896
-9999.0 -9999.0 -9999.0 -9999.0 -9999.0 -9999.0 -9999.0 -9999.0 -9999.0 -9999.0 -9999.0 -9999.0 -9999.0 -9999.0 -9999.0 -9999.0 -9999.0 04760.489 04687.950 04610.480 04535.627 04429.090 04279.237 03267.379 03090.398 02888.031 01851.358 01731.026 01623.079 01513.051 01432.191 00459.859 00338.740 00284.672 00233.093 00182.954 00142.786 00116.387 00099.291 00084.850 00073.682 00069.221 00076.867 00078.468 00085.329 00073.029 00054.740 00000.000 0.0 0.0 0.0 0.0 0.0 0.0 0.0 0.0 0.0 0.0 0.0 0.0 0.0 0.0 0.0 0.0 00013.869 00058.863 00063.300
-9999.0 -9999.0 -9999.0 -9999.0 -9999.0 -9999.0 -9999.0 -9999.0 -9999.0 -9999.0 -9999.0 -9999.0 -9999.0 -9999.0 -9999.0 -9999.0 -9999.0 04735.485 04651.451 04566.325 04474.562 04333.760 03298.164 03142.705 02991.825 02831.914 01847.704 01757.863 01689.536 01618.894 01433.693 00465.482 00341.920 00288.321 00237.090 00188.398 00142.947 00116.628 00097.116 00079.881 00065.864 00057.010 00073.062 00069.055 00062.541 00051.662 00000.000 0.0 0.0 0.0 0.0 0.0 0.0 0.0 0.0 0.0 0.0 0.0 0.0 0.0 0.0 0.0 0.0 0.0 00000.000 00047.035 00051.649
-9999.0 -9999.0 -9999.0 -9999.0 -9999.0 -9999.0 -9999.0 -9999.0 -9999.0 -9999.0 04794.431 04765.293 04745.366 04730.077 04735.383 04767.216 04777.146 04689.985 04605.436 04523.095 04401.580 03390.481 03202.683 03028.536 02853.065 01844.207 01744.717 01664.251 01602.097 01546.245 01451.554 00488.796 00350.727 00297.970 00247.969 00199.322 00151.683 00121.389 00097.644 00077.763 00060.332 00045.442 00054.961 00050.773 00019.417 00000.000 0.0 0.0 0.0 0.0 0.0 0.0 0.0 0.0 0.0 0.0 0.0 0.0 0.0 0.0 0.0 0.0 0.0 0.0 00000.000 00014.390 00019.145
-9999.0 -9999.0 -9999.0 -9999.0 -9999.0 -9999.0 -9999.0 04810.772 04737.165 04689.355 04652.684 04630.775 04607.766 04590.289 04586.265 04605.657 04649.370 04658.354 04571.597 04475.913 04322.094 03276.693 03103.211 02924.211 01873.794 01751.462 01657.719 01560.311 01469.526 01402.847 01347.507 00515.817 00356.891 00301.081 00248.159 00196.946 00156.163 00131.640 00111.035 00085.753 00058.392 00017.352 00009.083 00000.000 0.0 0.0 0.0 0.0 0.0 0.0 0.0 0.0 0.0 0.0 0.0 0.0 0.0 0.0 0.0 0.0 0.0 0.0 0.0 0.0 0.0 00000.000 00000.000
-9999.0 -9999.0 -9999.0 -9999.0 -9999.0 -9999.0 04799.283 04713.697 04646.221 04589.913 04535.022 04498.005 04470.788 04446.047 04426.676 04440.575 04491.277 04559.603 04548.325 04433.790 04254.013 03202.233 03005.550 02795.097 01792.586 01676.009 01565.207 01441.462 00518.699 00459.528 00429.066 00420.236 00344.762 00289.467 00236.774 00185.709 00149.525 00120.610 00101.516 00081.113 00055.040 00000.000 0.0 0.0 0.0 0.0 0.0 0.0 0.0 0.0 0.0 0.0 0.0 0.0 0.0 0.0 0.0 0.0 0.0 0.0 0.0 0.0 0.0 0.0 0.0 0.0 0.0
-9999.0 -9999.0 -9999.0 -9999.0 -9999.0 04853.156 04729.670 04655.114 04588.010 04519.518 04423.844 04333.423 04276.230 03393.712 03369.394 03381.662 04285.727 04384.923 04520.339 04381.151 03327.412 03136.010 02936.292 01868.871 01725.742 01609.474 01466.879 00533.027 00404.253 00348.885 00326.272 00318.973 00309.630 00285.664 00233.913 00183.967 00143.319 00107.542 00081.005 00065.837 00000.000 0.0 0.0 0.0 0.0 0.0 0.0 0.0 0.0 0.0 0.0 0.0 0.0 0.0 0.0 0.0 0.0 0.0 0.0 0.0 0.0 0.0 0.0 0.0 0.0 0.0 0.0
-9999.0 -9999.0 -9999.0 -9999.0 -9999.0 04773.815 04690.868 04618.751 04548.217 04451.084 04301.562 03301.962 03248.357 03225.962 03211.744 03242.851 03286.940 03349.071 04328.818 04333.290 03274.466 03070.779 02854.852 01813.104 01681.466 01540.195 01363.842 00432.321 00338.255 00286.439 00240.955 00224.464 00217.995 00214.710 00237.407 00187.243 00143.265 00102.188 00064.162 00045.182 00000.000 0.0 0.0 0.0 0.0 0.0 0.0 0.0 0.0 0.0 0.0 0.0 0.0 0.0 0.0 0.0 0.0 0.0 0.0 0.0 0.0 0.0 0.0 0.0 0.0 0.0 0.0
