tests/Case_9_ReactionIntensity.asc
NCOLS 226
NROWS 150
XLLCORNER 2938400.000000
YLLCORNER 2059400.000000
CELLSIZE 100.000000
NODATA_VALUE -9999.0
[rows 29 to 57 of 150, columns 67 to 133 of 226]
02090.908 02104.852 02137.595 02151.527 02159.145 02108.234 01936.709 01286.697 01372.262 00576.950 00811.138 00752.952 00540.701 00180.141 00618.814 00218.790 00493.256 01002.572 00562.295 00153.742 00151.930 00147.750 00816.110 00535.648 00149.762 00700.886 00347.150 00549.013 00505.655 00588.944 00149.948 00151.620 00153.371 00154.251 01116.794 01259.575 01126.593 01010.746 01828.446 01472.536 00805.011 00593.554 00829.802 01472.164 -9999.0 -9999.0 -9999.0 -9999.0 -9999.0 -9999.0 -9999.0 -9999.0 -9999.0 -9999.0 -9999.0 -9999.0 -9999.0 -9999.0 -9999.0 -9999.0 -9999.0 -9999.0 -9999.0 -9999.0 -9999.0 -9999.0 -9999.0
02086.956 02104.707 02133.261 02158.118 02106.973 01589.900 01202.223 01096.085 01667.972 00463.689 00327.222 00937.307 00467.140 00974.900 00472.109 00740.623 00732.642 00766.012 00154.004 00150.363 00157.756 00881.218 00366.366 00654.102 00987.544 00709.059 00360.729 00831.985 00645.675 00352.806 00737.647 00365.603 00883.607 00148.857 01103.445 01113.617 01113.853 01122.143 01102.985 01666.161 02072.558 00878.338 00559.794 01132.332 -9999.0 -9999.0 -9999.0 -9999.0 -9999.0 -9999.0 -9999.0 -9999.0 -9999.0 -9999.0 -9999.0 -9999.0 -9999.0 -9999.0 -9999.0 -9999.0 -9999.0 -9999.0 -9999.0 -9999.0 -9999.0 -9999.0 -9999.0
02090.127 02109.667 02136.690 02158.899 01812.514 01539.211 01240.212 01090.871 01103.335 00533.841 00755.909 00461.749 00871.698 01016.896 00459.593 00817.487 00153.116 00151.378 00150.791 00149.762 00751.203 00519.516 01661.005 01015.849 01489.211 00706.129 00665.084 01307.583 01995.030 01976.924 01968.843 01038.575 -9999.000 01414.035 00145.244 00152.650 00980.941 00789.767 00954.697 01101.867 01917.052 01125.024 00369.937 00896.698 01666.029 01211.021 02025.085 -9999.0 -9999.0 -9999.0 -9999.0 -9999.0 -9999.0 -9999.0 -9999.0 -9999.0 -9999.0 -9999.0 -9999.0 -9999.0 -9999.0 -9999.0 -9999.0 -9999.0 -9999.0 -9999.0 -9999.0
02095.633 02114.032 02132.832 02149.970 01783.898 01275.613 02044.595 01460.433 01104.354 00261.159 00153.026 00152.537 00151.162 00152.568 00152.609 00152.640 00149.855 00645.588 00139.153 00217.676 00364.760 00521.991 02086.127 01221.207 01201.398 01604.663 01106.516 00332.633 00849.647 -9999.000 -9999.000 -9999.000 -9999.000 -9999.000 01163.519 00149.504 00152.875 00775.520 01031.222 01098.715 01460.450 00958.233 01550.957 00765.671 00661.773 00897.782 01406.260 -9999.0 -9999.0 -9999.0 -9999.0 -9999.0 -9999.0 -9999.0 -9999.0 -9999.0 -9999.0 -9999.0 -9999.0 -9999.0 -9999.0 -9999.0 -9999.0 -9999.0 -9999.0 -9999.0 -9999.0
02100.591 02112.655 02124.676 02134.616 00968.358 01748.665 01114.635 01110.258 01104.046 00152.510 00150.062 00915.622 00121.024 00370.446 00459.862 00280.187 00610.862 00650.918 00594.985 00739.657 00148.495 00326.878 01322.577 01823.843 02080.466 01222.926 01072.420 01047.008 01119.761 -9999.000 -9999.000 -9999.000 -9999.000 -9999.000 -9999.000 -9999.000 00140.196 00582.794 00727.919 01110.056 01106.234 02043.663 01595.531 01072.497 00377.895 00639.900 01964.991 -9999.0 -9999.0 -9999.0 -9999.0 -9999.0 -9999.0 -9999.0 -9999.0 -9999.0 -9999.0 -9999.0 -9999.0 -9999.0 -9999.0 -9999.0 -9999.0 -9999.0 -9999.0 -9999.0 -9999.0
02098.095 02104.474 02038.517 01415.196 02102.969 01103.819 01100.788 00153.514 00152.326 00150.434 00550.266 00662.852 01754.000 02086.133 00596.871 00210.436 00080.077 00503.848 00130.569 00964.971 02179.181 02191.322 00787.377 00538.138 01009.459 02089.956 01386.967 01284.393 -9999.000 -9999.000 -9999.000 -9999.000 -9999.000 -9999.000 -9999.000 -9999.000 01213.858 01824.802 00744.734 00284.470 01107.971 00674.598 01003.527 01957.994 01570.488 00764.689 01565.987 00981.250 01760.634 00851.999 -9999.0 -9999.0 -9999.0 -9999.0 -9999.0 -9999.0 -9999.0 -9999.0 -9999.0 -9999.0 -9999.0 -9999.0 -9999.0 -9999.0 -9999.0 -9999.0 -9999.0
02087.267 02081.763 00644.426 01014.040 02035.633 01096.008 01102.373 00153.257 00372.700 01021.826 00579.201 00141.941 00904.340 00804.064 00146.116 00119.102 00131.199 01319.384 00519.364 02212.964 02214.342 02224.094 02198.642 01727.598 02138.799 01340.675 02063.721 01834.661 -9999.000 -9999.000 -9999.000 -9999.000 -9999.000 -9999.000 -9999.000 -9999.000 01020.683 01831.723 01000.940 00213.886 00957.230 01003.601 01103.927 00746.009 01847.289 00626.418 00367.511 01894.053 01788.497 01619.147 -9999.0 -9999.0 -9999.0 -9999.0 -9999.0 -9999.0 -9999.0 -9999.0 -9999.0 -9999.0 -9999.0 -9999.0 -9999.0 -9999.0 -9999.0 -9999.0 -9999.0
01310.755 01146.518 00372.962 00645.372 01348.225 01415.971 01115.968 01100.739 00514.228 00991.643 00864.363 00931.410 00226.401 00120.493 01622.758 02200.455 02188.936 02196.156 02234.442 02286.671 02255.135 02271.663 02248.214 02224.555 02201.357 00874.909 00299.848 -9999.000 -9999.000 -9999.000 -9999.000 -9999.000 -9999.000 -9999.000 -9999.000 -9999.000 01011.337 01081.205 01054.607 02036.482 01868.937 00903.724 01302.989 01099.763 00929.226 01276.867 00952.155 00889.722 00898.413 01454.619 00977.377 -9999.0 -9999.0 -9999.0 -9999.0 -9999.0 -9999.0 -9999.0 -9999.0 -9999.0 -9999.0 -9999.0 -9999.0 -9999.0 -9999.0 -9999.0 -9999.0
00264.755 00495.206 00680.497 00834.646 00924.003 01229.145 01848.717 01094.590 01097.990 01002.326 00950.477 00227.694 00078.900 00130.572 02193.139 02200.482 02228.399 02272.659 02285.300 02343.897 02299.669 02341.412 02307.052 02255.859 02219.134 02203.419 -9999.000 -9999.000 -9999.000 -9999.000 -9999.000 -9999.000 -9999.000 -9999.000 -9999.000 -9999.000 01340.007 01790.236 02100.805 01426.173 01368.462 01117.925 00843.235 00993.064 00780.046 00778.587 01508.303 00852.475 00591.602 01929.806 01728.603 -9999.0 -9999.0 -9999.0 -9999.0 -9999.0 -9999.0 -9999.0 -9999.0 -9999.0 -9999.0 -9999.0 -9999.0 -9999.0 -9999.0 -9999.0 -9999.0
00941.802 01472.460 01111.619 00802.849 00436.973 00621.243 01737.033 01622.507 01059.077 01003.258 00975.757 00823.467 00778.836 00136.418 02228.998 02250.935 02304.054 02330.501 02114.022 02342.445 02326.255 02331.589 02347.491 02289.596 -9999.000 -9999.000 -9999.000 -9999.000 -9999.000 -9999.000 -9999.000 -9999.000 -9999.000 -9999.000 -9999.000 -9999.000 01788.355 02091.169 01838.050 01101.339 00441.113 01665.945 00978.137 00682.739 00982.647 00729.688 01491.864 00834.229 00764.693 01723.048 01141.111 -9999.0 -9999.0 -9999.0 -9999.0 -9999.0 -9999.0 -9999.0 -9999.0 -9999.0 -9999.0 -9999.0 -9999.0 -9999.0 -9999.0 -9999.0 -9999.0
-9999.0 01672.920 01666.439 01581.552 00441.104 01728.426 00804.838 02033.848 01087.332 01031.645 00984.281 00998.886 00436.289 00134.009 02223.974 02263.900 02316.130 02351.319 02344.408 02210.970 02289.370 01964.546 -9999.000 -9999.000 -9999.000 -9999.000 -9999.000 -9999.000 -9999.000 -9999.000 -9999.000 -9999.000 -9999.000 -9999.000 -9999.000 -9999.000 01012.664 01798.591 01728.887 00366.562 00417.442 01097.627 01063.169 01063.608 01081.468 01217.811 01054.735 00984.741 01037.733 01080.393 -9999.0 -9999.0 -9999.0 -9999.0 -9999.0 -9999.0 -9999.0 -9999.0 -9999.0 -9999.0 -9999.0 -9999.0 -9999.0 -9999.0 -9999.0 -9999.0 -9999.0
-9999.0 -9999.0 -9999.0 01408.743 01295.249 00334.950 01107.935 01879.373 01090.840 00414.555 01021.499 -9999.0 00210.933 00137.335 02211.955 02233.117 02312.884 02309.136 02012.229 02332.586 02296.651 02294.913 -9999.000 -9999.000 -9999.000 -9999.000 -9999.000 -9999.000 -9999.000 -9999.000 -9999.000 -9999.000 -9999.000 -9999.000 -9999.000 -9999.000 00596.137 00736.462 00417.945 01108.901 01107.510 01109.064 01090.070 01398.312 00844.111 01621.589 01402.869 00588.242 01953.909 -9999.0 -9999.0 -9999.0 -9999.0 -9999.0 -9999.0 -9999.0 -9999.0 -9999.0 -9999.0 -9999.0 -9999.0 -9999.0 -9999.0 -9999.0 -9999.0 -9999.0 -9999.0
-9999.0 -9999.0 -9999.0 -9999.0 -9999.0 02053.229 00757.517 01111.570 01098.581 01096.825 01009.519 00267.100 01000.875 01010.172 01257.719 00568.025 01455.455 02199.270 01708.134 01371.011 01974.740 01218.398 -9999.000 -9999.000 -9999.000 -9999.000 -9999.000 -9999.000 -9999.000 -9999.000 -9999.000 -9999.000 -9999.000 -9999.000 -9999.000 -9999.000 -9999.000 01069.617 01105.510 01096.644 01100.104 01254.524 01332.566 01682.429 01456.002 01686.521 01028.373 01422.731 02021.877 -9999.0 -9999.0 -9999.0 -9999.0 -9999.0 -9999.0 -9999.0 -9999.0 -9999.0 -9999.0 -9999.0 -9999.0 -9999.0 -9999.0 -9999.0 -9999.0 -9999.0 -9999.0
-9999.0 -9999.0 -9999.0 -9999.0 -9999.0 02054.077 00615.515 00587.761 01089.835 00162.136 00991.978 00562.451 00927.867 00130.487 01569.569 02024.357 01212.031 00967.252 00750.703 01824.863 02323.694 01288.423 -9999.000 -9999.000 -9999.000 -9999.000 -9999.000 -9999.000 -9999.000 -9999.000 -9999.000 -9999.000 -9999.000 -9999.000 -9999.000 -9999.000 -9999.000 01076.006 01068.438 01073.725 02038.122 01510.556 01392.875 01479.996 01249.993 01474.194 00578.080 01792.811 00765.011 -9999.0 -9999.0 -9999.0 -9999.0 -9999.0 -9999.0 -9999.0 -9999.0 -9999.0 -9999.0 -9999.0 -9999.0 -9999.0 -9999.0 -9999.0 -9999.0 -9999.0 -9999.0
-9999.0 -9999.0 -9999.0 -9999.0 -9999.0 01117.237 00684.645 00966.566 01089.358 00215.759 01001.471 00963.620 00845.273 01016.372 01032.820 00713.451 00608.119 01008.428 00960.994 00940.925 01295.620 01968.437 -9999.000 -9999.000 -9999.000 -9999.000 -9999.000 -9999.000 -9999.000 -9999.000 -9999.000 -9999.000 -9999.000 -9999.000 -9999.000 -9999.000 -9999.000 -9999.000 01065.112 01706.703 01855.548 01185.983 00886.914 00533.766 00708.673 00548.613 00579.268 00626.837 01347.619 -9999.0 -9999.0 -9999.0 -9999.0 -9999.0 -9999.0 -9999.0 -9999.0 -9999.0 -9999.0 -9999.0 -9999.0 -9999.0 -9999.0 -9999.0 -9999.0 -9999.0 -9999.0
-9999.0 -9999.0 -9999.0 -9999.0 -9999.0 01883.925 00725.501 01470.300 01091.852 01088.495 00983.939 00982.258 00743.936 01002.162 00360.490 01730.878 00950.698 01543.389 00799.282 00964.658 00480.575 01541.064 -9999.000 -9999.000 -9999.000 -9999.000 -9999.000 -9999.000 -9999.000 -9999.000 -9999.000 -9999.000 -9999.000 -9999.000 -9999.000 -9999.000 -9999.000 -9999.000 01372.562 02107.370 02085.452 02059.447 01847.593 01632.486 00689.492 01393.763 01441.608 01650.618 01720.756 -9999.0 -9999.0 -9999.0 -9999.0 -9999.0 -9999.0 -9999.0 -9999.0 -9999.0 -9999.0 -9999.0 -9999.0 -9999.0 -9999.0 -9999.0 -9999.0 -9999.0 -9999.0
-9999.0 -9999.0 -9999.0 -9999.0 -9999.0 01337.701 00587.359 01471.365 01890.862 01095.944 01080.829 00987.306 00763.178 00390.037 01002.072 00992.221 01877.432 00923.589 00950.314 00868.176 00998.935 00429.850 -9999.000 -9999.000 -9999.000 -9999.000 -9999.000 -9999.000 -9999.000 -9999.000 -9999.000 -9999.000 -9999.000 -9999.000 -9999.000 -9999.000 -9999.000 -9999.000 01306.646 02097.449 02053.968 02033.171 01908.206 01618.942 00477.817 01766.041 01753.931 00936.965 -9999.0 -9999.0 -9999.0 -9999.0 -9999.0 -9999.0 -9999.0 -9999.0 -9999.0 -9999.0 -9999.0 -9999.0 -9999.0 -9999.0 -9999.0 -9999.0 -9999.0 -9999.0 -9999.0
-9999.0 -9999.0 -9999.0 -9999.0 -9999.0 -9999.0 00798.689 00848.094 01066.696 01095.724 01075.803 01006.159 00855.236 00921.065 00747.917 00944.486 00913.588 00596.099 00917.803 00859.985 00703.818 00989.786 -9999.000 -9999.000 -9999.000 -9999.000 -9999.000 -9999.000 -9999.000 -9999.000 -9999.000 -9999.000 -9999.000 -9999.000 -9999.000 -9999.000 -9999.000 -9999.000 02055.430 02072.795 02032.202 01975.080 01866.084 01860.382 01858.486 01740.262 01732.313 00686.406 -9999.0 -9999.0 -9999.0 -9999.0 -9999.0 -9999.0 -9999.0 -9999.0 -9999.0 -9999.0 -9999.0 -9999.0 -9999.0 -9999.0 -9999.0 -9999.0 -9999.0 -9999.0 -9999.0
-9999.0 -9999.0 -9999.0 -9999.0 -9999.0 01265.870 00872.523 00730.751 01996.016 01501.869 01104.967 00218.199 00974.815 00809.434 00913.542 00663.944 00970.567 00982.002 00962.055 00988.976 00897.444 00949.103 -9999.000 -9999.000 -9999.000 -9999.000 -9999.000 -9999.000 -9999.000 -9999.000 -9999.000 -9999.000 -9999.000 -9999.000 -9999.000 -9999.0 -9999.000 02017.571 02067.549 02043.112 01975.532 01874.650 01765.128 01549.665 01297.463 00827.121 00922.569 01820.356 -9999.0 -9999.0 -9999.0 -9999.0 -9999.0 -9999.0 -9999.0 -9999.0 -9999.0 -9999.0 -9999.0 -9999.0 -9999.0 -9999.0 -9999.0 -9999.0 -9999.0 -9999.0 -9999.0
-9999.0 -9999.0 -9999.0 -9999.0 -9999.0 02037.647 01153.582 00264.566 01242.386 01401.619 01090.751 01070.450 00570.516 00963.533 00962.353 00909.540 00982.725 00991.723 01011.145 01025.597 00890.811 00673.611 -9999.000 -9999.000 -9999.000 -9999.000 -9999.000 -9999.000 -9999.000 -9999.000 -9999.000 -9999.000 -9999.000 -9999.000 -9999.000 -9999.000 -9999.000 02002.678 01959.962 01896.613 01906.401 01722.429 01694.954 01555.736 01033.114 01416.998 01836.376 01656.894 -9999.0 -9999.0 -9999.0 -9999.0 -9999.0 -9999.0 -9999.0 -9999.0 -9999.0 -9999.0 -9999.0 -9999.0 -9999.0 -9999.0 -9999.0 -9999.0 -9999.0 -9999.0 -9999.0
-9999.0 -9999.0 -9999.0 -9999.0 -9999.0 -9999.0 01876.331 00592.880 00942.629 01749.259 01099.587 01067.575 01071.389 01003.529 00981.220 00980.338 01005.110 00371.465 00729.115 00707.744 00979.908 00965.417 -9999.000 -9999.000 -9999.000 -9999.000 -9999.000 -9999.000 -9999.000 -9999.000 -9999.000 -9999.0 -9999.000 -9999.000 -9999.000 -9999.000 01907.365 01878.031 01764.114 01560.550 01596.803 01575.953 01204.795 01482.003 01416.439 01084.237 02026.478 00913.736 -9999.0 -9999.0 -9999.0 -9999.0 -9999.0 -9999.0 -9999.0 -9999.0 -9999.0 -9999.0 -9999.0 -9999.0 -9999.0 -9999.0 -9999.0 -9999.0 -9999.0 -9999.0 -9999.0
-9999.0 -9999.0 -9999.0 -9999.0 -9999.0 -9999.0 01324.758 01477.713 00735.617 01734.979 01252.055 01098.487 01084.955 00970.628 01012.314 01002.162 00224.224 00969.974 01042.684 01070.709 00660.696 01017.851 -9999.000 -9999.000 -9999.000 -9999.000 -9999.000 -9999.000 -9999.000 -9999.000 -9999.000 -9999.000 -9999.000 01693.663 02258.376 02057.543 01964.746 01820.703 01346.672 01162.926 01363.324 01404.841 00532.986 01191.934 00940.430 01767.801 01291.007 -9999.0 -9999.0 -9999.0 -9999.0 -9999.0 -9999.0 -9999.0 -9999.0 -9999.0 -9999.0 -9999.0 -9999.0 -9999.0 -9999.0 -9999.0 -9999.0 -9999.0 -9999.0 -9999.0 -9999.0
-9999.0 -9999.0 -9999.0 -9999.0 -9999.0 -9999.0 -9999.0 01813.713 00734.233 00951.628 01231.975 01071.005 01111.570 01079.741 00314.755 00295.965 00799.280 01088.176 01097.742 00759.351 00711.729 00478.098 00218.170 -9999.000 -9999.000 -9999.000 -9999.000 -9999.000 -9999.000 -9999.000 -9999.000 -9999.000 02137.077 02115.099 02076.548 02049.335 02007.510 01970.054 01918.313 01847.247 01717.298 01445.344 01221.814 00639.005 01198.229 -9999.0 -9999.0 -9999.0 -9999.0 -9999.0 -9999.0 -9999.0 -9999.0 -9999.0 -9999.0 -9999.0 -9999.0 -9999.0 -9999.0 -9999.0 -9999.0 -9999.0 -9999.0 -9999.0 -9999.0 -9999.0 -9999.0
-9999.0 -9999.0 -9999.0 -9999.0 -9999.0 -9999.0 -9999.0 -9999.0 01271.580 00713.779 00959.373 01552.403 01082.947 01065.650 01066.328 01088.832 01066.303 01056.212 01069.218 01058.513 00996.415 00566.014 00206.760 -9999.000 -9999.000 -9999.000 -9999.000 -9999.000 -9999.000 -9999.000 -9999.000 -9999.000 02144.975 02114.465 02102.963 02092.926 02086.913 02052.582 02017.814 01973.911 01776.038 01751.332 00778.721 00783.949 00930.631 -9999.0 -9999.0 -9999.0 -9999.0 -9999.0 -9999.0 -9999.0 -9999.0 -9999.0 -9999.0 -9999.0 -9999.0 -9999.0 -9999.0 -9999.0 -9999.0 -9999.0 -9999.0 -9999.0 -9999.0 -9999.0 -9999.0
-9999.0 -9999.0 -9999.0 -9999.0 -9999.0 -9999.0 -9999.0 -9999.0 -9999.0 02016.163 00946.911 01090.185 01967.513 01091.219 01081.528 01111.267 01082.386 01103.268 01081.349 00909.686 00765.329 01038.086 01055.113 00754.760 00862.805 -9999.000 -9999.000 -9999.000 -9999.000 -9999.000 -9999.000 01587.516 02159.716 02135.895 02120.256 02106.617 02100.683 02083.478 02049.957 01988.538 01912.264 01786.869 00587.160 01095.274 01360.773 -9999.0 -9999.0 -9999.0 -9999.0 -9999.0 -9999.0 -9999.0 -9999.0 -9999.0 -9999.0 -9999.0 -9999.0 -9999.0 -9999.0 -9999.0 -9999.0 -9999.0 -9999.0 -9999.0 -9999.0 -9999.0 -9999.0
-9999.0 -9999.0 -9999.0 -9999.0 -9999.0 -9999.0 -9999.0 -9999.0 -9999.0 -9999.0 01805.358 01112.869 00692.112 01730.626 01275.991 01081.744 01061.834 00821.310 00863.146 00656.316 01095.222 00967.742 01071.361 00789.084 00891.129 01067.900 -9999.000 -9999.000 -9999.000 -9999.000 01337.999 01196.068 02131.117 02137.721 02135.607 02107.740 02112.002 02083.974 02087.749 02054.466 01977.942 01878.010 00688.239 01673.226 02084.226 -9999.0 -9999.0 -9999.0 -9999.0 -9999.0 -9999.0 -9999.0 -9999.0 -9999.0 -9999.0 -9999.0 -9999.0 -9999.0 -9999.0 -9999.0 -9999.0 -9999.0 -9999.0 -9999.0 -9999.0 -9999.0 -9999.0
-9999.0 -9999.0 -9999.0 -9999.0 -9999.0 -9999.0 -9999.0 -9999.0 -9999.0 -9999.0 -9999.0 -9999.0 02006.319 01160.200 01310.268 01718.686 01131.338 00838.246 00990.666 00804.533 01970.161 01281.383 01423.320 00898.181 00899.777 00877.362 00737.511 00749.573 01024.359 01180.831 01688.740 01472.717 01939.422 02145.659 02139.678 02129.141 02112.406 02102.796 02079.500 02052.270 01966.774 01964.241 01425.748 01172.692 01115.450 -9999.0 -9999.0 -9999.0 -9999.0 -9999.0 -9999.0 -9999.0 -9999.0 -9999.0 -9999.0 -9999.0 -9999.0 -9999.0 -9999.0 -9999.0 -9999.0 -9999.0 -9999.0 -9999.0 -9999.0 -9999.0 -9999.0
-9999.0 -9999.0 -9999.0 -9999.0 -9999.0 -9999.0 -9999.0 -9999.0 -9999.0 -9999.0 -9999.0 -9999.0 -9999.0 01042.606 01257.425 00757.396 00797.679 01710.202 00958.786 01502.584 01749.037 00410.314 01058.646 01006.009 01358.024 00887.509 00855.608 01627.491 02141.908 01215.712 01201.294 01833.494 00641.943 01774.542 02006.102 01580.928 01426.228 00692.923 01794.286 01051.930 01457.464 00508.008 01391.826 01649.559 01480.624 -9999.0 -9999.0 -9999.0 -9999.0 -9999.0 -9999.0 -9999.0 -9999.0 -9999.0 -9999.0 -9999.0 -9999.0 -9999.0 -9999.0 -9999.0 -9999.0 -9999.0 -9999.0 -9999.0 -9999.0 -9999.0 -9999.0
-9999.0 -9999.0 -9999.0 -9999.0 -9999.0 -9999.0 -9999.0 -9999.0 -9999.0 -9999.0 -9999.0 -9999.0 -9999.0 -9999.0 01882.168 01114.398 01963.972 01436.589 01356.297 01114.304 01956.168 01268.392 01547.531 00953.845 02047.047 01130.901 00618.158 02146.885 02140.988 01331.945 01928.301 02147.786 01785.851 01486.860 00908.219 00546.291 01354.898 01858.020 00923.755 01077.280 01309.694 00913.210 01215.198 02011.661 -9999.0 -9999.0 -9999.0 -9999.0 -9999.0 -9999.0 -9999.0 -9999.0 -9999.0 -9999.0 -9999.0 -9999.0 -9999.0 -9999.0 -9999.0 -9999.0 -9999.0 -9999.0 -9999.0 -9999.0 -9999.0 -9999.0 -9999.0
