tests/Case_4_ArrivalTime.asc
NCOLS 245
NROWS 163
XLLCORNER 4208400.000000
YLLCORNER 1880200.000000
CELLSIZE 100.000000
NODATA_VALUE -9999.0
[rows 30 to 59 of 163, columns 134 to 200 of 245]
04691.640 04629.600 04574.702 04521.544 04439.698 03267.266 03163.950 03103.032 03062.882 03048.295 03026.893 03028.280 03021.758 03067.558 03126.675 03196.797 03260.014 03300.525 04406.789 04519.691 04629.730 -9999.0 -9999.0 -9999.0 -9999.0 -9999.0 -9999.0 -9999.0 -9999.0 -9999.0 -9999.0 -9999.0 -9999.0 -9999.0 -9999.0 -9999.0 -9999.0 -9999.0 -9999.0 -9999.0 -9999.0 -9999.0 -9999.0 -9999.0 -9999.0 -9999.0 -9999.0 -9999.0 -9999.0 -9999.0 -9999.0 -9999.0 -9999.0 -9999.0 -9999.0 -9999.0 -9999.0 -9999.0 -9999.0 -9999.0 -9999.0 -9999.0 -9999.0 -9999.0 -9999.0 -9999.0 -9999.0
04679.270 04622.142 04560.114 04506.624 04407.849 03208.996 03080.498 03007.508 02960.644 02935.654 02918.303 02924.895 02931.846 03009.529 03096.036 03127.180 03168.971 03215.375 03284.902 04459.609 04557.590 04617.093 04694.427 -9999.0 -9999.0 -9999.0 -9999.0 -9999.0 -9999.0 -9999.0 -9999.0 -9999.0 -9999.0 -9999.0 -9999.0 -9999.0 -9999.0 -9999.0 -9999.0 -9999.0 -9999.0 -9999.0 -9999.0 -9999.0 -9999.0 -9999.0 -9999.0 -9999.0 -9999.0 -9999.0 -9999.0 -9999.0 -9999.0 -9999.0 -9999.0 -9999.0 -9999.0 -9999.0 -9999.0 -9999.0 -9999.0 -9999.0 -9999.0 -9999.0 -9999.0 -9999.0 -9999.0
-9999.0 -9999.0 04564.661 04516.416 04488.656 -9999.0 -9999.0 01837.732 01778.638 01766.700 01763.944 01770.389 01790.390 02899.402 02979.202 03034.307 03094.710 03152.343 03213.721 03286.874 04436.101 04516.602 04602.597 04696.521 -9999.0 -9999.0 -9999.0 -9999.0 -9999.0 -9999.0 -9999.0 -9999.0 -9999.0 -9999.0 -9999.0 -9999.0 -9999.0 -9999.0 -9999.0 -9999.0 -9999.0 -9999.0 -9999.0 -9999.0 -9999.0 -9999.0 -9999.0 -9999.0 -9999.0 -9999.0 -9999.0 -9999.0 -9999.0 -9999.0 -9999.0 -9999.0 -9999.0 -9999.0 -9999.0 -9999.0 -9999.0 -9999.0 -9999.0 -9999.0 -9999.0 -9999.0 -9999.0
-9999.0 -9999.0 04594.808 04569.184 04560.329 -9999.0 -9999.0 01742.264 01710.001 01703.644 01705.578 01720.008 01742.506 01768.093 01798.119 02928.490 03009.985 03076.200 03130.586 03188.556 03258.483 04415.950 04519.049 04611.170 04721.083 -9999.0 -9999.0 -9999.0 -9999.0 -9999.0 -9999.0 -9999.0 -9999.0 -9999.0 -9999.0 -9999.0 -9999.0 -9999.0 -9999.0 -9999.0 -9999.0 -9999.0 -9999.0 -9999.0 -9999.0 -9999.0 -9999.0 -9999.0 -9999.0 -9999.0 -9999.0 -9999.0 -9999.0 -9999.0 -9999.0 -9999.0 -9999.0 -9999.0 -9999.0 -9999.0 -9999.0 -9999.0 -9999.0 -9999.0 -9999.0 -9999.0 -9999.0
-9999.0 -9999.0 04647.558 04632.395 04635.815 -9999.0 -9999.0 01672.217 01651.020 01647.945 01661.179 01680.966 01702.591 01726.662 01752.341 01784.601 02898.630 02995.201 03066.394 03130.396 03197.200 03263.672 04426.005 04536.641 04628.658 -9999.0 -9999.0 -9999.0 -9999.0 -9999.0 -9999.0 -9999.0 -9999.0 -9999.0 -9999.0 -9999.0 -9999.0 -9999.0 -9999.0 -9999.0 -9999.0 -9999.0 -9999.0 -9999.0 -9999.0 -9999.0 -9999.0 -9999.0 -9999.0 -9999.0 -9999.0 -9999.0 -9999.0 -9999.0 -9999.0 -9999.0 -9999.0 -9999.0 -9999.0 -9999.0 -9999.0 -9999.0 -9999.0 -9999.0 -9999.0 -9999.0 -9999.0
-9999.0 -9999.0 -9999.0 -9999.0 -9999.0 -9999.0 -9999.0 01600.300 01576.632 01595.350 01626.180 01649.029 01672.855 01698.345 01724.682 01753.001 01787.626 02920.041 03012.903 03083.456 03144.899 03208.042 03274.962 04453.627 04562.833 04681.969 -9999.0 -9999.0 -9999.0 -9999.0 -9999.0 -9999.0 -9999.0 -9999.0 -9999.0 -9999.0 -9999.0 -9999.0 -9999.0 -9999.0 -9999.0 -9999.0 -9999.0 -9999.0 -9999.0 -9999.0 -9999.0 -9999.0 -9999.0 -9999.0 -9999.0 -9999.0 -9999.0 -9999.0 -9999.0 -9999.0 -9999.0 -9999.0 -9999.0 -9999.0 -9999.0 -9999.0 -9999.0 -9999.0 -9999.0 -9999.0 -9999.0
-9999.0 -9999.0 -9999.0 -9999.0 -9999.0 -9999.0 -9999.0 01481.675 01486.913 01540.881 01585.389 01624.201 01650.788 01677.235 01704.493 01732.942 01764.708 01808.059 02954.815 03034.520 03102.856 03168.353 03240.265 04370.316 04518.949 04639.038 -9999.0 -9999.0 -9999.0 -9999.0 -9999.0 -9999.0 -9999.0 -9999.0 -9999.0 -9999.0 -9999.0 -9999.0 -9999.0 -9999.0 -9999.0 -9999.0 -9999.0 -9999.0 -9999.0 -9999.0 -9999.0 -9999.0 -9999.0 -9999.0 -9999.0 -9999.0 -9999.0 -9999.0 -9999.0 -9999.0 -9999.0 -9999.0 -9999.0 -9999.0 -9999.0 -9999.0 -9999.0 -9999.0 -9999.0 -9999.0 -9999.0
-9999.0 -9999.0 00216.894 00246.310 00286.250 00337.671 00379.356 00409.343 00445.773 01495.717 01553.133 01599.228 01635.128 01661.534 01688.631 01716.103 01745.450 01779.575 02884.991 03001.438 03080.784 03145.635 03214.364 03290.048 04490.767 04610.979 -9999.0 -9999.0 -9999.0 -9999.0 -9999.0 -9999.0 -9999.0 -9999.0 -9999.0 -9999.0 -9999.0 -9999.0 -9999.0 -9999.0 -9999.0 -9999.0 -9999.0 -9999.0 -9999.0 -9999.0 -9999.0 -9999.0 -9999.0 -9999.0 -9999.0 -9999.0 -9999.0 -9999.0 -9999.0 -9999.0 -9999.0 -9999.0 -9999.0 -9999.0 -9999.0 -9999.0 -9999.0 -9999.0 -9999.0 -9999.0 -9999.0
-9999.0 -9999.0 00177.314 00195.056 00239.190 00293.432 00357.906 00390.300 00422.984 00470.602 01525.850 01576.900 01621.411 01649.687 01676.888 01704.228 01732.920 01764.983 01810.139 02968.703 03055.386 03123.843 03193.091 03267.662 04461.229 04565.344 04619.355 04694.614 -9999.0 -9999.0 -9999.0 -9999.0 -9999.0 -9999.0 -9999.0 -9999.0 -9999.0 -9999.0 -9999.0 -9999.0 -9999.0 -9999.0 -9999.0 -9999.0 -9999.0 -9999.0 -9999.0 -9999.0 -9999.0 -9999.0 -9999.0 -9999.0 -9999.0 -9999.0 -9999.0 -9999.0 -9999.0 -9999.0 -9999.0 -9999.0 -9999.0 -9999.0 -9999.0 -9999.0 -9999.0 -9999.0 -9999.0
-9999.0 -9999.0 00166.302 00172.609 00197.235 00257.098 00323.309 00376.707 00408.439 00447.156 01499.669 01557.108 01603.916 01638.556 01665.319 01692.876 01721.649 01753.310 01791.570 02940.831 03033.892 03101.541 03163.745 03234.645 04365.552 04449.346 04529.304 04586.192 04644.647 04734.475 -9999.0 -9999.0 -9999.0 -9999.0 -9999.0 04697.761 04676.691 04656.756 04649.259 04689.543 -9999.0 -9999.0 -9999.0 -9999.0 -9999.0 -9999.0 -9999.0 -9999.0 -9999.0 -9999.0 -9999.0 -9999.0 -9999.0 -9999.0 -9999.0 -9999.0 -9999.0 -9999.0 -9999.0 -9999.0 -9999.0 -9999.0 -9999.0 -9999.0 -9999.0 -9999.0 -9999.0
-9999.0 -9999.0 00155.541 00162.242 00176.085 00227.249 00297.749 00365.759 00398.109 00434.589 01477.268 01543.199 01590.865 01629.963 01656.812 01684.601 01713.390 01743.940 01776.961 02856.375 02988.465 03068.774 03133.463 03181.167 03219.668 03277.173 04433.296 04491.420 04547.585 04608.329 04668.640 04717.849 04708.124 04702.414 04666.288 04626.786 04594.494 04573.305 04562.491 04601.297 04656.451 -9999.0 -9999.0 -9999.0 -9999.0 -9999.0 -9999.0 -9999.0 -9999.0 -9999.0 -9999.0 -9999.0 -9999.0 -9999.0 -9999.0 -9999.0 -9999.0 -9999.0 -9999.0 -9999.0 -9999.0 -9999.0 -9999.0 -9999.0 -9999.0 -9999.0 -9999.0
-9999.0 -9999.0 00143.448 00152.562 00168.779 00208.028 00277.210 00349.394 00388.023 00422.195 00470.737 01525.161 01574.817 01618.586 01646.762 01673.270 01701.059 01730.220 01762.197 01801.758 02947.475 03025.077 03069.193 03103.589 03155.790 03220.906 03259.236 04355.983 04441.673 04518.082 04558.377 04593.106 04601.496 04579.149 04569.410 04557.049 04530.586 04497.953 04478.194 04528.856 04594.166 04672.993 -9999.0 -9999.0 -9999.0 -9999.0 -9999.0 -9999.0 -9999.0 -9999.0 -9999.0 -9999.0 -9999.0 -9999.0 -9999.0 -9999.0 -9999.0 -9999.0 -9999.0 -9999.0 -9999.0 -9999.0 -9999.0 -9999.0 -9999.0 -9999.0 -9999.0
00103.450 00115.251 00129.140 00144.526 00163.082 00189.455 00256.310 00325.554 00378.485 00411.522 00453.982 01506.100 01559.412 01604.653 01638.466 01664.969 01692.075 01720.247 01751.022 01788.846 01820.600 02924.508 02979.456 03042.258 03108.355 03140.583 03180.365 03221.195 03270.330 04416.107 04440.641 04489.709 04517.050 04489.122 04467.242 04426.628 04426.735 04389.528 04394.224 04468.806 04556.558 04648.568 -9999.0 -9999.0 -9999.0 -9999.0 -9999.0 -9999.0 -9999.0 -9999.0 -9999.0 -9999.0 -9999.0 -9999.0 -9999.0 -9999.0 -9999.0 -9999.0 -9999.0 -9999.0 -9999.0 -9999.0 -9999.0 -9999.0 -9999.0 -9999.0 -9999.0
00093.359 00106.309 00121.071 00138.270 00157.663 00178.617 00242.558 00312.350 00372.578 00405.201 00445.247 01495.705 01551.399 01597.196 01633.799 01660.450 01687.879 01717.310 01726.210 01741.227 01760.593 01784.019 02856.443 02975.946 03029.126 03069.172 03104.954 03148.016 03199.887 03222.964 03253.822 03288.387 04360.485 03304.320 03255.552 03230.881 03261.444 03298.726 04356.430 04445.599 04548.654 04653.729 -9999.0 -9999.0 -9999.0 -9999.0 -9999.0 -9999.0 -9999.0 -9999.0 -9999.0 -9999.0 -9999.0 -9999.0 -9999.0 -9999.0 -9999.0 -9999.0 -9999.0 -9999.0 -9999.0 -9999.0 -9999.0 -9999.0 -9999.0 -9999.0 -9999.0
00083.417 00097.666 00113.763 00132.747 00153.322 00175.586 00234.235 00303.958 00368.472 00400.944 00439.559 01484.214 01543.945 01590.832 01630.119 01658.258 01663.363 01674.370 01688.587 01705.647 01727.173 01750.841 01779.460 01830.984 02928.116 02980.137 03039.858 03089.611 03114.790 03133.879 03162.975 03184.011 03200.016 03177.838 03168.155 03190.013 03226.318 03288.220 04363.249 04465.962 04566.632 04666.997 -9999.0 -9999.0 -9999.0 -9999.0 -9999.0 -9999.0 -9999.0 -9999.0 -9999.0 -9999.0 -9999.0 -9999.0 -9999.0 -9999.0 -9999.0 -9999.0 -9999.0 -9999.0 -9999.0 -9999.0 -9999.0 -9999.0 -9999.0 -9999.0 -9999.0
00074.163 00089.299 00107.886 00128.172 00150.385 00173.782 00229.818 00299.676 00366.553 00399.237 00437.252 01480.931 01542.190 01589.410 01608.057 01605.362 01625.400 01642.181 01659.596 01682.578 01704.412 01731.147 01741.475 01758.376 01783.467 02875.561 02966.898 03004.323 03020.152 03056.575 03080.061 03096.387 03100.389 03103.078 03123.804 03165.048 03230.448 03307.098 04428.401 04515.403 04603.057 04714.639 -9999.0 -9999.0 -9999.0 -9999.0 -9999.0 -9999.0 -9999.0 -9999.0 -9999.0 -9999.0 -9999.0 -9999.0 -9999.0 -9999.0 -9999.0 -9999.0 -9999.0 -9999.0 -9999.0 -9999.0 -9999.0 -9999.0 -9999.0 -9999.0 -9999.0
00065.372 00082.857 00102.864 00124.932 00149.648 00177.477 00237.627 00304.707 00367.943 00400.240 00438.211 01484.957 01520.014 01545.058 01528.342 01540.759 01582.683 01625.023 01649.388 01673.639 01685.651 01697.376 01706.479 01729.124 01755.601 01783.343 01821.602 02895.807 02936.979 02974.678 02996.641 03018.393 03017.411 03047.446 03095.047 03156.456 03241.154 03305.615 04431.085 04550.894 04642.669 -9999.0 -9999.0 -9999.0 -9999.0 -9999.0 -9999.0 -9999.0 -9999.0 -9999.0 -9999.0 -9999.0 -9999.0 -9999.0 -9999.0 -9999.0 -9999.0 -9999.0 -9999.0 -9999.0 -9999.0 -9999.0 -9999.0 -9999.0 -9999.0 -9999.0 -9999.0
00057.181 00076.921 00098.652 00126.636 00155.249 00188.905 00251.908 00316.424 00374.099 00394.545 00408.408 00424.236 00443.107 00471.629 01417.223 01477.623 01560.846 01609.559 01632.422 01645.101 01660.557 01670.582 01685.091 01704.944 01726.355 01747.534 01764.805 01779.751 01804.810 02891.036 02924.764 02951.976 02969.231 03015.311 03081.799 03164.107 03252.031 03329.702 04458.221 04558.920 04622.308 04697.325 -9999.0 -9999.0 -9999.0 -9999.0 -9999.0 -9999.0 -9999.0 -9999.0 -9999.0 -9999.0 -9999.0 -9999.0 -9999.0 -9999.0 -9999.0 -9999.0 -9999.0 -9999.0 -9999.0 -9999.0 -9999.0 -9999.0 -9999.0 -9999.0 -9999.0
00050.211 00073.400 00103.629 00133.209 00162.492 00210.972 00269.352 00316.946 00329.830 00344.691 00362.547 00376.993 00392.061 00409.037 00428.965 01405.056 01513.153 01568.676 01595.004 01615.319 01631.103 01646.639 01665.224 01683.779 01702.589 01721.069 01740.595 01762.656 01785.547 01806.626 02871.349 02900.270 02940.042 02999.365 03085.776 03171.196 03241.172 03311.965 04420.943 04479.980 04543.304 04617.425 04712.674 -9999.0 -9999.0 -9999.0 -9999.0 -9999.0 -9999.0 -9999.0 -9999.0 -9999.0 -9999.0 -9999.0 -9999.0 -9999.0 -9999.0 -9999.0 -9999.0 -9999.0 -9999.0 -9999.0 -9999.0 -9999.0 -9999.0 -9999.0 -9999.0
00017.082 00082.378 00113.302 00143.530 00163.480 00181.436 00246.897 00262.342 00274.272 00287.780 00304.549 00322.252 00344.531 00367.233 00388.007 00428.317 01439.793 01509.119 01539.174 01565.201 01598.327 01626.416 01645.476 01663.738 01682.813 01702.982 01726.456 01753.418 01780.057 01803.527 01838.621 02839.659 02921.046 03005.161 03072.970 03131.524 03195.006 03266.227 03324.264 04388.468 04469.588 04551.612 04643.172 -9999.0 -9999.0 -9999.0 -9999.0 -9999.0 -9999.0 -9999.0 -9999.0 -9999.0 -9999.0 -9999.0 -9999.0 -9999.0 -9999.0 -9999.0 -9999.0 -9999.0 -9999.0 -9999.0 -9999.0 -9999.0 -9999.0 -9999.0 -9999.0
00000.000 00098.306 00126.877 00140.338 00155.842 00173.706 00206.460 00210.984 00221.271 00234.101 00249.520 00264.685 00285.469 00310.274 00346.373 00379.046 00421.243 00478.193 01471.864 01523.575 01563.831 01598.059 01628.439 01649.484 01670.422 01690.976 01713.484 01745.649 01774.397 01798.314 01825.391 01867.287 02907.490 02968.500 03036.608 03091.772 03153.917 03206.746 03253.323 03305.574 04395.410 04492.322 04603.451 04729.898 -9999.0 -9999.0 -9999.0 -9999.0 -9999.0 -9999.0 -9999.0 -9999.0 -9999.0 -9999.0 -9999.0 -9999.0 -9999.0 -9999.0 -9999.0 -9999.0 -9999.0 -9999.0 -9999.0 -9999.0 -9999.0 -9999.0 -9999.0
00093.360 00103.228 00117.405 00131.409 00148.645 00167.814 00174.926 00175.586 00177.745 00182.295 00195.627 00210.051 00229.188 00253.467 00285.218 00327.219 00375.267 00417.934 00472.675 01475.991 01534.927 01576.920 01613.370 01639.541 01661.017 01681.404 01703.463 01736.729 01778.141 01803.152 01820.343 01840.377 02846.898 02937.383 02997.568 03054.966 03101.725 03149.621 03207.477 03263.154 04323.852 04468.444 04579.152 04698.304 -9999.0 -9999.0 -9999.0 -9999.0 -9999.0 -9999.0 -9999.0 -9999.0 -9999.0 -9999.0 -9999.0 -9999.0 -9999.0 -9999.0 -9999.0 -9999.0 -9999.0 -9999.0 -9999.0 -9999.0 -9999.0 -9999.0 -9999.0
00082.370 00094.514 00108.121 00124.051 00142.552 00165.286 00163.853 00164.329 00166.443 00169.197 00171.992 00174.961 00178.942 00199.848 00229.337 00273.254 00325.573 00377.555 00431.051 01462.926 01543.375 01584.459 01620.980 01644.076 01666.995 01683.324 01701.941 01727.870 01757.990 01778.371 01799.013 01821.628 01867.680 02904.844 02970.560 03008.749 03053.659 03111.662 03177.194 03247.943 03317.015 04432.683 04550.754 04655.660 -9999.0 -9999.0 -9999.0 -9999.0 -9999.0 -9999.0 -9999.0 -9999.0 -9999.0 -9999.0 -9999.0 -9999.0 -9999.0 -9999.0 -9999.0 -9999.0 -9999.0 -9999.0 -9999.0 -9999.0 -9999.0 -9999.0 -9999.0
00071.571 00085.855 00099.426 00117.485 00137.221 00154.917 00152.812 00153.092 00155.159 00157.916 00160.715 00163.653 00167.650 00173.094 00179.810 00224.041 00272.875 00330.075 00387.161 00443.608 01468.840 01527.828 01579.734 01613.564 01642.772 01664.398 01685.734 01708.425 01738.856 01771.490 01797.878 01817.215 01852.257 02875.136 02932.378 02967.536 03026.028 03093.506 03159.341 03239.882 03305.364 04420.889 04510.355 04614.976 -9999.0 -9999.0 -9999.0 -9999.0 -9999.0 -9999.0 -9999.0 -9999.0 -9999.0 -9999.0 -9999.0 -9999.0 -9999.0 -9999.0 -9999.0 -9999.0 -9999.0 -9999.0 -9999.0 -9999.0 -9999.0 -9999.0 -9999.0
00061.340 00075.574 00092.185 00111.397 00137.981 00143.977 00141.811 00141.895 00143.912 00146.675 00149.469 00152.394 00156.413 00161.986 00169.367 00179.785 00228.294 00284.663 00350.641 00393.204 00450.625 01446.709 01498.026 01553.884 01607.473 01636.310 01655.766 01681.484 01714.256 01746.931 01777.334 01794.524 01810.624 01848.107 02871.588 02938.865 03006.620 03074.492 03143.032 03229.780 03296.168 04392.734 04505.150 04618.337 -9999.0 -9999.0 -9999.0 -9999.0 -9999.0 -9999.0 -9999.0 -9999.0 -9999.0 -9999.0 -9999.0 -9999.0 -9999.0 -9999.0 -9999.0 -9999.0 -9999.0 -9999.0 -9999.0 -9999.0 -9999.0 -9999.0 -9999.0
00053.727 00066.900 00086.487 00114.356 00143.570 00133.156 00131.036 00130.689 00132.666 00135.438 00138.233 00141.162 00145.202 00150.844 00158.992 00169.767 00189.436 00246.040 00314.655 00372.386 00408.431 00447.743 01429.364 01497.039 01544.346 01584.039 01620.978 01644.372 01670.100 01708.517 01743.600 01766.708 01786.752 01820.140 02815.546 02925.711 03002.014 03071.648 03137.212 03207.261 03276.807 04329.474 -9999.0 -9999.0 -9999.0 -9999.0 -9999.0 -9999.0 -9999.0 -9999.0 -9999.0 -9999.0 -9999.0 -9999.0 -9999.0 -9999.0 -9999.0 -9999.0 -9999.0 -9999.0 -9999.0 -9999.0 -9999.0 -9999.0 -9999.0 -9999.0 -9999.0
00019.362 00061.400 00092.973 00123.136 00137.066 00125.534 00120.132 00119.451 00121.387 00124.172 00126.971 00129.909 00134.043 00139.693 00148.727 00159.989 00173.029 00214.442 00278.404 00347.080 00390.075 00426.003 00473.848 01448.489 01502.770 01548.072 01585.957 01621.830 01646.672 01679.407 01728.536 01774.222 01801.081 01837.158 02875.943 02963.789 03004.874 03051.588 03105.554 03164.803 03245.105 03309.905 -9999.0 -9999.0 -9999.0 -9999.0 -9999.0 -9999.0 -9999.0 -9999.0 -9999.0 -9999.0 -9999.0 -9999.0 -9999.0 -9999.0 -9999.0 -9999.0 -9999.0 -9999.0 -9999.0 -9999.0 -9999.0 -9999.0 -9999.0 -9999.0 -9999.0
00000.000 00067.996 00112.809 00139.986 00132.213 00118.136 00108.952 00108.242 00110.069 00112.868 00115.673 00118.620 00122.863 00128.492 00138.574 00150.511 00164.475 00187.068 00255.190 00324.653 00379.997 00414.662 00457.970 01430.250 01486.623 01530.395 01572.595 01614.026 01640.561 01664.933 01709.609 01769.278 01790.057 01819.170 02860.141 02944.158 02998.404 03043.828 03094.416 03155.488 03231.057 03294.951 -9999.0 -9999.0 -9999.0 -9999.0 -9999.0 -9999.0 -9999.0 -9999.0 -9999.0 -9999.0 -9999.0 -9999.0 -9999.0 -9999.0 -9999.0 -9999.0 -9999.0 -9999.0 -9999.0 -9999.0 -9999.0 -9999.0 -9999.0 -9999.0 -9999.0
0.0 00069.469 00118.166 00148.809 00133.139 00112.671 00099.325 00097.099 00098.713 00101.519 00104.330 00107.286 00111.658 00117.616 00128.536 00140.983 00156.205 00175.693 00232.660 00303.842 00370.353 00404.573 00445.689 01406.768 01470.886 01517.922 01565.951 01614.248 01640.836 01664.207 01695.213 01730.650 01758.605 01789.137 01836.658 02909.568 02981.758 03053.799 03115.775 03174.955 03243.863 03305.043 -9999.0 -9999.0 -9999.0 -9999.0 -9999.0 -9999.0 -9999.0 -9999.0 -9999.0 -9999.0 -9999.0 -9999.0 -9999.0 -9999.0 -9999.0 -9999.0 -9999.0 -9999.0 -9999.0 -9999.0 -9999.0 -9999.0 -9999.0 -9999.0 -9999.0
00000.000 00102.371 00147.210 00155.373 00141.880 00118.191 00092.934 00085.762 00087.327 00090.137 00092.955 00095.920 00100.363 00107.339 00118.782 00132.392 00148.949 00168.398 00207.067 00278.045 00354.034 00392.500 00435.948 01403.361 01474.302 01522.816 01570.018 01617.139 01642.831 01663.944 01688.117 01714.472 01740.929 01774.500 01832.160 02930.487 03022.929 03090.815 03148.712 03205.763 03261.874 03327.538 -9999.0 -9999.0 -9999.0 -9999.0 -9999.0 -9999.0 -9999.0 -9999.0 -9999.0 -9999.0 -9999.0 -9999.0 -9999.0 -9999.0 -9999.0 -9999.0 -9999.0 -9999.0 -9999.0 -9999.0 -9999.0 -9999.0 -9999.0 -9999.0 -9999.0
