tests/Case_4_SpreadRate.asc
NCOLS 245
NROWS 163
XLLCORNER 4208400.000000
YLLCORNER 1880200.000000
CELLSIZE 100.000000
NODATA_VALUE -9999.0
[rows 31 to 61 of 163, columns 69 to 137 of 245]
-9999.0 -9999.0 -9999.0 -9999.0 -9999.0 -9999.0 -9999.0 -9999.0 -9999.0 -9999.0 -9999.0 -9999.0 -9999.0 -9999.0 -9999.0 -9999.0 -9999.0 -9999.0 -9999.0 -9999.0 -9999.0 -9999.0 -9999.0 -9999.0 00.78 00.97 00.86 00.80 00.79 00.68 00.63 00.28 00.80 00.86 00.91 01.00 01.09 01.12 01.12 00.34 -9999.0 -9999.0 -9999.0 -9999.0 -9999.0 -9999.0 -9999.0 -9999.0 -9999.0 -9999.0 -9999.0 -9999.0 -9999.0 -9999.0 -9999.0 -9999.0 -9999.0 -9999.0 -9999.0 -9999.0 -9999.0 -9999.0 -9999.0 -9999.0 -9999.0 01.53 00.69 01.88 01.48
-9999.0 -9999.0 -9999.0 -9999.0 -9999.0 -9999.0 -9999.0 -9999.0 -9999.0 -9999.0 -9999.0 -9999.0 -9999.0 -9999.0 -9999.0 -9999.0 -9999.0 -9999.0 -9999.0 -9999.0 -9999.0 -9999.0 00.24 00.83 00.81 00.85 01.00 01.05 00.74 00.20 00.74 00.87 00.91 00.93 00.96 01.03 01.21 01.28 01.30 01.11 -9999.0 -9999.0 -9999.0 -9999.0 -9999.0 -9999.0 -9999.0 -9999.0 -9999.0 -9999.0 -9999.0 -9999.0 -9999.0 -9999.0 -9999.0 -9999.0 -9999.0 -9999.0 -9999.0 -9999.0 -9999.0 -9999.0 -9999.0 -9999.0 -9999.0 -9999.0 -9999.0 01.96 01.90
-9999.0 -9999.0 -9999.0 -9999.0 -9999.0 -9999.0 -9999.0 -9999.0 -9999.0 -9999.0 -9999.0 -9999.0 -9999.0 -9999.0 -9999.0 -9999.0 -9999.0 -9999.0 -9999.0 -9999.0 00.55 00.77 00.83 00.78 00.94 00.85 00.50 00.64 00.74 00.83 00.89 00.91 00.82 00.74 00.72 00.82 01.05 01.42 01.49 01.34 -9999.0 -9999.0 -9999.0 -9999.0 -9999.0 -9999.0 -9999.0 -9999.0 -9999.0 -9999.0 -9999.0 -9999.0 -9999.0 -9999.0 -9999.0 -9999.0 -9999.0 -9999.0 -9999.0 -9999.0 -9999.0 -9999.0 -9999.0 -9999.0 -9999.0 -9999.0 -9999.0 01.84 01.70
-9999.0 -9999.0 -9999.0 -9999.0 -9999.0 -9999.0 -9999.0 -9999.0 -9999.0 -9999.0 -9999.0 -9999.0 -9999.0 -9999.0 -9999.0 -9999.0 -9999.0 -9999.0 -9999.0 00.78 00.95 00.87 00.84 00.81 00.51 00.53 00.30 00.69 00.85 00.89 00.79 00.67 00.40 01.04 01.75 01.09 01.01 01.42 01.48 01.36 -9999.0 -9999.0 -9999.0 -9999.0 -9999.0 -9999.0 -9999.0 -9999.0 -9999.0 -9999.0 -9999.0 -9999.0 -9999.0 -9999.0 -9999.0 -9999.0 -9999.0 -9999.0 -9999.0 -9999.0 -9999.0 -9999.0 -9999.0 -9999.0 -9999.0 -9999.0 -9999.0 01.60 01.48
-9999.0 -9999.0 -9999.0 -9999.0 -9999.0 -9999.0 -9999.0 -9999.0 -9999.0 -9999.0 -9999.0 -9999.0 -9999.0 -9999.0 -9999.0 -9999.0 -9999.0 -9999.0 00.64 01.05 01.00 00.96 00.55 00.48 00.26 00.46 00.55 00.83 00.81 00.73 00.30 01.14 01.36 01.46 01.78 -9999.0 -9999.0 -9999.0 -9999.0 -9999.0 -9999.0 -9999.0 -9999.0 -9999.0 -9999.0 -9999.0 -9999.0 -9999.0 -9999.0 -9999.0 -9999.0 -9999.0 -9999.0 -9999.0 -9999.0 -9999.0 -9999.0 -9999.0 -9999.0 -9999.0 -9999.0 -9999.0 -9999.0 -9999.0 -9999.0 -9999.0 -9999.0 -9999.0 -9999.0
-9999.0 -9999.0 -9999.0 -9999.0 -9999.0 -9999.0 -9999.0 -9999.0 -9999.0 -9999.0 -9999.0 -9999.0 -9999.0 -9999.0 -9999.0 -9999.0 -9999.0 -9999.0 01.05 01.12 01.16 00.97 00.59 00.54 00.58 00.56 00.58 00.77 00.65 00.70 01.25 01.46 01.54 01.56 01.04 -9999.0 -9999.0 -9999.0 -9999.0 -9999.0 -9999.0 -9999.0 -9999.0 -9999.0 -9999.0 -9999.0 -9999.0 -9999.0 -9999.0 -9999.0 -9999.0 -9999.0 -9999.0 -9999.0 -9999.0 -9999.0 -9999.0 -9999.0 -9999.0 -9999.0 -9999.0 -9999.0 -9999.0 -9999.0 -9999.0 -9999.0 -9999.0 -9999.0 -9999.0
-9999.0 -9999.0 -9999.0 -9999.0 -9999.0 -9999.0 -9999.0 -9999.0 -9999.0 -9999.0 -9999.0 -9999.0 -9999.0 -9999.0 -9999.0 -9999.0 -9999.0 -9999.0 01.03 01.07 01.11 00.84 00.65 00.77 00.85 00.52 00.57 00.54 00.99 01.31 01.38 01.51 01.52 01.05 00.96 00.64 01.14 01.55 01.95 02.12 -9999.0 -9999.0 03.03 06.49 08.95 09.03 07.62 -9999.0 -9999.0 -9999.0 -9999.0 -9999.0 -9999.0 -9999.0 -9999.0 -9999.0 -9999.0 -9999.0 -9999.0 -9999.0 -9999.0 -9999.0 -9999.0 -9999.0 -9999.0 -9999.0 -9999.0 02.03 01.55
-9999.0 -9999.0 -9999.0 -9999.0 -9999.0 -9999.0 -9999.0 -9999.0 -9999.0 -9999.0 -9999.0 -9999.0 -9999.0 -9999.0 -9999.0 -9999.0 -9999.0 00.88 01.02 00.91 00.82 00.62 00.42 00.78 00.72 00.42 00.41 01.06 01.36 01.41 01.35 00.98 00.84 00.62 00.99 01.11 01.64 02.35 01.97 01.54 -9999.0 -9999.0 05.78 08.29 08.77 08.99 07.65 -9999.0 -9999.0 -9999.0 -9999.0 -9999.0 -9999.0 -9999.0 -9999.0 -9999.0 -9999.0 -9999.0 -9999.0 -9999.0 -9999.0 -9999.0 -9999.0 -9999.0 -9999.0 -9999.0 -9999.0 08.68 01.62
-9999.0 -9999.0 -9999.0 -9999.0 -9999.0 -9999.0 -9999.0 -9999.0 -9999.0 -9999.0 -9999.0 -9999.0 -9999.0 -9999.0 -9999.0 -9999.0 00.69 01.11 01.04 01.04 00.57 00.37 00.65 00.78 00.60 00.20 00.79 01.30 01.39 00.97 00.83 00.17 01.25 01.47 01.70 01.69 02.87 02.81 02.56 01.72 -9999.0 -9999.0 07.66 08.09 08.57 08.94 07.45 -9999.0 -9999.0 -9999.0 -9999.0 -9999.0 -9999.0 -9999.0 -9999.0 -9999.0 -9999.0 -9999.0 -9999.0 -9999.0 -9999.0 -9999.0 -9999.0 -9999.0 -9999.0 -9999.0 -9999.0 08.64 07.09
-9999.0 -9999.0 -9999.0 -9999.0 -9999.0 -9999.0 -9999.0 -9999.0 -9999.0 -9999.0 -9999.0 -9999.0 -9999.0 -9999.0 -9999.0 -9999.0 01.02 01.12 01.11 01.10 00.57 00.50 00.80 00.78 00.58 01.03 01.28 01.34 00.94 00.65 01.09 01.44 01.88 02.21 02.17 02.00 03.06 03.33 03.31 03.27 03.59 05.42 07.00 07.76 08.30 08.76 07.46 -9999.0 -9999.0 -9999.0 -9999.0 -9999.0 -9999.0 -9999.0 -9999.0 -9999.0 -9999.0 -9999.0 -9999.0 -9999.0 -9999.0 -9999.0 -9999.0 -9999.0 -9999.0 -9999.0 -9999.0 08.43 06.52
-9999.0 -9999.0 -9999.0 -9999.0 -9999.0 -9999.0 -9999.0 -9999.0 -9999.0 -9999.0 -9999.0 -9999.0 -9999.0 -9999.0 -9999.0 -9999.0 01.08 01.10 01.12 00.64 00.51 00.55 00.83 00.68 00.84 01.18 01.30 00.92 00.62 01.16 01.46 02.48 02.47 02.41 02.36 02.24 02.05 02.11 03.65 03.70 03.75 05.98 06.50 07.37 08.05 08.51 03.87 -9999.0 -9999.0 -9999.0 -9999.0 -9999.0 -9999.0 -9999.0 -9999.0 -9999.0 -9999.0 08.96 08.99 08.98 08.92 -9999.0 -9999.0 -9999.0 -9999.0 -9999.0 -9999.0 04.35 06.09
-9999.0 -9999.0 -9999.0 -9999.0 -9999.0 -9999.0 -9999.0 -9999.0 -9999.0 -9999.0 -9999.0 -9999.0 -9999.0 -9999.0 -9999.0 00.73 01.18 01.12 01.13 00.64 00.37 00.50 00.82 00.48 01.06 01.22 00.92 00.65 01.14 01.92 02.67 02.68 02.66 02.62 02.56 02.47 02.28 02.00 01.87 03.72 03.81 05.52 05.95 06.51 07.57 08.31 08.76 09.06 09.09 09.11 09.10 09.11 09.09 09.03 08.09 -9999.0 -9999.0 08.94 08.89 08.89 08.86 08.82 08.78 08.45 07.73 06.77 06.27 05.99 05.51
-9999.0 -9999.0 -9999.0 -9999.0 -9999.0 -9999.0 -9999.0 -9999.0 -9999.0 -9999.0 -9999.0 -9999.0 -9999.0 -9999.0 -9999.0 00.92 01.20 01.13 01.13 00.61 00.46 00.51 00.77 00.67 01.17 01.10 00.76 01.05 02.01 02.81 02.84 02.86 02.87 02.82 02.76 02.68 04.59 09.05 08.18 01.81 03.88 05.03 05.36 05.90 06.62 07.82 08.53 08.97 09.05 09.07 09.08 09.07 09.06 09.05 08.50 -9999.0 -9999.0 08.66 08.80 08.80 08.80 08.69 08.62 08.23 07.31 06.51 06.08 05.68 05.06
-9999.0 -9999.0 -9999.0 -9999.0 -9999.0 -9999.0 -9999.0 -9999.0 -9999.0 -9999.0 -9999.0 -9999.0 -9999.0 -9999.0 -9999.0 01.05 01.10 01.16 00.74 00.57 00.54 00.51 00.59 01.03 01.19 00.87 00.53 01.30 02.96 03.01 03.03 03.04 03.01 03.03 02.96 08.72 08.97 09.14 08.72 08.04 06.27 04.26 04.60 05.03 05.72 07.06 08.18 08.89 09.00 08.99 09.00 09.00 09.00 08.99 08.96 -9999.0 -9999.0 08.65 08.72 08.65 08.68 08.61 08.57 08.19 07.01 06.18 05.81 05.35 04.89
-9999.0 -9999.0 -9999.0 -9999.0 -9999.0 -9999.0 -9999.0 -9999.0 -9999.0 -9999.0 -9999.0 -9999.0 -9999.0 -9999.0 00.31 01.07 01.02 01.05 00.60 00.49 00.54 00.49 00.55 01.18 01.22 00.75 01.06 03.05 03.15 03.20 03.25 03.25 03.26 03.23 08.21 08.64 08.90 09.10 08.76 07.97 05.58 03.93 04.08 04.18 04.56 05.40 07.31 08.61 08.94 08.93 08.94 08.94 08.93 08.92 08.90 08.88 08.82 08.75 08.63 08.54 08.58 08.55 08.53 08.29 06.56 05.88 05.45 05.00 04.60
-9999.0 -9999.0 -9999.0 -9999.0 -9999.0 -9999.0 -9999.0 -9999.0 -9999.0 -9999.0 -9999.0 -9999.0 -9999.0 -9999.0 00.97 01.20 01.13 01.13 00.61 00.49 00.50 00.49 00.94 01.19 00.89 00.58 01.24 03.15 03.40 03.40 03.41 03.44 03.45 07.46 07.98 08.45 08.80 09.04 08.82 07.86 04.68 03.84 03.34 03.25 03.57 03.68 04.91 08.33 08.82 08.89 08.89 08.88 08.84 08.81 08.76 08.58 08.37 07.42 08.57 08.51 08.50 08.50 08.52 06.30 05.99 05.57 05.00 04.69 04.16
-9999.0 -9999.0 -9999.0 -9999.0 -9999.0 -9999.0 -9999.0 -9999.0 -9999.0 -9999.0 -9999.0 -9999.0 -9999.0 -9999.0 01.08 01.12 01.17 00.91 00.63 00.52 00.48 00.41 00.72 00.77 00.60 00.41 00.70 01.56 01.85 02.19 03.63 03.71 03.70 06.78 07.71 08.23 08.63 08.98 08.88 07.74 02.27 03.88 01.52 02.71 02.77 02.93 03.07 07.96 08.66 08.80 08.60 08.44 07.99 08.69 08.66 08.61 08.57 08.56 08.54 08.47 08.45 08.44 08.48 08.12 06.31 05.15 04.65 03.99 03.44
-9999.0 -9999.0 -9999.0 -9999.0 -9999.0 -9999.0 -9999.0 -9999.0 -9999.0 -9999.0 -9999.0 -9999.0 -9999.0 -9999.0 01.14 01.16 01.22 00.94 00.66 00.52 00.47 00.45 00.62 00.77 00.65 00.61 00.84 00.64 01.84 01.94 03.78 03.89 03.93 05.24 06.93 07.94 08.42 08.90 08.95 07.55 04.17 03.79 02.88 03.75 02.76 02.78 03.13 07.73 06.12 08.70 08.67 08.64 08.63 08.57 08.53 -9999.00 -9999.00 -9999.00 -9999.0 -9999.0 -9999.0 -9999.0 -9999.0 -9999.0 -9999.00 04.46 03.61 03.28 03.26
-9999.0 -9999.0 -9999.0 -9999.0 -9999.0 -9999.0 -9999.0 -9999.0 -9999.0 -9999.0 -9999.0 -9999.0 -9999.0 -9999.0 01.15 01.19 01.25 01.26 00.69 00.38 00.48 00.47 00.49 00.78 00.82 00.70 00.50 00.62 01.84 01.93 03.38 03.86 03.83 03.33 04.23 07.54 08.21 08.71 09.06 07.89 03.61 04.65 02.53 03.89 03.39 02.75 02.77 06.90 07.95 08.49 -9999.00 -9999.00 -9999.00 -9999.0 -9999.0 -9999.0 -9999.0 -9999.0 -9999.0 -9999.0 -9999.0 -9999.0 -9999.0 -9999.0 -9999.0 04.29 03.00 03.02 03.02
-9999.0 -9999.0 -9999.0 -9999.0 -9999.0 -9999.0 -9999.0 -9999.0 -9999.0 -9999.0 -9999.0 -9999.0 -9999.0 -9999.0 01.10 01.34 01.25 01.27 00.69 00.39 00.48 00.49 00.36 00.79 00.82 00.64 00.55 00.57 01.78 01.78 01.92 01.65 01.81 02.25 02.70 07.02 07.84 08.52 09.09 08.31 07.30 07.67 02.24 03.85 03.85 03.14 02.72 07.58 -9999.00 -9999.0 -9999.0 -9999.0 -9999.0 -9999.0 -9999.0 -9999.0 -9999.0 -9999.0 -9999.0 -9999.0 -9999.0 -9999.0 -9999.0 -9999.0 -9999.00 -9999.00 02.76 06.83 06.01
-9999.0 -9999.0 -9999.0 -9999.0 -9999.0 -9999.0 -9999.0 -9999.0 -9999.0 -9999.0 -9999.0 -9999.0 -9999.0 -9999.0 00.95 01.32 01.23 01.26 00.71 00.59 00.60 00.52 00.46 00.64 00.74 00.75 00.62 00.72 00.77 01.33 01.40 01.87 01.98 02.38 02.66 06.63 07.39 08.13 08.88 08.22 07.21 07.51 03.88 03.82 03.81 03.72 02.70 -9999.00 -9999.0 -9999.0 -9999.0 -9999.0 -9999.0 -9999.0 -9999.0 -9999.0 -9999.0 -9999.0 -9999.0 -9999.0 -9999.0 -9999.0 -9999.0 -9999.00 -9999.00 06.81 05.98 06.39 05.66
-9999.0 -9999.0 -9999.0 -9999.0 -9999.0 -9999.0 -9999.0 -9999.0 -9999.0 -9999.0 -9999.0 -9999.0 -9999.0 -9999.0 00.46 01.26 01.21 01.25 00.97 00.67 00.48 00.52 00.48 00.22 00.72 00.77 00.67 00.61 00.62 00.69 01.80 01.90 01.98 02.16 02.36 06.12 06.83 07.69 08.59 08.29 06.60 08.60 03.99 03.83 03.77 03.72 -9999.00 -9999.0 -9999.0 -9999.0 -9999.0 -9999.0 -9999.0 -9999.0 -9999.0 -9999.0 -9999.0 -9999.0 -9999.0 -9999.0 -9999.0 -9999.0 -9999.00 -9999.00 07.93 06.90 06.03 05.84 05.35
-9999.0 -9999.0 -9999.0 -9999.0 -9999.0 -9999.0 -9999.0 -9999.0 -9999.0 -9999.0 -9999.0 -9999.0 -9999.0 -9999.0 -9999.0 01.18 01.22 01.24 01.20 00.58 00.41 00.56 00.52 00.42 00.71 00.79 00.75 00.76 00.52 00.58 01.80 01.90 01.97 02.30 02.48 05.55 06.20 07.06 08.04 08.25 05.81 08.84 04.02 03.85 03.71 -9999.00 -9999.0 -9999.0 -9999.0 -9999.0 -9999.0 -9999.0 -9999.0 -9999.0 -9999.0 -9999.0 -9999.0 -9999.0 -9999.0 -9999.0 -9999.0 -9999.0 04.23 07.32 07.72 06.48 06.05 05.59 05.04
-9999.0 -9999.0 -9999.0 -9999.0 -9999.0 -9999.0 -9999.0 -9999.0 -9999.0 -9999.0 -9999.0 -9999.0 -9999.0 -9999.0 -9999.0 01.07 01.05 01.09 00.69 00.55 00.53 00.52 00.50 00.38 00.63 00.84 00.79 00.73 00.52 00.59 01.82 01.92 01.99 02.06 02.26 05.01 05.45 06.17 07.14 08.49 03.52 06.75 04.00 03.86 -9999.00 -9999.0 -9999.0 -9999.0 -9999.0 -9999.0 -9999.0 -9999.0 -9999.0 -9999.0 -9999.0 -9999.0 -9999.0 -9999.0 -9999.0 -9999.0 -9999.0 -9999.0 -9999.00 07.70 07.64 06.11 06.00 05.13 04.17
-9999.0 -9999.0 -9999.0 -9999.0 -9999.0 -9999.0 -9999.0 -9999.0 00.54 00.64 00.67 00.67 00.62 00.52 00.93 01.11 01.08 01.08 00.61 00.28 00.50 00.49 00.37 00.61 00.80 00.85 00.71 00.73 00.55 00.55 01.81 01.91 01.98 02.01 02.03 03.97 04.43 05.07 06.32 07.71 03.72 03.91 03.88 -9999.00 -9999.0 -9999.0 -9999.0 -9999.0 -9999.0 -9999.0 -9999.0 -9999.0 -9999.0 -9999.0 -9999.0 -9999.0 -9999.0 -9999.0 -9999.0 -9999.0 -9999.0 -9999.0 -9999.00 07.81 07.55 05.81 05.31 03.97 03.53
-9999.0 -9999.0 -9999.0 -9999.0 -9999.0 00.53 00.84 00.85 00.77 00.76 00.75 00.74 00.69 00.64 00.60 01.00 01.13 00.66 00.53 00.55 00.50 00.45 00.53 00.78 00.82 00.65 00.62 00.54 00.22 00.47 01.69 01.79 01.89 01.93 02.72 04.93 03.34 03.87 04.98 06.30 07.69 -9999.00 -9999.0 -9999.0 -9999.0 -9999.0 -9999.0 -9999.0 -9999.0 -9999.0 -9999.0 -9999.0 -9999.0 -9999.0 -9999.0 -9999.0 -9999.0 -9999.0 -9999.0 -9999.0 -9999.0 -9999.0 -9999.0 -9999.00 -9999.00 05.24 03.39 02.84 02.88
-9999.0 -9999.0 -9999.0 -9999.0 00.70 01.02 01.10 01.01 00.87 00.65 00.58 00.57 00.54 00.51 00.49 00.58 01.13 00.63 00.19 00.47 00.47 00.18 00.71 00.78 00.65 00.55 00.54 00.77 00.88 00.93 01.75 01.85 01.93 02.34 02.87 03.43 03.93 03.34 03.20 -9999.00 -9999.0 -9999.0 -9999.0 -9999.0 -9999.0 -9999.0 -9999.0 -9999.0 -9999.0 -9999.0 -9999.0 -9999.0 -9999.0 -9999.0 -9999.0 -9999.0 -9999.0 -9999.0 -9999.0 -9999.0 -9999.0 -9999.0 -9999.0 -9999.0 -9999.0 -9999.00 01.75 03.75 03.32
-9999.0 -9999.0 -9999.0 00.15 01.08 01.23 01.23 01.07 00.67 00.52 00.34 00.36 00.50 00.48 00.35 00.45 01.00 00.60 00.48 00.48 00.45 00.54 00.75 00.62 00.57 00.44 00.74 01.18 01.09 01.05 01.03 01.89 01.97 02.29 02.64 03.02 03.64 03.50 -9999.00 -9999.0 -9999.0 -9999.0 -9999.0 -9999.0 -9999.0 -9999.0 -9999.0 -9999.0 -9999.0 -9999.0 -9999.0 -9999.0 -9999.0 -9999.0 -9999.0 -9999.0 -9999.0 -9999.0 -9999.0 -9999.0 -9999.0 -9999.0 -9999.0 -9999.0 -9999.0 -9999.0 01.55 03.08 03.01
-9999.0 -9999.0 -9999.0 00.92 01.15 01.25 01.20 00.67 00.46 00.57 00.64 00.64 00.68 00.74 00.88 00.77 00.39 00.56 00.54 00.47 00.36 00.64 00.74 00.60 00.35 00.68 01.55 01.52 01.37 01.14 01.14 01.01 01.99 02.04 02.22 02.47 02.99 03.52 -9999.00 -9999.0 -9999.0 -9999.0 -9999.0 -9999.0 -9999.0 -9999.0 -9999.0 -9999.0 -9999.0 -9999.0 -9999.0 -9999.0 -9999.0 -9999.0 -9999.0 -9999.0 -9999.0 -9999.0 -9999.0 -9999.0 -9999.0 -9999.0 -9999.0 -9999.0 -9999.0 -9999.00 01.20 02.39 07.17
-9999.0 -9999.0 00.48 01.12 01.16 01.28 00.74 00.54 00.52 00.54 00.61 00.62 00.69 00.77 00.84 01.13 00.82 00.12 00.46 00.44 00.04 00.72 00.75 00.57 00.46 01.09 01.70 01.77 01.78 03.88 04.17 03.88 00.83 02.24 02.53 01.95 02.15 05.68 -9999.0 -9999.0 -9999.0 -9999.0 -9999.0 -9999.0 -9999.0 -9999.0 -9999.0 -9999.0 -9999.0 -9999.0 -9999.0 -9999.0 -9999.0 -9999.0 -9999.0 -9999.0 -9999.0 -9999.0 -9999.0 -9999.0 -9999.0 -9999.0 -9999.0 -9999.0 -9999.00 -9999.00 04.12 04.12 04.11
-9999.0 -9999.0 00.96 01.26 01.31 01.24 00.67 00.29 00.50 00.49 00.46 00.47 00.60 00.72 00.93 00.66 00.68 00.75 00.49 00.43 00.50 00.73 00.62 00.52 00.57 01.71 01.80 01.87 02.33 03.51 04.46 03.87 02.60 02.96 03.22 03.54 02.17 04.68 -9999.0 -9999.0 -9999.0 -9999.0 -9999.0 -9999.0 -9999.0 -9999.0 -9999.0 -9999.0 -9999.0 -9999.0 -9999.0 -9999.0 -9999.0 -9999.0 -9999.0 -9999.0 -9999.0 -9999.0 -9999.0 -9999.0 -9999.0 -9999.0 -9999.0 -9999.00 -9999.00 01.36 04.04 04.09 04.09
