tests/Case_4_ReactionIntensity.asc
NCOLS 245
NROWS 163
XLLCORNER 4208400.000000
YLLCORNER 1880200.000000
CELLSIZE 100.000000
NODATA_VALUE -9999.0
[rows 58 to 86 of 163, columns 64 to 127 of 245]
-9999.0 -9999.0 -9999.0 -9999.0 -9999.0 -9999.0 -9999.0 -9999.0 00086.236 00553.285 00594.936 00612.138 00609.880 00595.684 00529.593 00427.217 01074.665 00778.131 01257.970 00297.109 00559.419 00612.786 00567.177 01850.794 01432.168 00413.588 00472.008 00629.733 01729.954 01582.747 01295.071 01598.158 01939.876 00929.769 02019.914 01739.134 00765.899 00678.126 00687.969 00943.299 00437.505 00319.940 00683.685 -9999.000 -9999.0 -9999.0 -9999.0 -9999.0 -9999.0 -9999.0 -9999.0 -9999.0 -9999.0 -9999.0 -9999.0 -9999.0 -9999.0 -9999.0 -9999.0 -9999.0 -9999.0 -9999.0 -9999.0 -9999.0
-9999.0 -9999.0 -9999.0 -9999.0 -9999.0 -9999.0 -9999.0 -9999.0 00512.570 00591.073 00603.253 00617.556 00600.399 00411.330 01689.641 00822.077 02007.875 02076.323 01618.147 01774.876 01821.090 00509.405 00528.115 01321.857 01842.987 00834.337 00557.622 01866.453 01335.524 00631.093 01549.673 01217.190 01525.831 00681.245 00683.506 00685.075 00687.933 00682.225 00694.646 00827.448 00462.606 00683.788 00677.736 -9999.000 -9999.0 -9999.0 -9999.0 -9999.0 -9999.0 -9999.0 -9999.0 -9999.0 -9999.0 -9999.0 -9999.0 -9999.0 -9999.0 -9999.0 -9999.0 -9999.0 -9999.0 -9999.0 -9999.0 -9999.0
-9999.0 -9999.0 -9999.0 -9999.0 -9999.0 -9999.0 -9999.0 00133.636 00557.700 00596.817 00614.567 00607.277 00536.755 01820.310 00948.866 01621.859 00963.384 01346.910 01893.470 01824.984 01070.993 01457.504 00356.861 00706.970 00523.064 00636.366 01362.362 01814.430 00714.149 01112.416 01621.540 01922.342 00672.076 00693.245 00926.157 01987.188 01835.987 00686.943 00687.964 01882.456 00682.286 00680.834 00342.104 -9999.0 -9999.0 -9999.0 -9999.0 -9999.0 -9999.0 -9999.0 -9999.0 -9999.0 -9999.0 -9999.0 -9999.0 -9999.0 -9999.0 -9999.0 -9999.0 -9999.0 -9999.0 -9999.0 -9999.0 -9999.0
-9999.0 -9999.0 -9999.0 -9999.0 -9999.0 -9999.0 -9999.0 00458.825 00587.721 00610.081 00614.062 00597.824 00933.455 01659.672 00576.174 00218.479 01044.791 00219.107 00413.467 01750.589 01034.595 01780.565 01870.038 01786.793 00512.167 00414.133 01842.681 01221.881 01831.381 00689.489 01242.724 01327.747 00680.615 00690.213 01561.589 01188.046 01529.609 01551.342 02322.741 00892.778 00693.444 00647.003 00470.133 -9999.0 -9999.0 -9999.0 -9999.0 -9999.0 -9999.0 -9999.0 -9999.0 -9999.0 -9999.0 -9999.0 -9999.0 -9999.0 -9999.0 -9999.0 -9999.0 -9999.0 -9999.0 -9999.0 -9999.0 -9999.0
-9999.0 -9999.0 -9999.0 -9999.0 -9999.0 -9999.0 -9999.0 00477.273 00584.526 00602.671 00605.304 00577.855 01459.573 01021.341 00620.535 00618.611 01114.218 00492.298 00531.085 01099.730 02029.021 01291.392 01750.400 01130.865 00243.434 00476.430 00605.220 01778.550 01870.834 00753.993 00765.769 01050.259 00687.156 01254.625 00832.259 01672.693 01044.154 00692.049 01427.478 00694.798 00366.691 00431.207 -9999.000 -9999.0 -9999.0 -9999.0 -9999.0 -9999.0 -9999.0 -9999.0 -9999.0 -9999.0 -9999.0 -9999.0 -9999.0 -9999.0 -9999.0 -9999.0 -9999.0 -9999.0 -9999.0 -9999.0 -9999.0 -9999.0
-9999.0 -9999.0 -9999.0 -9999.0 -9999.0 -9999.0 00501.957 00591.009 00613.953 00609.190 00597.897 00551.100 01273.541 01403.846 00347.393 00640.616 00497.103 01213.785 00860.568 01512.673 01252.104 00537.482 00598.182 01996.305 00717.946 00549.909 01157.040 01451.388 01127.051 02020.426 02144.636 02112.744 00684.687 00772.502 00696.099 00937.700 00908.601 01676.760 00815.974 00693.994 00425.021 00682.848 -9999.000 -9999.0 -9999.0 -9999.0 -9999.0 -9999.0 -9999.0 -9999.0 -9999.0 -9999.0 -9999.0 -9999.0 -9999.0 -9999.0 -9999.0 -9999.0 -9999.0 -9999.0 -9999.0 -9999.0 -9999.0 -9999.0
-9999.0 -9999.0 -9999.0 -9999.0 -9999.0 00484.054 00591.372 00607.470 00615.299 00603.176 00494.597 00990.399 01313.569 01132.365 00206.345 00374.605 01620.109 00453.961 00528.193 00522.259 00474.488 00357.807 00801.334 00450.340 00884.094 00568.819 00714.934 02073.548 01613.809 01451.002 01847.045 01656.994 00689.049 01769.691 00694.849 01538.190 00708.365 00694.097 00693.719 00693.152 00565.724 00679.402 -9999.000 -9999.0 -9999.0 -9999.0 -9999.0 -9999.0 -9999.0 -9999.0 -9999.0 -9999.0 -9999.0 -9999.0 -9999.0 -9999.0 -9999.0 -9999.0 -9999.0 -9999.0 -9999.0 -9999.0 -9999.0 -9999.0
-9999.0 -9999.0 -9999.0 -9999.0 00099.019 00554.469 00610.840 00614.717 00592.859 00475.174 00597.072 01516.664 01304.955 00481.289 00710.853 01039.654 00593.453 01755.787 02101.135 02104.606 01520.684 00510.266 00341.562 00730.134 00855.500 00564.790 01610.370 01331.702 00306.090 01655.895 01193.494 01466.248 00690.127 00835.529 00694.637 01044.379 00809.627 00540.364 00316.282 00444.133 00305.121 00671.062 -9999.0 -9999.0 -9999.0 -9999.0 -9999.0 -9999.0 -9999.0 -9999.0 -9999.0 -9999.0 -9999.0 -9999.0 -9999.0 -9999.0 -9999.0 -9999.0 -9999.0 -9999.0 -9999.0 -9999.0 -9999.0 -9999.0
-9999.0 -9999.0 -9999.0 -9999.0 00484.643 00596.352 00610.003 00610.497 00571.082 01651.665 01900.102 00297.005 00582.609 00780.491 00321.637 01819.719 02100.339 02106.205 02111.050 02112.550 01817.875 01888.206 00524.136 00247.550 00666.401 00535.622 00800.340 00847.105 01196.709 00845.772 01088.779 01421.215 00686.806 00688.653 01060.589 00501.483 02124.532 00470.348 00986.401 00653.766 00683.902 -9999.000 -9999.0 -9999.0 -9999.0 -9999.0 -9999.0 -9999.0 -9999.0 -9999.0 -9999.0 -9999.0 -9999.0 -9999.0 -9999.0 -9999.0 -9999.0 -9999.0 -9999.0 -9999.0 -9999.0 -9999.0 -9999.0 -9999.0
-9999.0 -9999.0 -9999.0 00439.642 00586.442 00604.084 00617.060 00588.731 00464.389 01029.851 01817.502 00553.567 01409.794 00920.279 01760.215 02102.655 02108.771 02111.985 02116.558 01355.350 02114.674 00682.623 00563.964 00448.352 01436.041 00561.463 01201.000 00656.978 00818.051 01549.586 02078.081 00748.038 00672.166 00738.122 02143.933 00692.140 00192.267 01018.264 00750.915 01879.500 00679.048 -9999.0 -9999.0 -9999.0 -9999.0 -9999.0 -9999.0 -9999.0 -9999.0 -9999.0 -9999.0 -9999.0 -9999.0 -9999.0 -9999.0 -9999.0 -9999.0 -9999.0 -9999.0 -9999.0 -9999.0 -9999.0 -9999.0 -9999.000
-9999.0 -9999.0 -9999.0 00516.962 00595.369 00606.218 00599.531 00506.261 00802.472 02088.713 00451.496 01691.825 01448.066 01109.747 02104.370 02111.015 02114.489 00915.636 02000.211 01616.896 01350.323 00942.207 01480.822 00532.515 00435.616 01099.190 02094.564 01463.863 01070.415 01014.235 01675.411 00670.905 00683.480 01692.370 00687.794 00688.478 00572.163 00732.544 01982.286 01993.855 -9999.000 -9999.0 -9999.0 -9999.0 -9999.0 -9999.0 -9999.0 -9999.0 -9999.0 -9999.0 -9999.0 -9999.0 -9999.0 -9999.0 -9999.0 -9999.0 -9999.0 -9999.0 -9999.0 -9999.0 -9999.0 -9999.0 -9999.0 -9999.000
-9999.0 -9999.0 00535.742 00600.831 00599.030 00613.270 00597.230 01248.398 00695.315 00534.243 00918.931 01921.456 01400.800 02102.372 02110.621 02115.392 01775.704 02119.650 02120.590 02120.459 02120.147 00592.860 01052.173 01562.538 00510.461 00603.092 01586.272 00575.928 01807.660 00924.648 00669.678 00683.242 00787.410 00687.569 00688.828 01224.103 00420.639 01307.123 00734.161 01297.766 -9999.0 -9999.0 -9999.0 -9999.0 -9999.0 -9999.0 -9999.0 -9999.0 -9999.0 -9999.0 -9999.0 -9999.0 -9999.0 -9999.0 -9999.0 -9999.0 -9999.0 -9999.0 -9999.0 -9999.0 -9999.0 -9999.0 -9999.0 -9999.0
-9999.0 -9999.0 00481.076 00575.322 00393.953 00430.974 00246.799 00874.582 01271.922 01027.745 01705.825 00546.968 02100.399 02109.381 02115.758 01967.576 02120.054 02120.355 02118.507 02117.400 01064.268 01330.614 00589.958 01296.277 00625.782 00786.094 01063.369 00938.625 01906.523 01890.189 00672.606 01912.336 02335.642 02233.984 01208.451 01640.573 01134.090 01930.639 01021.731 -9999.000 -9999.0 -9999.0 -9999.0 -9999.0 -9999.0 -9999.0 -9999.0 -9999.0 -9999.0 -9999.0 -9999.0 -9999.0 -9999.0 -9999.0 -9999.0 -9999.0 -9999.0 -9999.0 -9999.0 -9999.0 -9999.0 -9999.0 -9999.0 -9999.0
-9999.0 -9999.0 00413.601 00299.249 00349.723 00212.797 00454.882 01330.043 01048.686 01054.495 00843.209 01143.842 02108.419 02113.830 02016.337 02120.314 02119.856 02116.653 02113.420 02110.796 01755.765 00861.819 01519.191 00600.491 00886.926 01978.356 01789.456 01318.679 01201.126 01473.145 00672.682 01829.958 02387.050 02391.252 01243.250 01301.846 00684.775 01737.349 01972.738 -9999.000 -9999.0 -9999.0 -9999.0 -9999.0 -9999.0 -9999.0 -9999.0 -9999.0 -9999.0 -9999.0 -9999.0 -9999.0 -9999.0 -9999.0 -9999.0 -9999.0 -9999.0 -9999.0 -9999.0 -9999.0 -9999.0 -9999.0 -9999.0 -9999.0
-9999.0 -9999.0 00371.496 00152.177 00196.593 00603.822 00557.863 00583.004 00750.596 00754.911 01194.802 02103.145 02110.879 00696.392 02119.717 02119.545 02116.479 02110.977 02104.110 02100.614 02104.485 00773.355 01080.954 01367.234 00789.115 01029.294 01540.853 00901.138 01812.148 01221.219 02260.670 00682.562 00821.001 01635.195 02391.491 01406.170 01810.965 00693.761 00477.587 -9999.000 -9999.0 -9999.0 -9999.0 -9999.0 -9999.0 -9999.0 -9999.0 -9999.0 -9999.0 -9999.0 -9999.0 -9999.0 -9999.0 -9999.0 -9999.0 -9999.0 -9999.0 -9999.0 -9999.0 -9999.0 -9999.0 -9999.0 -9999.0 -9999.0
-9999.0 -9999.0 00290.071 00188.183 00554.817 00603.326 00550.046 00964.670 01181.506 00472.761 01396.515 02108.013 02115.458 01270.522 02119.988 02116.632 02110.013 02101.336 02090.172 02082.887 02093.940 01952.998 01098.009 01612.963 00925.701 01337.663 00663.407 01076.229 01423.256 01761.686 01484.137 00679.182 02355.065 01996.392 02386.943 02389.612 02391.643 00694.076 00627.749 -9999.000 -9999.0 -9999.0 -9999.0 -9999.0 -9999.0 -9999.0 -9999.0 -9999.0 -9999.0 -9999.0 -9999.0 -9999.0 -9999.0 -9999.0 -9999.0 -9999.0 -9999.0 -9999.0 -9999.0 -9999.0 -9999.0 -9999.0 -9999.0 -9999.0
-9999.0 -9999.0 00291.175 00453.719 00261.178 00600.812 00514.550 00624.018 00524.019 00356.055 02102.178 02111.398 01242.079 02119.534 02117.905 02111.840 02102.617 02088.543 02067.667 02051.915 00792.654 01147.365 01312.116 01607.781 01777.258 00987.959 01614.729 01540.748 01955.260 02051.669 02096.599 01206.623 00810.717 00963.855 02077.568 02386.508 02060.739 00693.823 00204.724 -9999.000 -9999.0 -9999.0 -9999.0 -9999.0 -9999.0 -9999.0 -9999.0 -9999.0 -9999.0 -9999.0 -9999.0 -9999.0 -9999.0 -9999.0 -9999.0 -9999.0 -9999.0 -9999.0 -9999.0 -9999.0 -9999.0 -9999.0 -9999.0 -9999.0
-9999.0 -9999.0 -9999.0 -9999.0 -9999.0 00600.395 00497.450 01711.950 00129.830 00406.930 02105.959 02113.940 01791.123 02120.052 02115.729 02107.274 02093.116 02067.140 02017.310 01918.579 00766.505 01324.992 00975.786 01450.795 01393.387 00906.652 01828.541 02281.919 02304.691 02329.378 00972.081 01975.804 01481.428 01582.933 02053.617 00688.400 01192.961 00694.569 00307.900 -9999.000 -9999.0 -9999.0 -9999.0 -9999.0 -9999.0 -9999.0 -9999.0 -9999.0 -9999.0 -9999.0 -9999.0 -9999.0 -9999.0 -9999.0 -9999.0 -9999.0 -9999.0 -9999.0 -9999.0 -9999.0 -9999.0 -9999.0 -9999.0 -9999.0
-9999.0 -9999.0 -9999.0 -9999.0 -9999.0 00595.366 00378.057 02036.735 00139.786 00443.624 02107.653 02095.067 02119.380 02118.588 02113.046 02102.128 02081.876 02035.286 01918.438 00909.419 00885.800 01279.551 00609.375 01142.927 00670.600 01494.003 01163.807 02280.937 02301.771 02325.962 00760.712 01228.890 02207.644 01674.099 00687.821 02029.826 00767.220 00695.587 00462.272 -9999.000 -9999.0 -9999.0 -9999.0 -9999.0 -9999.0 -9999.0 -9999.0 -9999.0 -9999.0 -9999.0 -9999.0 -9999.0 -9999.0 -9999.0 -9999.0 -9999.0 -9999.0 -9999.0 -9999.0 -9999.0 -9999.0 -9999.0 -9999.0 -9999.0
-9999.0 -9999.0 -9999.0 -9999.0 -9999.0 00595.452 00434.373 01770.965 00313.928 00352.238 00542.306 01427.141 02119.904 02117.960 02110.401 02097.554 02071.852 01992.045 01435.081 00603.167 01745.922 01984.835 02077.080 02130.554 01009.883 02233.989 01404.872 02280.473 02297.335 02322.672 02339.062 00673.860 00681.631 00686.651 01722.763 00701.056 00694.735 00624.940 00232.156 -9999.000 -9999.0 -9999.0 -9999.0 -9999.0 -9999.0 -9999.0 -9999.0 -9999.0 -9999.0 -9999.0 -9999.0 -9999.0 -9999.0 -9999.0 -9999.0 -9999.0 -9999.0 -9999.0 -9999.0 -9999.0 -9999.0 -9999.0 -9999.0 -9999.0
-9999.0 -9999.0 -9999.0 -9999.0 -9999.0 00600.087 00508.961 01138.069 01143.044 00158.648 00372.428 01880.196 02120.150 02116.930 02109.162 02094.326 02062.576 01948.430 00908.160 00769.164 01809.891 01987.943 02080.235 02129.145 02176.932 02228.207 02254.344 02274.331 02287.285 02305.371 02313.400 02305.935 00676.124 00690.304 01307.613 00695.657 00683.811 00461.099 00418.400 -9999.000 -9999.0 -9999.0 -9999.0 -9999.0 -9999.0 -9999.0 -9999.0 -9999.0 -9999.0 -9999.0 -9999.0 -9999.0 -9999.0 -9999.0 -9999.0 -9999.0 -9999.0 -9999.0 -9999.0 -9999.0 -9999.0 -9999.0 -9999.0 -9999.0
-9999.0 -9999.0 -9999.0 -9999.0 -9999.0 00568.120 00563.145 01220.431 01370.907 00414.208 00355.055 01635.434 02120.297 02117.047 01681.848 02093.326 02059.738 01933.477 00856.123 00787.734 01547.738 01973.340 02067.455 02119.022 02158.003 02210.589 02244.001 01843.594 02285.302 02311.595 02333.508 01546.475 00688.412 01983.177 01169.528 00694.639 00395.835 00327.647 00680.342 -9999.000 -9999.0 -9999.0 -9999.0 -9999.0 -9999.0 -9999.0 -9999.0 -9999.0 -9999.0 -9999.0 -9999.0 -9999.0 -9999.0 -9999.0 -9999.0 -9999.0 -9999.0 -9999.0 -9999.0 -9999.0 -9999.0 -9999.0 -9999.0 -9999.0
-9999.0 -9999.0 -9999.0 -9999.0 -9999.0 -9999.0 -9999.0 -9999.0 -9999.0 -9999.0 01929.393 02109.992 00825.626 01049.432 01736.275 02094.002 02062.057 01966.626 01264.572 00631.130 01061.970 01933.182 02037.201 02102.666 02150.382 02210.377 02248.704 01885.872 02279.870 02286.058 02155.616 00680.242 00685.481 02059.167 00695.851 00693.493 00669.632 00629.049 00396.139 -9999.000 -9999.0 -9999.0 -9999.0 -9999.0 -9999.0 -9999.0 -9999.0 -9999.0 -9999.0 -9999.0 -9999.0 -9999.0 -9999.0 -9999.0 -9999.0 -9999.0 -9999.0 -9999.0 -9999.0 -9999.0 -9999.0 -9999.0 -9999.0 -9999.0
-9999.0 -9999.0 -9999.0 -9999.0 -9999.0 -9999.0 -9999.0 -9999.0 -9999.0 -9999.0 01291.810 02105.946 00615.243 00586.636 01002.314 02096.952 02073.936 02018.684 01811.577 01532.414 01574.462 00825.348 02014.247 01864.791 02150.015 02166.947 02226.999 02243.490 02255.331 02170.156 01423.853 00678.126 00684.521 01285.640 00693.198 00348.773 00208.273 00633.724 00411.240 -9999.0 -9999.0 -9999.0 -9999.0 -9999.0 -9999.0 -9999.0 -9999.0 -9999.0 -9999.0 -9999.0 -9999.0 -9999.0 -9999.0 -9999.0 -9999.0 -9999.0 -9999.0 -9999.0 -9999.0 -9999.0 -9999.0 -9999.0 -9999.0 -9999.0
-9999.0 -9999.0 02084.768 02114.536 02129.905 02135.499 02135.216 -9999.0 -9999.0 -9999.0 01115.913 01183.333 00538.187 01581.803 01090.877 02101.747 02084.574 02056.271 01976.250 01926.418 01113.070 01267.056 00500.653 01038.786 00634.498 02157.456 02091.231 00659.742 01434.426 01963.001 01715.889 00675.359 00691.561 01492.714 00694.362 00161.171 00360.053 00647.573 00403.921 -9999.0 -9999.0 -9999.0 -9999.0 -9999.0 -9999.0 -9999.0 -9999.0 -9999.0 -9999.0 -9999.0 -9999.0 -9999.0 -9999.0 -9999.0 -9999.0 -9999.0 -9999.0 -9999.0 -9999.0 -9999.0 -9999.0 -9999.0 -9999.0 -9999.0
-9999.0 -9999.0 02097.257 02120.206 02135.033 02134.343 02000.366 -9999.0 -9999.0 -9999.0 01459.894 01862.307 00509.624 02056.083 01497.089 02106.511 02094.325 02076.328 02052.158 02029.229 00708.918 01244.028 01204.784 00874.531 00872.193 02133.071 01601.010 01209.739 01922.326 01184.677 01493.551 01105.018 00682.804 01918.180 00694.401 00161.155 00243.028 00180.105 00319.360 -9999.0 -9999.0 -9999.0 -9999.0 -9999.0 -9999.0 -9999.0 -9999.0 -9999.0 -9999.0 -9999.0 -9999.0 -9999.0 -9999.0 -9999.0 -9999.0 -9999.0 -9999.0 -9999.0 -9999.0 -9999.0 -9999.0 -9999.0 -9999.0 -9999.0
-9999.0 -9999.0 02101.384 02123.870 02135.340 01908.320 00106.753 -9999.0 -9999.0 -9999.0 00579.302 01127.497 00408.623 01406.713 02044.917 02110.730 02102.954 02092.226 02077.201 02032.199 01399.665 01994.103 02074.418 00666.532 00601.130 02100.163 01653.638 01615.190 00467.771 02160.810 00808.405 02167.497 00682.436 00684.916 00695.468 00161.379 00616.428 00599.938 -9999.000 -9999.0 -9999.0 -9999.0 -9999.0 -9999.0 -9999.0 -9999.0 -9999.0 -9999.0 -9999.0 -9999.0 -9999.0 -9999.0 -9999.0 -9999.0 -9999.0 -9999.0 -9999.0 -9999.0 -9999.0 -9999.0 -9999.0 -9999.0 -9999.0 -9999.0
01544.884 02059.193 02100.218 02117.171 02129.793 01712.994 00104.382 01960.015 00461.900 00327.185 01513.250 01241.397 00315.249 00531.763 00591.408 01539.736 01758.762 02101.495 02093.612 02089.422 01669.115 00972.802 01734.759 02020.230 01076.996 00387.742 00735.585 02095.812 02128.747 02148.301 01093.301 01949.171 00843.437 00687.806 01196.936 00694.697 00423.927 00396.289 -9999.000 -9999.0 -9999.0 -9999.0 -9999.0 -9999.0 -9999.0 -9999.0 -9999.0 -9999.0 -9999.0 -9999.0 -9999.0 -9999.0 -9999.0 -9999.0 -9999.0 -9999.0 -9999.0 -9999.0 -9999.0 -9999.0 -9999.0 -9999.0 -9999.0 -9999.0
01048.714 02023.433 02084.014 02109.400 02127.210 01135.349 00100.547 01684.705 00604.531 01432.175 01847.684 01139.410 00751.161 00374.339 01760.645 00589.730 01380.367 02109.004 02104.008 01848.364 01688.043 01061.210 01843.741 02005.217 01784.680 01985.661 00734.793 02121.885 02153.552 01915.204 01677.261 01010.981 00669.690 00686.772 02359.986 00693.978 00660.373 00189.024 -9999.000 -9999.0 -9999.0 -9999.0 -9999.0 -9999.0 -9999.0 -9999.0 -9999.0 -9999.0 -9999.0 -9999.0 -9999.0 -9999.0 -9999.0 -9999.0 -9999.0 -9999.0 -9999.0 -9999.0 -9999.0 -9999.0 -9999.0 -9999.0 -9999.0 -9999.0
