tests/Case_9_FlameLength.asc
NCOLS 226
NROWS 150
XLLCORNER 2938400.000000
YLLCORNER 2059400.000000
CELLSIZE 100.000000
NODATA_VALUE -9999.0
[rows 29 to 57 of 150, columns 67 to 133 of 226]
04.06 03.67 02.90 03.02 03.07 03.00 02.78 02.67 02.69 00.36 00.34 00.34 00.42 00.58 00.60 00.52 00.43 00.46 00.40 00.37 00.35 00.33 00.31 00.32 00.34 00.34 00.33 00.32 00.32 00.34 00.34 00.32 00.33 00.35 00.65 00.59 00.45 00.47 00.50 00.53 00.56 00.49 00.51 00.62 -9999.0 -9999.0 -9999.0 -9999.0 -9999.0 -9999.0 -9999.0 -9999.0 -9999.0 -9999.0 -9999.0 -9999.0 -9999.0 -9999.0 -9999.0 -9999.0 -9999.0 -9999.0 -9999.0 -9999.0 -9999.0 -9999.0 -9999.0
04.19 03.21 02.90 03.18 03.74 04.88 04.61 03.28 03.29 00.33 00.34 00.34 00.36 00.58 00.51 00.43 00.38 00.36 00.42 00.38 00.34 00.30 00.16 00.15 00.24 00.22 00.24 00.25 00.25 00.28 00.30 00.59 00.32 00.36 00.60 00.55 00.57 00.70 00.80 00.77 00.72 00.61 00.45 00.74 -9999.0 -9999.0 -9999.0 -9999.0 -9999.0 -9999.0 -9999.0 -9999.0 -9999.0 -9999.0 -9999.0 -9999.0 -9999.0 -9999.0 -9999.0 -9999.0 -9999.0 -9999.0 -9999.0 -9999.0 -9999.0 -9999.0 -9999.0
02.82 02.88 03.44 04.50 00.91 00.95 01.01 01.04 00.74 00.37 00.35 00.35 00.37 00.39 00.38 00.37 00.36 00.37 00.35 00.40 00.38 00.23 02.52 02.29 01.88 00.60 00.55 01.32 02.48 02.54 02.63 02.68 -9999.00 02.82 00.35 00.39 00.41 00.69 00.88 00.87 00.78 00.62 00.37 00.55 00.61 00.66 00.74 -9999.0 -9999.0 -9999.0 -9999.0 -9999.0 -9999.0 -9999.0 -9999.0 -9999.0 -9999.0 -9999.0 -9999.0 -9999.0 -9999.0 -9999.0 -9999.0 -9999.0 -9999.0 -9999.0 -9999.0
03.04 03.63 04.26 05.11 00.65 00.65 00.64 00.70 00.79 00.41 00.36 00.34 00.32 00.32 00.33 00.34 00.34 00.40 00.32 00.33 00.40 00.25 02.53 02.44 02.36 02.06 01.25 00.34 00.81 -9999.00 -9999.00 -9999.00 -9999.00 -9999.00 00.96 00.37 00.41 00.66 00.78 00.88 00.76 00.45 00.51 00.32 00.53 00.59 00.65 -9999.0 -9999.0 -9999.0 -9999.0 -9999.0 -9999.0 -9999.0 -9999.0 -9999.0 -9999.0 -9999.0 -9999.0 -9999.0 -9999.0 -9999.0 -9999.0 -9999.0 -9999.0 -9999.0 -9999.0
03.58 04.52 04.47 04.02 00.47 00.72 00.66 00.54 00.73 00.44 00.39 00.32 00.25 00.25 00.31 00.34 00.35 00.31 00.13 00.22 00.27 01.04 02.72 02.55 02.50 02.38 02.28 01.88 03.21 -9999.00 -9999.00 -9999.00 -9999.00 -9999.00 -9999.00 -9999.00 00.32 00.52 00.56 00.68 00.61 00.48 00.63 00.39 00.34 00.40 00.53 -9999.0 -9999.0 -9999.0 -9999.0 -9999.0 -9999.0 -9999.0 -9999.0 -9999.0 -9999.0 -9999.0 -9999.0 -9999.0 -9999.0 -9999.0 -9999.0 -9999.0 -9999.0 -9999.0 -9999.0
04.04 03.99 00.62 00.56 00.72 00.78 00.80 00.53 00.51 00.46 00.39 00.23 02.73 02.60 00.28 00.26 00.18 00.31 00.33 02.94 02.90 02.90 02.68 02.69 02.60 02.50 02.45 02.35 -9999.00 -9999.00 -9999.00 -9999.00 -9999.00 -9999.00 -9999.00 -9999.00 02.92 02.84 02.85 00.65 00.75 00.64 00.52 00.53 00.50 00.33 00.44 00.54 00.63 00.58 -9999.0 -9999.0 -9999.0 -9999.0 -9999.0 -9999.0 -9999.0 -9999.0 -9999.0 -9999.0 -9999.0 -9999.0 -9999.0 -9999.0 -9999.0 -9999.0 -9999.0
03.40 02.80 00.43 00.63 00.76 00.77 00.78 00.48 00.55 00.47 00.28 00.16 03.41 02.63 00.42 00.34 00.34 00.38 00.98 03.06 03.02 02.83 02.81 02.74 02.66 02.63 02.57 02.77 -9999.00 -9999.00 -9999.00 -9999.00 -9999.00 -9999.00 -9999.00 -9999.00 02.94 02.90 02.95 00.61 00.58 00.57 00.55 00.56 00.54 00.52 00.24 00.46 00.57 00.61 -9999.0 -9999.0 -9999.0 -9999.0 -9999.0 -9999.0 -9999.0 -9999.0 -9999.0 -9999.0 -9999.0 -9999.0 -9999.0 -9999.0 -9999.0 -9999.0 -9999.0
00.58 00.51 00.40 00.63 00.66 00.68 00.69 00.87 00.89 00.81 00.53 00.68 00.08 01.16 03.67 03.66 03.28 03.13 03.18 03.19 03.33 03.33 02.92 02.81 02.77 02.69 02.71 -9999.00 -9999.00 -9999.00 -9999.00 -9999.00 -9999.00 -9999.00 -9999.00 -9999.00 03.05 03.02 03.03 03.08 03.16 03.18 01.20 00.63 00.59 00.56 00.43 00.41 00.55 00.56 00.46 -9999.0 -9999.0 -9999.0 -9999.0 -9999.0 -9999.0 -9999.0 -9999.0 -9999.0 -9999.0 -9999.0 -9999.0 -9999.0 -9999.0 -9999.0 -9999.0
00.52 00.43 00.58 00.52 00.58 00.59 00.66 00.85 00.61 00.67 00.78 00.18 00.32 00.37 03.41 03.60 03.64 03.42 03.22 03.02 03.14 03.36 02.90 02.98 02.84 02.78 -9999.00 -9999.00 -9999.00 -9999.00 -9999.00 -9999.00 -9999.00 -9999.00 -9999.00 -9999.00 03.18 03.23 03.26 03.28 03.34 03.38 00.79 00.68 00.60 00.57 00.52 00.53 00.53 00.51 00.46 -9999.0 -9999.0 -9999.0 -9999.0 -9999.0 -9999.0 -9999.0 -9999.0 -9999.0 -9999.0 -9999.0 -9999.0 -9999.0 -9999.0 -9999.0 -9999.0
00.54 00.66 00.69 00.58 00.45 00.49 00.61 00.58 00.70 00.90 00.80 00.60 00.28 00.38 03.02 04.06 03.66 03.34 03.29 03.18 03.48 03.46 02.94 03.17 -9999.00 -9999.00 -9999.00 -9999.00 -9999.00 -9999.00 -9999.00 -9999.00 -9999.00 -9999.00 -9999.00 -9999.00 03.35 03.57 03.56 03.38 03.53 03.12 01.04 00.68 00.65 00.59 00.52 00.43 00.44 00.54 00.52 -9999.0 -9999.0 -9999.0 -9999.0 -9999.0 -9999.0 -9999.0 -9999.0 -9999.0 -9999.0 -9999.0 -9999.0 -9999.0 -9999.0 -9999.0 -9999.0
-9999.0 00.74 00.76 00.72 00.29 00.25 00.33 00.57 00.74 00.84 00.98 00.78 00.18 00.35 03.11 04.11 03.37 03.35 03.37 03.66 03.75 03.33 -9999.00 -9999.00 -9999.00 -9999.00 -9999.00 -9999.00 -9999.00 -9999.00 -9999.00 -9999.00 -9999.00 -9999.00 -9999.00 -9999.00 00.84 03.96 03.23 00.86 00.87 00.90 00.81 00.80 00.76 00.61 00.54 00.28 00.44 00.48 -9999.0 -9999.0 -9999.0 -9999.0 -9999.0 -9999.0 -9999.0 -9999.0 -9999.0 -9999.0 -9999.0 -9999.0 -9999.0 -9999.0 -9999.0 -9999.0 -9999.0
-9999.0 -9999.0 -9999.0 00.78 00.42 00.39 00.30 00.55 00.65 00.84 00.90 -9999.0 00.20 00.88 04.72 04.07 02.68 03.19 03.91 04.35 04.43 03.35 -9999.00 -9999.00 -9999.00 -9999.00 -9999.00 -9999.00 -9999.00 -9999.00 -9999.00 -9999.00 -9999.00 -9999.00 -9999.00 -9999.00 00.94 01.03 00.97 00.95 00.98 00.92 00.93 00.84 00.81 00.59 00.55 00.34 00.47 -9999.0 -9999.0 -9999.0 -9999.0 -9999.0 -9999.0 -9999.0 -9999.0 -9999.0 -9999.0 -9999.0 -9999.0 -9999.0 -9999.0 -9999.0 -9999.0 -9999.0 -9999.0
-9999.0 -9999.0 -9999.0 -9999.0 -9999.0 00.64 00.35 00.52 00.60 00.80 00.76 00.07 00.80 00.88 03.04 01.20 00.87 00.78 00.80 00.89 01.18 01.36 -9999.00 -9999.00 -9999.00 -9999.00 -9999.00 -9999.00 -9999.00 -9999.00 -9999.00 -9999.00 -9999.00 -9999.00 -9999.00 -9999.00 -9999.00 01.15 01.04 00.96 01.06 00.94 00.87 00.70 00.69 00.53 00.45 00.43 00.48 -9999.0 -9999.0 -9999.0 -9999.0 -9999.0 -9999.0 -9999.0 -9999.0 -9999.0 -9999.0 -9999.0 -9999.0 -9999.0 -9999.0 -9999.0 -9999.0 -9999.0 -9999.0
-9999.0 -9999.0 -9999.0 -9999.0 -9999.0 00.56 00.45 00.42 00.56 00.75 00.78 00.13 00.78 00.75 00.54 00.60 00.61 00.65 00.78 00.89 00.97 01.17 -9999.00 -9999.00 -9999.00 -9999.00 -9999.00 -9999.00 -9999.00 -9999.00 -9999.00 -9999.00 -9999.00 -9999.00 -9999.00 -9999.00 -9999.00 01.17 01.10 00.94 00.91 00.75 00.63 00.71 00.55 00.53 00.41 00.54 00.53 -9999.0 -9999.0 -9999.0 -9999.0 -9999.0 -9999.0 -9999.0 -9999.0 -9999.0 -9999.0 -9999.0 -9999.0 -9999.0 -9999.0 -9999.0 -9999.0 -9999.0 -9999.0
-9999.0 -9999.0 -9999.0 -9999.0 -9999.0 00.56 00.45 00.46 00.58 00.85 00.78 00.77 00.58 00.70 00.65 00.70 00.64 00.65 00.72 00.84 00.93 01.15 -9999.00 -9999.00 -9999.00 -9999.00 -9999.00 -9999.00 -9999.00 -9999.00 -9999.00 -9999.00 -9999.00 -9999.00 -9999.00 -9999.00 -9999.00 -9999.00 00.94 00.76 00.67 00.59 00.61 00.47 00.34 00.46 00.61 00.63 00.62 -9999.0 -9999.0 -9999.0 -9999.0 -9999.0 -9999.0 -9999.0 -9999.0 -9999.0 -9999.0 -9999.0 -9999.0 -9999.0 -9999.0 -9999.0 -9999.0 -9999.0 -9999.0
-9999.0 -9999.0 -9999.0 -9999.0 -9999.0 00.53 00.44 00.49 00.68 00.93 00.83 00.86 00.49 00.84 01.05 01.02 00.93 00.69 00.62 00.71 00.90 01.08 -9999.00 -9999.00 -9999.00 -9999.00 -9999.00 -9999.00 -9999.00 -9999.00 -9999.00 -9999.00 -9999.00 -9999.00 -9999.00 -9999.00 -9999.00 -9999.00 00.69 03.27 03.25 03.38 02.13 02.50 00.43 00.65 00.59 00.62 00.59 -9999.0 -9999.0 -9999.0 -9999.0 -9999.0 -9999.0 -9999.0 -9999.0 -9999.0 -9999.0 -9999.0 -9999.0 -9999.0 -9999.0 -9999.0 -9999.0 -9999.0 -9999.0
-9999.0 -9999.0 -9999.0 -9999.0 -9999.0 00.53 00.43 00.49 00.71 00.92 00.89 00.60 00.59 00.88 01.12 00.99 00.89 00.74 00.88 00.64 00.90 01.17 -9999.00 -9999.00 -9999.00 -9999.00 -9999.00 -9999.00 -9999.00 -9999.00 -9999.00 -9999.00 -9999.00 -9999.00 -9999.00 -9999.00 -9999.00 -9999.00 00.87 03.46 03.41 02.78 03.32 04.20 00.29 00.51 00.61 00.66 -9999.0 -9999.0 -9999.0 -9999.0 -9999.0 -9999.0 -9999.0 -9999.0 -9999.0 -9999.0 -9999.0 -9999.0 -9999.0 -9999.0 -9999.0 -9999.0 -9999.0 -9999.0 -9999.0
-9999.0 -9999.0 -9999.0 -9999.0 -9999.0 -9999.0 00.45 00.47 00.69 00.98 00.71 00.62 00.78 00.81 01.11 00.97 00.73 00.65 01.01 00.55 00.85 01.14 -9999.00 -9999.00 -9999.00 -9999.00 -9999.00 -9999.00 -9999.00 -9999.00 -9999.00 -9999.00 -9999.00 -9999.00 -9999.00 -9999.00 -9999.00 -9999.00 05.25 04.12 03.60 03.10 03.98 05.71 04.91 00.52 00.54 00.58 -9999.0 -9999.0 -9999.0 -9999.0 -9999.0 -9999.0 -9999.0 -9999.0 -9999.0 -9999.0 -9999.0 -9999.0 -9999.0 -9999.0 -9999.0 -9999.0 -9999.0 -9999.0 -9999.0
-9999.0 -9999.0 -9999.0 -9999.0 -9999.0 00.59 00.50 00.45 00.69 01.01 00.71 00.70 00.84 00.70 00.87 00.62 00.84 00.97 01.09 00.69 00.69 01.05 -9999.00 -9999.00 -9999.00 -9999.00 -9999.00 -9999.00 -9999.00 -9999.00 -9999.00 -9999.00 -9999.00 -9999.00 -9999.00 -9999.0 -9999.00 05.22 04.22 03.51 03.15 03.77 05.32 04.84 00.59 00.64 00.65 00.60 -9999.0 -9999.0 -9999.0 -9999.0 -9999.0 -9999.0 -9999.0 -9999.0 -9999.0 -9999.0 -9999.0 -9999.0 -9999.0 -9999.0 -9999.0 -9999.0 -9999.0 -9999.0 -9999.0
-9999.0 -9999.0 -9999.0 -9999.0 -9999.0 00.64 00.59 00.30 00.67 00.75 00.89 00.80 00.78 00.78 00.95 00.85 00.71 01.04 01.16 00.92 00.76 00.67 -9999.00 -9999.00 -9999.00 -9999.00 -9999.00 -9999.00 -9999.00 -9999.00 -9999.00 -9999.00 -9999.00 -9999.00 -9999.00 -9999.00 -9999.00 03.99 03.38 02.45 03.43 05.15 06.26 04.89 00.47 00.79 00.72 00.64 -9999.0 -9999.0 -9999.0 -9999.0 -9999.0 -9999.0 -9999.0 -9999.0 -9999.0 -9999.0 -9999.0 -9999.0 -9999.0 -9999.0 -9999.0 -9999.0 -9999.0 -9999.0 -9999.0
-9999.0 -9999.0 -9999.0 -9999.0 -9999.0 -9999.0 00.57 00.44 00.54 00.74 00.99 00.93 00.89 00.78 00.88 00.91 00.78 01.18 01.24 01.34 00.84 00.93 -9999.00 -9999.00 -9999.00 -9999.00 -9999.00 -9999.00 -9999.00 -9999.00 -9999.00 -9999.0 -9999.00 -9999.00 -9999.00 -9999.00 03.38 02.67 02.84 03.46 04.57 05.67 00.55 00.51 00.54 00.63 00.61 00.63 -9999.0 -9999.0 -9999.0 -9999.0 -9999.0 -9999.0 -9999.0 -9999.0 -9999.0 -9999.0 -9999.0 -9999.0 -9999.0 -9999.0 -9999.0 -9999.0 -9999.0 -9999.0 -9999.0
-9999.0 -9999.0 -9999.0 -9999.0 -9999.0 -9999.0 00.62 00.52 00.43 00.64 00.87 01.05 00.81 00.81 00.91 00.99 00.95 01.34 01.36 01.35 00.88 00.97 -9999.00 -9999.00 -9999.00 -9999.00 -9999.00 -9999.00 -9999.00 -9999.00 -9999.00 -9999.00 -9999.00 04.28 04.32 03.20 01.90 03.14 01.36 02.91 04.18 05.22 00.35 00.67 00.51 00.55 00.57 -9999.0 -9999.0 -9999.0 -9999.0 -9999.0 -9999.0 -9999.0 -9999.0 -9999.0 -9999.0 -9999.0 -9999.0 -9999.0 -9999.0 -9999.0 -9999.0 -9999.0 -9999.0 -9999.0 -9999.0
-9999.0 -9999.0 -9999.0 -9999.0 -9999.0 -9999.0 -9999.0 00.57 00.42 00.52 00.64 00.94 00.92 00.80 01.01 01.09 01.08 01.44 01.40 02.05 00.83 00.94 00.86 -9999.00 -9999.00 -9999.00 -9999.00 -9999.00 -9999.00 -9999.00 -9999.00 -9999.00 03.74 03.40 02.45 02.65 02.36 02.56 02.64 02.76 02.74 02.21 00.43 00.54 00.60 -9999.0 -9999.0 -9999.0 -9999.0 -9999.0 -9999.0 -9999.0 -9999.0 -9999.0 -9999.0 -9999.0 -9999.0 -9999.0 -9999.0 -9999.0 -9999.0 -9999.0 -9999.0 -9999.0 -9999.0 -9999.0 -9999.0
-9999.0 -9999.0 -9999.0 -9999.0 -9999.0 -9999.0 -9999.0 -9999.0 00.53 00.44 00.48 00.70 00.79 00.76 01.03 01.19 01.22 01.29 01.32 01.13 00.80 00.86 00.74 -9999.00 -9999.00 -9999.00 -9999.00 -9999.00 -9999.00 -9999.00 -9999.00 -9999.00 02.74 02.57 02.51 02.70 03.05 03.08 03.27 03.47 03.04 02.85 00.47 00.59 00.64 -9999.0 -9999.0 -9999.0 -9999.0 -9999.0 -9999.0 -9999.0 -9999.0 -9999.0 -9999.0 -9999.0 -9999.0 -9999.0 -9999.0 -9999.0 -9999.0 -9999.0 -9999.0 -9999.0 -9999.0 -9999.0 -9999.0
-9999.0 -9999.0 -9999.0 -9999.0 -9999.0 -9999.0 -9999.0 -9999.0 -9999.0 00.58 00.50 00.56 00.64 00.66 00.80 01.08 01.22 01.14 00.84 00.74 00.67 00.53 00.56 00.62 00.98 -9999.00 -9999.00 -9999.00 -9999.00 -9999.00 -9999.00 04.60 03.67 03.51 03.53 03.76 03.73 03.51 03.48 03.40 03.39 03.11 00.39 00.61 00.65 -9999.0 -9999.0 -9999.0 -9999.0 -9999.0 -9999.0 -9999.0 -9999.0 -9999.0 -9999.0 -9999.0 -9999.0 -9999.0 -9999.0 -9999.0 -9999.0 -9999.0 -9999.0 -9999.0 -9999.0 -9999.0 -9999.0
-9999.0 -9999.0 -9999.0 -9999.0 -9999.0 -9999.0 -9999.0 -9999.0 -9999.0 -9999.0 00.60 00.57 00.35 00.55 00.65 00.83 00.85 00.79 00.64 00.65 00.55 00.55 00.57 00.67 00.78 00.97 -9999.00 -9999.00 -9999.00 -9999.00 07.04 05.56 04.18 04.02 03.89 04.11 04.29 03.92 03.90 03.95 03.69 03.07 00.36 00.61 00.64 -9999.0 -9999.0 -9999.0 -9999.0 -9999.0 -9999.0 -9999.0 -9999.0 -9999.0 -9999.0 -9999.0 -9999.0 -9999.0 -9999.0 -9999.0 -9999.0 -9999.0 -9999.0 -9999.0 -9999.0 -9999.0 -9999.0
-9999.0 -9999.0 -9999.0 -9999.0 -9999.0 -9999.0 -9999.0 -9999.0 -9999.0 -9999.0 -9999.0 -9999.0 00.59 00.47 00.55 00.64 00.65 00.59 00.59 00.56 00.54 00.54 00.61 00.70 00.84 00.89 00.82 00.81 01.07 07.09 08.08 06.45 04.67 04.80 04.30 04.93 04.52 04.14 04.14 03.68 03.53 02.54 00.47 00.61 00.64 -9999.0 -9999.0 -9999.0 -9999.0 -9999.0 -9999.0 -9999.0 -9999.0 -9999.0 -9999.0 -9999.0 -9999.0 -9999.0 -9999.0 -9999.0 -9999.0 -9999.0 -9999.0 -9999.0 -9999.0 -9999.0 -9999.0
-9999.0 -9999.0 -9999.0 -9999.0 -9999.0 -9999.0 -9999.0 -9999.0 -9999.0 -9999.0 -9999.0 -9999.0 -9999.0 00.59 00.53 00.51 00.53 00.36 00.25 00.42 00.37 00.34 00.48 00.85 01.21 01.25 01.14 05.74 06.55 06.98 08.54 06.73 00.77 02.26 00.74 00.69 00.65 00.58 01.19 00.34 00.37 00.43 00.53 00.60 00.67 -9999.0 -9999.0 -9999.0 -9999.0 -9999.0 -9999.0 -9999.0 -9999.0 -9999.0 -9999.0 -9999.0 -9999.0 -9999.0 -9999.0 -9999.0 -9999.0 -9999.0 -9999.0 -9999.0 -9999.0 -9999.0 -9999.0
-9999.0 -9999.0 -9999.0 -9999.0 -9999.0 -9999.0 -9999.0 -9999.0 -9999.0 -9999.0 -9999.0 -9999.0 -9999.0 -9999.0 00.65 00.57 00.55 00.55 00.59 00.59 00.65 00.51 00.57 00.82 01.11 01.31 02.06 07.37 04.84 06.57 05.99 03.69 00.56 00.54 00.44 00.05 00.40 00.46 00.50 00.58 00.65 00.60 00.55 00.53 -9999.0 -9999.0 -9999.0 -9999.0 -9999.0 -9999.0 -9999.0 -9999.0 -9999.0 -9999.0 -9999.0 -9999.0 -9999.0 -9999.0 -9999.0 -9999.0 -9999.0 -9999.0 -9999.0 -9999.0 -9999.0 -9999.0 -9999.0
