tests/Case_2_SpreadDirection.asc
NCOLS 210
NROWS 139
XLLCORNER 2821100.000000
YLLCORNER 2135200.000000
CELLSIZE 100.000000
NODATA_VALUE -9999.0
[rows 36 to 71 of 139, columns 80 to 159 of 210]
-9999 -9999 -9999 -9999 -9999 -9999 -9999 -9999 -9999 -9999 -9999 -9999 -9999 -9999 -9999 -9999 -9999 -9999 -9999 -9999 -9999 -9999 -9999 -9999 -9999 -9999 -9999 -9999 -9999 -9999 -9999 -9999 -9999 -9999 -9999 328 326 333 297 298 297 298 306 306 305 310 308 358 009 008 019 032 023 028 041 061 049 070 314 340 344 353 004 012 012 031 029 036 069 103 -9999 -9999 -9999 -9999 -9999 -9999 -9999 -9999 -9999 -9999
-9999 -9999 -9999 -9999 -9999 -9999 -9999 -9999 -9999 -9999 -9999 -9999 -9999 -9999 -9999 -9999 -9999 -9999 -9999 -9999 -9999 -9999 -9999 -9999 -9999 -9999 -9999 -9999 -9999 -9999 -9999 -9999 -9999 -9999 322 322 326 328 328 335 336 286 293 301 301 300 297 355 009 008 020 027 028 036 048 058 080 098 288 315 343 352 000 012 011 022 028 066 057 072 -9999 -9999 -9999 -9999 -9999 -9999 -9999 -9999 -9999 -9999
-9999 -9999 -9999 -9999 -9999 -9999 -9999 -9999 -9999 -9999 -9999 -9999 -9999 -9999 -9999 -9999 -9999 -9999 -9999 -9999 -9999 -9999 -9999 -9999 -9999 -9999 -9999 -9999 -9999 -9999 -9999 -9999 -9999 315 315 314 313 322 327 328 335 335 350 285 288 289 288 340 359 008 020 024 032 033 084 131 144 137 311 303 312 347 352 001 010 022 026 065 065 028 041 -9999 -9999 -9999 -9999 -9999 -9999 -9999 -9999 -9999
-9999 -9999 -9999 -9999 -9999 -9999 -9999 -9999 -9999 -9999 -9999 -9999 -9999 -9999 -9999 -9999 -9999 -9999 -9999 -9999 -9999 -9999 -9999 -9999 -9999 -9999 -9999 -9999 -9999 -9999 -9999 -9999 313 326 326 327 308 310 317 316 327 333 332 353 009 295 295 354 359 008 009 021 343 042 072 073 010 018 321 026 295 308 303 000 008 022 030 072 026 036 040 -9999 -9999 -9999 -9999 -9999 -9999 -9999 -9999 -9999
-9999 -9999 -9999 -9999 -9999 -9999 -9999 -9999 -9999 -9999 -9999 -9999 -9999 -9999 -9999 -9999 -9999 -9999 -9999 -9999 -9999 -9999 -9999 -9999 -9999 -9999 -9999 -9999 -9999 -9999 -9999 309 309 310 310 310 327 328 330 310 316 317 328 326 352 355 329 358 005 001 009 033 334 052 087 005 011 018 000 026 028 254 261 312 007 023 028 002 030 032 066 068 -9999 -9999 -9999 -9999 -9999 -9999 -9999 -9999
-9999 -9999 -9999 -9999 -9999 -9999 -9999 -9999 -9999 -9999 -9999 -9999 -9999 -9999 -9999 -9999 -9999 -9999 -9999 -9999 -9999 -9999 -9999 -9999 -9999 -9999 -9999 -9999 -9999 -9999 312 312 312 313 300 306 305 306 332 332 339 257 271 275 324 333 339 006 007 002 006 018 347 053 359 004 000 017 013 011 014 016 314 311 010 024 041 042 043 073 061 063 -9999 -9999 -9999 -9999 -9999 -9999 -9999 -9999
-9999 -9999 -9999 -9999 -9999 -9999 -9999 -9999 -9999 -9999 -9999 -9999 -9999 -9999 -9999 -9999 -9999 -9999 -9999 -9999 -9999 -9999 -9999 -9999 -9999 -9999 -9999 -9999 -9999 307 311 311 310 310 314 315 321 301 302 302 300 343 342 340 287 275 280 357 007 001 008 017 078 064 350 004 358 011 014 016 013 015 020 306 013 024 041 042 055 078 080 078 076 -9999 -9999 -9999 -9999 -9999 -9999 -9999
-9999 -9999 -9999 -9999 -9999 -9999 -9999 -9999 -9999 -9999 -9999 -9999 -9999 -9999 -9999 -9999 -9999 -9999 -9999 -9999 -9999 -9999 -9999 -9999 -9999 -9999 -9999 337 342 345 315 326 325 299 311 312 312 316 319 319 323 312 293 271 259 312 316 340 000 004 009 042 068 005 010 005 006 357 014 016 009 016 022 326 344 024 043 056 057 080 081 081 081 -9999 -9999 -9999 -9999 -9999 -9999 -9999
-9999 -9999 -9999 -9999 -9999 -9999 -9999 -9999 -9999 -9999 -9999 -9999 -9999 -9999 -9999 -9999 -9999 -9999 -9999 -9999 -9999 -9999 -9999 -9999 -9999 326 325 335 338 338 341 345 322 325 335 299 298 298 313 314 314 308 308 309 309 307 307 356 000 004 003 047 005 349 010 350 006 357 014 016 009 016 030 057 026 043 054 067 067 070 072 075 077 -9999 -9999 -9999 -9999 -9999 -9999 -9999
-9999 -9999 -9999 -9999 -9999 -9999 -9999 -9999 -9999 -9999 -9999 -9999 -9999 -9999 -9999 -9999 -9999 -9999 -9999 -9999 -9999 334 -9999 355 351 313 319 323 323 336 338 345 345 322 322 323 326 326 303 305 302 302 302 302 308 309 307 355 357 004 001 018 001 349 007 349 007 356 014 016 010 024 026 059 023 036 118 072 081 108 104 109 100 -9999 -9999 -9999 -9999 -9999 -9999 -9999
-9999 -9999 -9999 -9999 -9999 -9999 -9999 -9999 -9999 -9999 -9999 -9999 -9999 -9999 -9999 -9999 -9999 -9999 -9999 -9999 322 331 331 335 346 227 213 316 320 323 338 338 345 350 321 322 322 324 325 339 336 298 298 298 298 302 301 343 358 002 002 001 002 006 007 005 007 011 026 029 023 028 065 019 026 053 038 149 131 149 130 087 084 -9999 -9999 -9999 -9999 -9999 -9999 -9999
-9999 -9999 -9999 -9999 -9999 -9999 -9999 -9999 -9999 -9999 -9999 -9999 -9999 -9999 -9999 -9999 -9999 -9999 -9999 315 315 322 321 320 335 347 345 336 321 322 323 338 338 345 350 318 322 321 323 324 324 336 336 267 284 299 318 338 343 001 001 001 001 005 005 006 005 009 026 027 026 024 062 022 057 051 053 060 069 109 151 128 098 -9999 -9999 -9999 -9999 -9999 -9999 -9999
-9999 -9999 -9999 -9999 -9999 -9999 -9999 -9999 -9999 -9999 -9999 -9999 -9999 -9999 -9999 -9999 -9999 -9999 287 311 311 311 311 317 318 337 337 350 319 315 319 322 321 342 346 350 348 321 321 321 321 324 337 337 339 317 314 -9999 -9999 -9999 -9999 -9999 -9999 -9999 -9999 -9999 -9999 -9999 -9999 028 027 026 026 033 080 078 077 111 067 084 101 356 001 030 040 -9999 -9999 -9999 -9999 -9999
-9999 -9999 -9999 -9999 -9999 -9999 -9999 -9999 -9999 -9999 -9999 -9999 -9999 -9999 349 035 -9999 -9999 280 307 306 305 305 312 312 316 315 339 344 305 315 314 316 321 320 347 351 346 313 318 321 322 322 322 -9999 -9999 -9999 -9999 -9999 -9999 -9999 -9999 -9999 -9999 -9999 -9999 -9999 -9999 -9999 -9999 -9999 028 025 035 088 088 088 075 085 085 341 338 000 034 044 049 -9999 -9999 -9999 -9999
351 358 001 017 012 019 -9999 -9999 -9999 -9999 -9999 -9999 -9999 273 008 037 000 354 309 356 313 303 303 304 306 305 311 311 340 333 343 308 308 308 309 315 352 344 007 320 320 318 321 -9999 -9999 -9999 -9999 -9999 -9999 -9999 -9999 -9999 -9999 -9999 -9999 -9999 -9999 -9999 -9999 -9999 -9999 -9999 -9999 031 078 079 079 066 070 097 328 335 353 034 041 082 030 018 052 -9999
355 358 357 000 012 019 018 026 -9999 -9999 -9999 -9999 -9999 332 331 009 018 318 237 326 296 273 283 287 288 288 305 306 306 303 303 314 297 297 297 296 300 330 349 316 319 321 -9999 -9999 -9999 -9999 -9999 -9999 -9999 -9999 -9999 -9999 -9999 -9999 -9999 -9999 -9999 -9999 -9999 -9999 -9999 -9999 -9999 -9999 062 060 046 047 044 050 291 284 018 037 079 028 032 028 032 062
356 358 358 001 013 019 018 025 027 -9999 -9999 315 315 315 315 315 015 348 276 273 271 272 243 258 258 280 288 276 287 283 299 239 286 292 263 261 256 246 275 318 319 -9999 -9999 -9999 -9999 -9999 -9999 -9999 -9999 -9999 -9999 -9999 -9999 -9999 -9999 -9999 -9999 -9999 -9999 -9999 -9999 -9999 -9999 -9999 -9999 047 047 049 048 051 287 285 017 035 053 028 063 341 048 060
326 357 359 000 013 019 019 032 029 043 317 307 301 303 303 305 305 358 013 057 247 226 200 203 201 179 271 207 206 -9999 -9999 -9999 239 261 261 248 190 297 296 295 -9999 -9999 -9999 -9999 -9999 -9999 -9999 -9999 -9999 -9999 -9999 -9999 -9999 -9999 -9999 -9999 -9999 -9999 -9999 -9999 -9999 -9999 -9999 -9999 -9999 -9999 047 048 050 068 067 312 018 034 054 052 051 017 053 134
002 333 000 000 013 013 018 032 044 045 064 284 282 281 280 298 298 345 007 081 008 000 199 201 256 253 250 196 131 -9999 -9999 -9999 271 272 298 295 293 294 294 294 -9999 -9999 -9999 -9999 -9999 -9999 -9999 -9999 -9999 -9999 -9999 -9999 -9999 -9999 -9999 -9999 -9999 -9999 -9999 -9999 -9999 -9999 -9999 -9999 -9999 -9999 -9999 072 070 068 075 289 336 033 054 046 046 070 063 075
002 006 004 003 005 013 029 032 044 067 066 015 283 282 282 282 282 348 009 356 007 353 053 251 251 240 240 189 139 -9999 -9999 -9999 273 272 294 294 295 295 293 -9999 -9999 -9999 -9999 -9999 -9999 -9999 -9999 -9999 -9999 -9999 -9999 -9999 -9999 -9999 -9999 -9999 -9999 -9999 -9999 -9999 -9999 -9999 -9999 -9999 -9999 -9999 -9999 -9999 068 070 030 306 035 055 048 048 060 068 067 068
358 359 355 003 013 013 030 033 033 076 016 024 038 303 303 310 288 345 350 352 000 006 088 012 234 236 150 -9999 -9999 -9999 -9999 -9999 265 270 296 297 295 296 295 -9999 -9999 -9999 -9999 -9999 -9999 -9999 -9999 -9999 -9999 -9999 -9999 -9999 -9999 -9999 -9999 -9999 -9999 -9999 -9999 -9999 -9999 -9999 -9999 -9999 -9999 -9999 -9999 -9999 070 114 058 061 060 047 051 064 067 099 105 077
358 000 007 009 013 013 032 039 038 014 016 029 035 274 271 268 288 347 354 352 000 006 350 011 063 193 139 -9999 -9999 -9999 -9999 -9999 002 025 295 295 295 293 -9999 -9999 -9999 -9999 -9999 -9999 -9999 -9999 -9999 -9999 -9999 -9999 -9999 -9999 -9999 -9999 -9999 -9999 -9999 -9999 -9999 -9999 -9999 -9999 -9999 -9999 -9999 -9999 -9999 -9999 072 005 060 062 049 049 111 075 078 089 110 105
353 359 007 009 013 012 033 029 040 033 035 040 074 266 308 308 307 342 352 353 350 006 005 022 -9999 -9999 -9999 -9999 -9999 -9999 -9999 -9999 351 002 295 295 295 294 -9999 -9999 -9999 -9999 -9999 -9999 -9999 -9999 -9999 -9999 -9999 -9999 -9999 -9999 -9999 -9999 -9999 -9999 -9999 -9999 -9999 -9999 -9999 -9999 -9999 -9999 -9999 -9999 -9999 -9999 289 015 055 052 053 053 059 179 151 004 203 159
000 000 005 006 005 009 035 040 027 034 038 042 069 072 287 286 283 333 344 352 351 007 005 049 -9999 -9999 -9999 -9999 -9999 -9999 -9999 -9999 349 353 286 286 286 284 -9999 -9999 -9999 -9999 -9999 -9999 -9999 -9999 -9999 -9999 -9999 -9999 -9999 -9999 -9999 -9999 -9999 -9999 -9999 -9999 -9999 -9999 -9999 -9999 -9999 -9999 -9999 -9999 -9999 -9999 310 050 055 056 067 067 086 -9999 276 011 036 042
-9999 -9999 -9999 -9999 -9999 -9999 -9999 037 027 031 039 044 041 028 273 273 272 336 336 345 349 351 005 012 -9999 -9999 -9999 -9999 -9999 -9999 -9999 -9999 337 356 347 334 284 284 -9999 -9999 -9999 -9999 -9999 -9999 -9999 -9999 -9999 -9999 -9999 -9999 -9999 -9999 -9999 -9999 -9999 -9999 -9999 -9999 -9999 -9999 -9999 -9999 -9999 -9999 -9999 -9999 -9999 -9999 021 354 072 066 064 064 090 015 030 005 111 088
-9999 -9999 -9999 -9999 -9999 -9999 -9999 -9999 -9999 038 046 048 049 045 069 292 294 332 329 341 345 351 013 001 -9999 -9999 -9999 -9999 -9999 -9999 -9999 -9999 332 337 283 313 307 -9999 -9999 -9999 -9999 -9999 -9999 -9999 -9999 -9999 -9999 -9999 -9999 -9999 -9999 -9999 -9999 -9999 -9999 -9999 -9999 -9999 -9999 -9999 -9999 -9999 -9999 -9999 -9999 -9999 -9999 -9999 090 088 083 079 076 060 059 042 076 105 165 130
-9999 -9999 -9999 -9999 -9999 -9999 -9999 -9999 -9999 -9999 047 051 051 048 036 284 286 319 325 327 344 345 350 020 -9999 -9999 -9999 -9999 -9999 -9999 -9999 -9999 332 332 337 313 307 -9999 -9999 -9999 -9999 -9999 -9999 -9999 -9999 -9999 -9999 -9999 -9999 -9999 -9999 -9999 -9999 -9999 -9999 -9999 -9999 -9999 -9999 -9999 -9999 -9999 -9999 -9999 -9999 -9999 -9999 -9999 114 092 093 086 086 084 083 082 106 096 078 131
-9999 -9999 -9999 -9999 -9999 -9999 -9999 -9999 -9999 -9999 -9999 049 046 052 048 046 173 183 225 326 326 326 348 018 328 338 343 014 019 -9999 -9999 -9999 312 313 334 335 -9999 -9999 -9999 -9999 -9999 -9999 -9999 -9999 -9999 -9999 -9999 -9999 -9999 -9999 -9999 -9999 -9999 -9999 -9999 -9999 -9999 -9999 -9999 -9999 -9999 -9999 -9999 -9999 -9999 -9999 -9999 225 129 114 112 096 104 102 135 169 154 147 105 233
-9999 -9999 -9999 -9999 -9999 -9999 -9999 -9999 -9999 -9999 -9999 -9999 049 047 037 047 040 -9999 301 003 323 323 326 350 329 331 339 340 020 -9999 -9999 -9999 307 308 308 308 -9999 -9999 -9999 -9999 -9999 -9999 -9999 -9999 -9999 -9999 -9999 -9999 -9999 -9999 -9999 -9999 -9999 -9999 -9999 -9999 -9999 -9999 -9999 -9999 -9999 -9999 -9999 -9999 -9999 -9999 124 113 110 129 115 115 114 105 092 167 140 145 106 076
-9999 -9999 -9999 -9999 -9999 -9999 -9999 -9999 -9999 -9999 -9999 -9999 047 041 044 045 038 290 287 358 006 357 331 316 309 307 332 335 018 -9999 -9999 -9999 287 295 305 -9999 -9999 -9999 -9999 -9999 -9999 -9999 -9999 -9999 -9999 -9999 -9999 -9999 -9999 -9999 -9999 -9999 -9999 -9999 -9999 -9999 -9999 -9999 -9999 -9999 -9999 -9999 -9999 -9999 -9999 121 128 119 110 129 118 119 119 116 090 092 142 146 137 099
-9999 -9999 -9999 -9999 -9999 -9999 -9999 -9999 -9999 -9999 -9999 -9999 -9999 045 045 036 039 036 303 300 296 316 323 333 301 301 301 299 311 311 323 322 338 197 -9999 -9999 -9999 -9999 -9999 -9999 -9999 -9999 -9999 -9999 -9999 -9999 -9999 -9999 -9999 -9999 -9999 -9999 -9999 -9999 -9999 -9999 -9999 -9999 -9999 -9999 -9999 -9999 -9999 -9999 -9999 132 151 120 120 108 123 084 170 147 139 104 018 175 164 112
-9999 -9999 -9999 -9999 -9999 -9999 -9999 -9999 -9999 -9999 -9999 -9999 -9999 -9999 046 037 032 037 273 285 285 253 241 278 341 288 287 287 299 312 237 233 243 -9999 -9999 -9999 -9999 -9999 -9999 -9999 -9999 -9999 -9999 -9999 -9999 -9999 -9999 -9999 -9999 -9999 -9999 -9999 -9999 -9999 -9999 -9999 -9999 -9999 -9999 -9999 -9999 -9999 -9999 -9999 141 142 197 178 128 122 107 120 101 011 012 010 016 022 342 034
-9999 -9999 -9999 -9999 -9999 -9999 -9999 -9999 -9999 -9999 -9999 -9999 -9999 -9999 -9999 -9999 035 037 044 264 251 202 175 281 342 343 347 005 155 201 189 201 -9999 -9999 -9999 -9999 -9999 -9999 -9999 -9999 -9999 -9999 -9999 -9999 -9999 -9999 -9999 -9999 -9999 -9999 -9999 -9999 -9999 -9999 -9999 -9999 -9999 -9999 -9999 -9999 -9999 -9999 -9999 123 105 143 195 137 141 129 119 106 103 098 063 047 081 095 060 086
-9999 -9999 -9999 -9999 -9999 -9999 -9999 -9999 -9999 -9999 -9999 -9999 -9999 -9999 -9999 -9999 -9999 047 049 039 205 139 285 284 325 325 347 000 004 -9999 -9999 -9999 -9999 -9999 -9999 -9999 -9999 -9999 -9999 -9999 -9999 -9999 -9999 -9999 -9999 -9999 -9999 -9999 -9999 -9999 -9999 -9999 -9999 -9999 -9999 -9999 -9999 -9999 -9999 -9999 -9999 -9999 127 126 151 107 194 145 142 130 126 118 106 102 091 091 085 085 084 090
-9999 -9999 -9999 -9999 -9999 -9999 -9999 -9999 -9999 -9999 -9999 -9999 -9999 -9999 -9999 -9999 -9999 -9999 047 075 267 294 289 287 327 321 322 353 046 -9999 -9999 -9999 -9999 -9999 -9999 -9999 -9999 -9999 -9999 -9999 -9999 -9999 -9999 -9999 -9999 -9999 -9999 -9999 -9999 -9999 -9999 -9999 -9999 -9999 -9999 -9999 -9999 -9999 -9999 -9999 -9999 -9999 178 130 151 145 235 150 150 129 132 119 118 113 106 110 097 084 095 090
-9999 -9999 -9999 -9999 -9999 -9999 -9999 -9999 -9999 -9999 -9999 -9999 -9999 -9999 -9999 -9999 -9999 -9999 -9999 070 015 286 286 287 319 319 331 318 -9999 -9999 -9999 -9999 -9999 -9999 -9999 -9999 -9999 -9999 -9999 -9999 -9999 -9999 -9999 -9999 -9999 -9999 -9999 -9999 -9999 -9999 -9999 -9999 -9999 -9999 -9999 -9999 -9999 -9999 -9999 -9999 -9999 -9999 088 134 159 139 258 154 148 167 174 172 120 121 159 145 165 138 129 101
