tests/Case_4_FlameLength.asc
NCOLS 245
NROWS 163
XLLCORNER 4208400.000000
YLLCORNER 1880200.000000
CELLSIZE 100.000000
NODATA_VALUE -9999.0
[rows 93 to 123 of 163, columns 69 to 137 of 245]
00.27 00.24 00.19 00.05 00.24 00.25 00.25 00.57 00.59 00.46 00.44 00.38 00.46 00.53 00.60 00.65 00.60 00.57 00.59 00.51 00.54 00.60 00.62 00.58 00.55 00.59 00.44 00.40 00.50 00.78 00.83 00.85 00.87 00.85 00.78 -9999.00 -9999.0 -9999.0 -9999.0 -9999.0 -9999.0 -9999.0 -9999.0 -9999.0 -9999.0 -9999.0 -9999.0 -9999.0 -9999.0 -9999.0 -9999.0 -9999.0 -9999.0 -9999.0 -9999.0 -9999.0 -9999.0 -9999.0 -9999.0 -9999.0 -9999.0 -9999.0 -9999.0 -9999.0 -9999.0 -9999.0 -9999.0 -9999.0 -9999.0
00.34 00.34 00.27 00.25 00.24 00.22 00.20 00.56 00.31 00.54 00.46 00.43 00.41 00.35 00.32 00.42 00.46 00.42 00.36 00.31 00.53 00.58 00.62 00.64 00.63 00.59 00.52 00.43 00.42 00.74 00.83 00.86 00.87 00.94 00.92 00.92 -9999.0 -9999.0 -9999.0 -9999.0 -9999.0 -9999.0 -9999.0 -9999.0 -9999.0 -9999.0 -9999.0 -9999.0 -9999.0 -9999.0 -9999.0 -9999.0 -9999.0 -9999.0 -9999.0 -9999.0 -9999.0 -9999.0 -9999.0 -9999.0 -9999.0 -9999.0 -9999.0 -9999.0 -9999.0 -9999.0 -9999.0 -9999.0 -9999.0
00.34 00.34 00.34 00.33 00.33 00.25 00.19 01.60 02.19 01.93 00.48 00.47 00.45 00.44 00.44 00.45 00.46 00.49 00.51 00.40 00.12 00.54 00.59 00.64 00.63 00.63 00.56 00.46 00.39 00.56 00.82 00.85 00.87 00.93 00.93 00.92 -9999.00 -9999.0 -9999.0 -9999.0 -9999.0 -9999.0 -9999.0 -9999.0 -9999.0 -9999.0 -9999.0 -9999.0 -9999.0 -9999.0 -9999.0 -9999.0 -9999.0 -9999.0 -9999.0 -9999.0 -9999.0 -9999.0 -9999.0 -9999.0 -9999.0 -9999.0 -9999.0 -9999.0 -9999.0 -9999.0 -9999.0 -9999.0 -9999.0
00.31 00.32 00.33 00.33 00.36 00.25 00.20 01.83 02.28 02.49 00.49 00.56 00.49 00.49 00.50 00.47 00.50 00.55 00.56 00.44 00.41 00.32 00.50 00.63 00.61 00.63 00.57 00.45 00.31 00.50 00.82 00.85 00.87 00.93 00.93 00.92 -9999.00 -9999.0 -9999.0 -9999.0 -9999.0 -9999.0 -9999.0 -9999.0 -9999.0 -9999.0 -9999.0 -9999.0 -9999.0 -9999.0 -9999.0 -9999.0 -9999.0 -9999.0 -9999.0 -9999.0 -9999.0 -9999.0 -9999.0 -9999.0 -9999.0 -9999.0 -9999.0 -9999.0 -9999.0 -9999.0 -9999.0 -9999.0 -9999.0
00.24 00.28 00.31 00.35 00.35 00.27 00.21 01.39 02.37 02.96 03.55 02.24 02.65 01.67 02.30 00.63 00.53 00.53 00.56 00.48 00.45 00.43 00.39 00.49 00.57 00.61 00.51 00.45 00.18 00.50 00.82 00.85 00.87 00.93 00.93 00.92 -9999.00 -9999.0 -9999.0 -9999.0 -9999.0 -9999.0 -9999.0 -9999.0 -9999.0 -9999.0 -9999.0 -9999.0 -9999.0 -9999.0 -9999.0 -9999.0 -9999.0 -9999.0 -9999.0 -9999.0 -9999.0 -9999.0 -9999.0 -9999.0 -9999.0 -9999.0 -9999.0 -9999.0 -9999.0 -9999.0 -9999.0 -9999.0 -9999.0
00.19 00.25 00.28 00.32 00.34 00.25 00.19 00.61 02.30 02.61 02.30 02.62 02.47 02.84 02.95 00.88 00.59 00.62 00.57 00.44 00.51 00.47 00.42 00.39 00.36 00.47 00.52 00.45 00.30 00.49 00.82 00.85 00.87 00.93 00.93 00.92 -9999.00 -9999.0 -9999.0 -9999.0 -9999.0 -9999.0 -9999.0 -9999.0 -9999.0 -9999.0 -9999.0 -9999.0 -9999.0 -9999.0 -9999.0 -9999.0 -9999.0 -9999.0 -9999.0 -9999.0 -9999.0 -9999.0 -9999.0 -9999.0 -9999.0 -9999.0 -9999.0 -9999.0 -9999.0 -9999.0 -9999.0 -9999.0 -9999.0
00.27 00.30 00.47 00.30 00.24 00.23 00.18 00.66 00.81 01.22 02.18 02.37 02.61 02.93 03.35 00.67 00.53 00.32 00.29 00.44 00.43 00.50 00.47 00.43 00.38 00.48 00.51 00.46 00.34 00.48 00.82 00.85 00.87 00.91 00.92 00.92 -9999.00 -9999.0 -9999.0 -9999.0 -9999.0 -9999.0 -9999.0 -9999.0 -9999.0 -9999.0 -9999.0 -9999.0 -9999.0 -9999.0 -9999.0 -9999.0 -9999.0 -9999.0 -9999.0 -9999.0 -9999.0 -9999.0 -9999.0 -9999.0 -9999.0 -9999.0 -9999.0 -9999.0 -9999.0 -9999.0 -9999.0 -9999.0 -9999.0
03.46 03.55 03.18 02.05 02.05 02.04 01.95 01.62 00.97 00.28 01.85 02.46 00.41 01.49 00.97 00.58 00.24 00.47 00.49 00.50 00.44 00.44 00.52 00.44 00.39 00.43 00.50 00.46 00.38 00.47 00.81 00.84 00.86 00.88 00.90 00.90 -9999.00 -9999.0 -9999.0 -9999.0 -9999.0 -9999.0 -9999.0 -9999.0 -9999.0 -9999.0 -9999.0 -9999.0 -9999.0 -9999.0 -9999.0 -9999.0 -9999.0 -9999.0 -9999.0 -9999.0 -9999.0 -9999.0 -9999.0 -9999.0 -9999.0 -9999.0 -9999.0 -9999.0 -9999.0 -9999.0 -9999.0 -9999.0 -9999.0
03.87 03.88 03.67 01.97 02.04 02.17 02.18 02.28 02.27 01.48 00.74 02.41 00.42 00.42 00.41 00.39 00.46 00.47 00.58 00.65 00.48 00.41 00.47 00.45 00.44 00.15 00.49 00.50 00.42 00.43 00.81 00.83 00.86 00.88 00.90 00.89 00.88 -9999.0 -9999.0 -9999.0 -9999.0 -9999.0 -9999.0 -9999.0 -9999.0 -9999.0 -9999.0 -9999.0 -9999.0 -9999.0 -9999.0 -9999.0 -9999.0 -9999.0 -9999.0 -9999.0 -9999.0 -9999.0 -9999.0 -9999.0 -9999.0 -9999.0 -9999.0 -9999.0 -9999.0 -9999.0 -9999.0 -9999.0 -9999.0
03.99 04.05 03.75 03.47 01.83 02.06 02.23 02.30 02.56 01.98 00.93 00.46 00.36 00.52 00.51 00.50 00.49 00.52 00.66 00.66 00.52 00.47 00.40 00.47 00.43 00.32 00.47 00.49 00.42 00.43 00.77 00.80 00.82 00.83 01.23 00.89 00.88 -9999.0 -9999.0 -9999.0 -9999.0 -9999.0 -9999.0 -9999.0 -9999.0 -9999.0 -9999.0 -9999.0 -9999.0 -9999.0 -9999.0 -9999.0 -9999.0 -9999.0 -9999.0 -9999.0 -9999.0 -9999.0 -9999.0 -9999.0 -9999.0 -9999.0 -9999.0 -9999.0 -9999.0 -9999.0 -9999.0 -9999.0 -9999.0
04.00 03.96 03.76 03.47 02.28 01.99 02.25 02.31 02.58 02.54 02.00 01.47 00.44 00.47 00.61 00.58 00.54 00.53 00.66 00.67 00.67 00.47 00.08 00.41 00.41 00.27 00.49 00.45 00.37 00.48 00.79 00.82 00.84 01.03 01.29 01.31 00.84 -9999.00 -9999.0 -9999.0 -9999.0 -9999.0 -9999.0 -9999.0 -9999.0 -9999.0 -9999.0 -9999.0 -9999.0 -9999.0 -9999.0 -9999.0 -9999.0 -9999.0 -9999.0 -9999.0 -9999.0 -9999.0 -9999.0 -9999.0 -9999.0 -9999.0 -9999.0 -9999.0 -9999.0 -9999.0 -9999.0 -9999.0 -9999.0
04.07 03.96 03.74 03.44 03.39 02.09 02.29 02.36 02.65 02.56 02.28 02.09 00.45 00.49 00.59 00.56 00.55 00.60 00.65 00.60 00.58 00.42 00.37 00.42 00.40 00.40 00.49 00.46 00.29 00.50 00.82 00.85 00.87 00.95 01.03 01.06 01.94 -9999.00 -9999.0 -9999.0 -9999.0 -9999.0 -9999.0 -9999.0 -9999.0 -9999.0 -9999.0 -9999.0 -9999.0 -9999.0 -9999.0 -9999.0 -9999.0 -9999.0 -9999.0 -9999.0 -9999.0 -9999.0 -9999.0 -9999.0 -9999.0 -9999.0 -9999.0 -9999.0 -9999.0 -9999.0 -9999.0 -9999.0 -9999.0
04.08 04.00 03.84 03.40 03.19 02.74 02.32 02.46 02.64 02.42 00.48 00.49 00.48 00.49 00.47 00.53 00.43 00.63 00.62 00.63 00.47 00.33 00.45 00.42 00.32 00.48 00.50 00.44 00.35 00.52 00.82 00.85 00.86 00.86 00.89 04.84 05.01 04.54 -9999.00 -9999.0 -9999.0 -9999.0 -9999.0 -9999.0 -9999.0 -9999.0 -9999.0 -9999.0 -9999.0 -9999.0 -9999.0 -9999.0 -9999.0 -9999.0 -9999.0 -9999.0 -9999.0 -9999.0 -9999.0 -9999.0 -9999.0 -9999.0 -9999.0 -9999.0 -9999.0 -9999.0 -9999.0 -9999.0 -9999.0
04.11 04.15 03.82 03.57 02.91 03.23 01.87 02.26 02.43 02.26 00.46 00.59 00.54 00.49 00.39 -9999.0 00.52 00.65 00.63 00.64 00.47 00.04 00.43 00.41 00.31 00.49 00.46 00.39 00.47 00.76 00.76 00.75 00.78 01.05 00.89 04.42 04.42 04.33 04.27 -9999.00 -9999.0 -9999.0 -9999.0 -9999.0 -9999.0 -9999.0 -9999.0 -9999.0 -9999.0 -9999.0 -9999.0 -9999.0 -9999.0 -9999.0 -9999.0 -9999.0 -9999.0 -9999.0 -9999.0 -9999.0 -9999.0 -9999.0 -9999.0 -9999.0 -9999.0 -9999.0 -9999.0 -9999.0 -9999.00
00.89 01.33 03.85 03.53 03.10 02.82 02.83 01.22 00.54 00.54 00.51 00.58 00.54 00.48 -9999.0 -9999.0 00.60 00.66 00.64 00.64 00.47 00.35 00.43 00.40 00.38 00.49 00.45 00.29 00.49 00.81 00.83 01.96 05.50 04.82 04.67 04.38 04.36 04.34 04.30 04.16 -9999.00 -9999.0 -9999.0 -9999.0 -9999.0 -9999.0 -9999.0 -9999.0 -9999.0 -9999.0 -9999.0 -9999.0 -9999.0 -9999.0 -9999.0 -9999.0 -9999.0 -9999.0 -9999.0 -9999.0 -9999.0 -9999.0 -9999.0 -9999.0 -9999.0 -9999.0 -9999.0 -9999.0 -9999.00
00.65 00.68 04.01 03.78 03.43 03.19 02.46 00.61 00.60 00.55 00.50 00.57 00.52 -9999.0 -9999.0 -9999.0 00.62 00.65 00.65 00.65 00.47 00.40 00.44 00.40 00.41 00.50 00.45 00.23 00.50 00.82 00.85 03.07 05.44 05.05 04.39 04.39 04.37 04.35 04.33 04.29 -9999.00 -9999.0 -9999.0 -9999.0 -9999.0 -9999.0 -9999.0 -9999.0 -9999.0 -9999.0 -9999.0 -9999.0 -9999.0 -9999.0 -9999.0 -9999.0 -9999.0 -9999.0 -9999.0 -9999.0 -9999.0 -9999.0 -9999.0 -9999.0 -9999.0 -9999.0 -9999.0 -9999.00 03.83
00.95 00.69 03.89 03.72 03.61 03.23 02.26 00.54 00.60 00.53 00.34 -9999.0 -9999.0 -9999.0 -9999.0 00.28 00.63 00.64 00.65 00.57 00.47 00.41 00.44 00.41 00.40 00.50 00.46 00.34 00.49 00.81 00.84 00.86 05.40 05.39 04.80 04.33 04.31 04.28 04.24 04.09 04.26 -9999.00 -9999.0 -9999.0 -9999.0 -9999.0 -9999.0 -9999.0 -9999.0 -9999.0 -9999.0 -9999.0 -9999.0 -9999.0 -9999.0 -9999.0 -9999.0 -9999.0 -9999.0 -9999.0 -9999.0 -9999.0 -9999.0 -9999.0 -9999.0 -9999.0 -9999.0 -9999.00 03.72
03.99 02.62 00.64 00.61 00.61 00.62 00.59 00.50 00.37 -9999.0 -9999.0 -9999.0 -9999.0 -9999.0 -9999.0 00.44 00.65 00.66 00.66 00.59 00.48 00.38 00.44 00.41 00.37 00.50 00.48 00.44 00.41 00.80 00.83 00.86 05.35 05.37 05.34 04.50 03.97 00.90 00.50 00.99 03.95 03.41 -9999.00 -9999.0 -9999.0 -9999.0 -9999.0 -9999.0 -9999.0 -9999.0 -9999.0 -9999.0 -9999.0 -9999.0 -9999.0 -9999.0 -9999.0 -9999.0 -9999.0 -9999.0 -9999.0 -9999.0 -9999.0 -9999.0 -9999.0 -9999.0 -9999.00 03.54 03.74
03.81 03.31 00.43 00.45 00.52 00.54 00.49 -9999.0 -9999.0 -9999.0 -9999.0 -9999.0 -9999.0 -9999.0 -9999.0 00.44 00.65 00.66 00.67 00.67 00.49 00.25 00.43 00.42 00.27 00.50 00.53 00.46 00.38 00.51 00.82 02.09 05.28 05.27 05.19 05.05 04.96 00.50 00.49 00.47 03.64 03.47 00.76 -9999.00 -9999.0 -9999.0 -9999.0 -9999.0 -9999.0 -9999.0 -9999.0 -9999.0 -9999.0 -9999.0 -9999.0 -9999.0 -9999.0 -9999.0 -9999.0 -9999.0 -9999.0 -9999.0 -9999.0 -9999.0 -9999.0 -9999.0 -9999.00 04.02 03.60
00.82 00.40 -9999.0 -9999.0 -9999.0 -9999.0 -9999.0 -9999.0 -9999.0 -9999.0 -9999.0 -9999.0 -9999.0 -9999.0 -9999.0 00.13 00.64 00.69 00.66 00.67 00.49 00.34 00.46 00.43 00.35 00.46 00.51 00.46 00.24 00.52 00.80 00.80 00.77 00.76 00.77 00.79 00.76 00.78 00.80 00.71 00.52 00.43 00.83 00.80 -9999.00 -9999.0 -9999.0 -9999.0 -9999.0 -9999.0 -9999.0 -9999.0 -9999.0 -9999.0 -9999.0 -9999.0 -9999.0 -9999.0 -9999.0 -9999.0 -9999.00 -9999.00 -9999.00 -9999.00 -9999.00 -9999.00 03.62 04.15 04.12
-9999.0 -9999.0 -9999.0 -9999.0 -9999.0 -9999.0 -9999.0 -9999.0 -9999.0 -9999.0 -9999.0 -9999.0 -9999.0 -9999.0 -9999.0 -9999.0 00.60 00.65 00.64 00.64 00.47 00.38 00.44 00.43 00.32 00.49 00.51 00.47 00.37 00.46 00.57 00.74 00.72 00.70 00.75 00.71 00.75 00.75 00.84 00.85 00.54 00.85 01.02 00.79 00.78 -9999.00 -9999.0 -9999.0 -9999.0 -9999.0 -9999.0 -9999.0 -9999.0 -9999.0 -9999.0 -9999.0 -9999.0 -9999.0 -9999.0 -9999.00 -9999.00 00.46 00.67 00.66 01.71 03.52 03.54 03.63 03.71
-9999.0 -9999.0 -9999.0 -9999.0 -9999.0 -9999.0 -9999.0 -9999.0 -9999.0 -9999.0 -9999.0 -9999.0 -9999.0 -9999.0 -9999.0 00.29 00.64 00.64 00.65 00.59 00.46 00.43 00.44 00.42 00.38 00.51 00.53 00.50 00.53 00.49 00.52 00.59 00.62 00.61 00.62 00.62 00.69 00.81 00.84 00.88 00.62 00.68 03.78 01.24 00.84 00.49 -9999.00 -9999.0 -9999.0 -9999.0 -9999.0 -9999.0 -9999.0 -9999.0 -9999.0 -9999.0 -9999.0 -9999.00 -9999.00 00.67 00.44 00.53 00.67 00.81 01.38 03.54 03.52 03.56 03.56
-9999.0 -9999.0 -9999.0 -9999.0 -9999.0 -9999.0 -9999.0 -9999.0 -9999.0 -9999.0 -9999.0 -9999.0 -9999.0 -9999.0 -9999.0 00.45 00.65 00.65 00.66 00.53 00.47 00.43 00.44 00.42 00.31 00.52 00.55 00.53 00.50 00.43 00.42 00.56 03.02 03.13 03.11 01.05 00.50 00.82 00.86 00.86 00.56 02.33 05.03 04.82 04.85 04.44 04.22 -9999.00 -9999.0 -9999.0 -9999.0 -9999.0 -9999.0 -9999.0 -9999.0 -9999.0 -9999.00 -9999.00 00.50 00.65 00.54 00.44 00.61 00.81 00.80 00.75 00.72 00.70 00.98
-9999.0 -9999.0 -9999.0 -9999.0 -9999.0 -9999.0 -9999.0 -9999.0 -9999.0 -9999.0 -9999.0 -9999.0 -9999.0 -9999.0 -9999.0 00.46 00.65 00.66 00.67 00.60 00.48 00.38 00.44 00.43 00.21 00.50 00.55 00.57 00.51 00.49 00.44 00.41 02.82 03.42 03.03 00.55 00.49 00.84 00.86 00.88 00.55 00.95 04.47 04.41 04.27 04.20 04.15 04.07 -9999.00 -9999.00 -9999.0 -9999.0 -9999.0 -9999.0 -9999.00 -9999.00 00.44 00.45 00.46 00.48 00.39 00.43 00.57 00.78 00.73 00.72 00.71 00.68 00.64
-9999.0 -9999.0 -9999.0 -9999.0 -9999.0 -9999.0 -9999.0 -9999.0 -9999.0 -9999.0 -9999.0 -9999.0 -9999.0 -9999.0 -9999.0 00.42 00.65 00.66 00.67 00.67 00.49 00.11 00.49 00.45 00.39 00.45 00.52 00.53 00.49 00.39 03.06 03.36 00.82 00.11 00.30 02.49 02.44 00.82 00.85 00.87 00.55 04.70 04.25 04.21 04.16 04.10 04.03 03.88 03.70 -9999.00 -9999.00 -9999.00 -9999.00 -9999.00 00.44 00.68 00.67 00.67 00.71 00.70 00.45 00.40 00.56 00.72 00.68 00.66 00.65 00.69 00.65
-9999.0 -9999.0 -9999.0 -9999.0 -9999.0 -9999.0 -9999.0 -9999.0 -9999.0 -9999.0 -9999.0 -9999.0 -9999.0 -9999.0 -9999.0 00.08 00.64 00.69 00.67 00.67 00.51 00.41 00.47 00.45 00.42 00.32 00.51 00.54 00.49 00.41 03.55 03.34 00.39 00.64 00.39 02.73 03.20 00.81 00.84 00.86 00.54 01.73 05.34 04.12 04.08 04.02 03.88 03.76 03.67 03.56 03.82 03.40 00.44 00.44 00.44 00.72 00.68 00.69 00.69 00.72 00.44 00.38 00.74 00.77 00.62 00.62 00.63 00.62 00.55
-9999.0 -9999.0 -9999.0 -9999.0 -9999.0 -9999.0 -9999.0 -9999.0 -9999.0 -9999.0 -9999.0 -9999.0 -9999.0 -9999.0 -9999.0 -9999.0 00.62 00.69 00.67 00.67 00.52 00.49 00.36 00.43 00.41 00.34 00.52 00.54 00.48 00.34 02.49 02.34 00.09 00.36 00.46 02.74 03.42 00.64 00.83 00.86 00.54 03.35 05.31 05.26 04.51 03.89 03.79 03.73 03.60 03.59 03.72 03.60 00.45 00.45 00.45 00.60 00.69 00.65 00.65 00.74 00.42 00.37 00.77 00.76 00.68 00.51 00.54 00.49 00.25
-9999.0 -9999.0 -9999.0 -9999.0 -9999.0 -9999.0 -9999.0 -9999.0 -9999.0 -9999.0 -9999.0 -9999.0 -9999.0 -9999.0 -9999.0 -9999.0 00.54 00.68 00.66 00.67 00.66 00.49 00.36 00.43 00.41 00.33 00.52 00.54 00.49 00.41 03.11 03.30 02.39 02.50 02.59 04.75 04.86 04.93 04.90 02.53 00.51 00.47 00.77 00.81 02.07 00.79 02.87 03.88 03.56 03.58 03.67 03.57 00.97 00.73 00.68 00.60 00.78 03.88 02.47 04.06 03.44 03.70 02.06 00.76 00.65 00.51 00.49 00.53 00.58
-9999.0 -9999.0 -9999.0 -9999.0 -9999.0 -9999.0 -9999.0 -9999.0 -9999.0 -9999.0 -9999.0 -9999.0 -9999.0 -9999.0 -9999.0 -9999.0 00.26 00.64 00.67 00.67 00.67 00.48 00.32 00.43 00.41 00.30 00.51 00.54 00.49 00.37 03.60 03.28 02.39 02.52 02.61 05.09 05.14 05.16 05.14 03.87 00.55 00.51 00.77 00.77 00.73 00.86 02.33 04.68 04.49 04.61 04.53 04.09 00.57 00.70 00.65 00.59 00.76 03.25 02.82 03.54 04.01 04.33 01.74 00.74 00.59 00.56 00.71 00.61 00.63
-9999.0 -9999.0 -9999.0 -9999.0 -9999.0 -9999.0 -9999.0 -9999.0 -9999.0 -9999.0 -9999.0 -9999.0 -9999.0 -9999.0 -9999.0 -9999.0 -9999.0 00.64 00.69 00.66 00.66 00.45 00.38 00.43 00.42 00.34 00.52 00.54 00.49 00.32 03.82 03.59 02.45 02.59 02.42 01.18 01.55 00.49 01.57 02.23 00.43 00.39 00.69 00.70 00.83 00.86 00.86 04.56 04.61 04.57 04.36 03.88 00.56 00.67 00.71 02.81 03.04 04.24 02.92 03.33 02.36 00.68 00.70 00.68 00.26 00.62 00.71 03.85 02.93
-9999.0 -9999.0 -9999.0 -9999.0 -9999.0 -9999.0 -9999.0 -9999.0 -9999.0 -9999.0 -9999.0 -9999.0 -9999.0 -9999.0 -9999.0 -9999.0 00.22 00.61 00.63 00.64 00.64 00.41 00.44 00.44 00.42 00.33 00.53 00.54 00.49 00.36 03.93 04.14 02.45 02.63 02.94 00.31 00.36 00.37 00.44 00.42 00.42 00.45 00.75 00.57 00.80 00.83 00.84 04.49 04.66 04.46 04.25 03.41 00.56 00.79 00.66 02.91 03.86 04.33 04.47 03.46 00.66 00.57 00.53 00.37 00.52 00.66 00.73 02.68 03.16
