tests/Case_5_Intensity.asc
NCOLS 354
NROWS 235
XLLCORNER 2900300.000000
YLLCORNER 2159500.000000
CELLSIZE 100.000000
NODATA_VALUE -9999.0
[rows 174 to 202 of 235, columns 260 to 324 of 354]
00023.263 00083.945 00062.484 00066.417 00088.446 00100.126 00078.166 00037.413 00048.041 00052.299 01292.080 01814.224 01574.931 02142.039 02068.963 01474.853 02273.079 05021.048 06034.248 09102.183 12220.881 14706.151 15125.476 13457.438 03295.626 00123.083 00015.187 00059.018 00071.247 00107.078 00107.481 00113.414 00098.883 00055.462 -9999.0 -9999.0 -9999.0 -9999.0 -9999.0 -9999.0 -9999.0 -9999.0 -9999.0 -9999.0 -9999.0 -9999.0 -9999.0 -9999.0 -9999.0 -9999.0 -9999.0 -9999.0 -9999.0 -9999.0 -9999.0 -9999.0 -9999.0 -9999.0 -9999.0 -9999.0 -9999.0 -9999.0 -9999.0 -9999.0 -9999.0
00028.916 00022.247 00015.936 00021.464 00018.346 00001.455 00015.468 00022.100 00032.760 00033.096 00038.554 00044.322 01059.556 01641.854 01912.768 -9999.0 -9999.0 01394.484 07890.074 05609.863 07604.863 12636.716 12778.749 04958.219 03164.046 00120.254 00005.736 00057.553 00069.277 00104.608 00104.408 00110.768 00094.384 00032.429 -9999.0 -9999.0 -9999.0 -9999.0 -9999.0 -9999.0 -9999.0 -9999.0 -9999.0 -9999.0 -9999.0 -9999.0 -9999.0 -9999.0 -9999.0 -9999.0 -9999.0 -9999.0 -9999.0 -9999.0 -9999.0 -9999.0 -9999.0 -9999.0 -9999.0 -9999.0 -9999.0 -9999.0 -9999.0 -9999.0 -9999.0
00064.646 00057.581 00056.234 00052.668 00041.577 00029.814 00016.375 00008.268 00010.232 00013.537 00018.133 00022.808 01168.942 01280.020 01404.569 -9999.0 -9999.0 01834.138 03053.163 03881.067 03617.572 04963.406 03892.252 03158.538 02828.459 00102.228 00030.558 00059.804 00068.487 00105.159 00104.677 00115.260 00092.389 00017.198 -9999.0 -9999.0 -9999.0 -9999.0 -9999.0 -9999.0 -9999.0 -9999.0 -9999.0 -9999.0 -9999.0 -9999.0 -9999.0 -9999.0 -9999.0 -9999.0 -9999.0 -9999.0 -9999.0 -9999.0 -9999.0 -9999.0 -9999.0 -9999.0 -9999.0 -9999.0 -9999.0 -9999.0 -9999.0 -9999.0 -9999.0
00076.913 00077.519 00062.328 00052.411 00043.475 00033.406 00027.960 -9999.0 -9999.0 -9999.0 -9999.0 -9999.0 -9999.0 -9999.0 -9999.0 -9999.0 -9999.0 01698.034 02353.286 03040.872 03358.323 03154.765 03577.585 03573.102 02757.562 00067.041 00051.230 00064.970 00074.451 00105.151 00103.858 00067.671 00075.117 00077.088 00059.778 00053.419 00029.617 -9999.0 -9999.0 -9999.0 -9999.0 -9999.0 -9999.0 -9999.0 -9999.0 -9999.0 -9999.0 -9999.0 -9999.0 -9999.0 -9999.0 -9999.0 -9999.0 -9999.0 -9999.0 -9999.0 -9999.0 -9999.0 -9999.0 -9999.0 -9999.0 -9999.0 -9999.0 -9999.0 -9999.0
00078.489 00058.874 00049.897 00049.822 00045.108 00032.553 00024.801 -9999.0 -9999.0 -9999.0 -9999.0 -9999.0 -9999.0 -9999.0 -9999.0 -9999.0 -9999.0 01317.327 01915.627 02143.130 02878.949 03049.427 02597.647 02228.224 02444.668 00057.907 00053.945 00067.288 00067.984 00097.245 00098.578 00070.275 00076.245 00074.455 00077.921 00081.059 00076.187 00068.966 00058.702 00038.595 -9999.0 -9999.0 -9999.0 -9999.0 -9999.0 -9999.0 -9999.0 -9999.0 -9999.0 -9999.0 -9999.0 -9999.0 -9999.0 -9999.0 -9999.0 -9999.0 -9999.0 -9999.0 -9999.0 -9999.0 -9999.0 -9999.0 -9999.0 -9999.0 -9999.0
00082.257 00079.361 00080.507 00101.008 00076.126 00050.155 00021.728 -9999.0 -9999.0 -9999.0 -9999.0 -9999.0 -9999.0 -9999.0 -9999.0 -9999.0 -9999.0 01276.434 01591.695 01650.494 02075.098 01990.336 02114.668 02074.968 02104.222 00047.960 00044.556 00056.969 00068.351 00079.007 00060.982 00071.518 00078.909 00079.195 00081.201 00078.495 00074.482 00085.757 00078.079 00075.953 00075.182 00066.899 00053.144 -9999.0 -9999.0 -9999.0 -9999.0 -9999.0 -9999.0 -9999.0 -9999.0 -9999.0 -9999.0 -9999.0 -9999.0 -9999.0 -9999.0 -9999.0 -9999.0 -9999.0 -9999.0 -9999.0 -9999.0 -9999.0 -9999.0
00170.879 00133.411 00123.130 00121.140 00095.169 00069.161 00034.449 -9999.0 -9999.0 -9999.0 00820.139 00544.700 -9999.0 -9999.0 -9999.0 00734.599 00735.508 01387.496 01578.617 01622.669 01635.419 01720.762 01594.521 01711.372 01858.981 02012.477 02010.957 00036.444 00063.937 00063.210 00753.763 00776.923 00624.947 00816.234 01168.525 01324.537 01373.702 01380.938 01366.044 01606.869 01211.997 01523.645 00088.305 00018.692 -9999.0 -9999.0 -9999.0 -9999.0 -9999.0 -9999.0 -9999.0 -9999.0 -9999.0 -9999.0 -9999.0 -9999.0 -9999.0 -9999.0 -9999.0 -9999.0 -9999.0 -9999.0 -9999.0 -9999.0 -9999.0
00158.972 00165.214 00145.928 00120.912 00105.085 00075.755 00050.334 -9999.0 -9999.0 -9999.0 00281.741 00486.691 -9999.0 -9999.0 -9999.0 00172.405 00863.958 01425.999 01600.090 01652.519 01625.501 01305.050 01320.564 01423.976 01500.296 01544.366 01480.088 00030.759 00046.231 00062.563 01132.558 01061.508 00842.817 00753.603 01238.300 01436.517 01452.962 01512.802 01469.074 01398.713 01659.762 01597.923 00089.920 00020.286 -9999.0 -9999.0 -9999.0 -9999.0 -9999.0 -9999.0 -9999.0 -9999.0 -9999.0 -9999.0 -9999.0 -9999.0 -9999.0 -9999.0 -9999.0 -9999.0 -9999.0 -9999.0 -9999.0 -9999.0 -9999.0
00416.951 00493.126 00484.854 00313.392 00287.071 00248.042 00150.012 -9999.0 -9999.0 -9999.0 00977.577 00537.521 00523.083 00436.146 00065.084 00052.540 00190.184 01091.354 01112.571 01474.165 01256.871 01289.913 00817.147 00876.130 00868.505 00749.175 00380.679 00002.509 00425.201 00402.260 01245.051 01365.798 00833.820 00682.000 00865.302 01474.588 01508.772 01512.009 01495.140 01418.121 00106.122 00076.338 -9999.0 -9999.0 -9999.0 -9999.0 -9999.0 -9999.0 -9999.0 -9999.0 -9999.0 -9999.0 -9999.0 -9999.0 -9999.0 -9999.0 -9999.0 -9999.0 -9999.0 -9999.0 -9999.0 -9999.0 -9999.0 -9999.0 -9999.0
00723.640 00688.679 00595.239 00537.316 00336.554 00274.722 00194.985 -9999.0 -9999.0 -9999.0 00923.260 00811.054 00508.413 00453.637 00413.209 00070.750 00051.594 00146.325 00512.022 00715.154 00855.937 01090.540 00186.229 00065.179 00101.872 00007.603 00077.342 00202.016 00631.657 00860.587 01083.010 01116.489 00759.969 00721.022 00750.414 01485.890 01473.974 01483.513 01474.325 01429.184 00109.076 00090.057 -9999.0 -9999.0 -9999.0 -9999.0 -9999.0 -9999.0 -9999.0 -9999.0 -9999.0 -9999.0 -9999.0 -9999.0 -9999.0 -9999.0 -9999.0 -9999.0 -9999.0 -9999.0 -9999.0 -9999.0 -9999.0 -9999.0 -9999.0
00251.198 00370.957 00369.207 00375.432 00236.930 00245.116 00230.795 -9999.0 -9999.0 -9999.0 00728.578 00687.306 00717.470 00699.328 00834.069 00502.706 00125.563 00252.413 00041.649 00053.326 00058.534 00035.444 00062.751 00261.465 00436.602 00178.303 00199.748 00750.690 01004.392 00992.669 01110.296 01091.896 00793.428 00768.607 00864.821 01450.592 01448.205 01475.923 01475.771 01461.807 00111.122 00090.839 -9999.0 -9999.0 -9999.0 -9999.0 -9999.0 -9999.0 -9999.0 -9999.0 -9999.0 -9999.0 -9999.0 -9999.0 -9999.0 -9999.0 -9999.0 -9999.0 -9999.0 -9999.0 -9999.0 -9999.0 -9999.0 -9999.0 -9999.0
00100.971 00127.104 00251.970 00580.204 02548.179 04470.890 02774.545 -9999.0 -9999.0 -9999.0 01298.401 01290.188 01152.917 01063.225 01007.136 00715.504 00506.215 00431.497 00110.960 00081.007 00072.184 00103.203 00178.143 00157.828 00389.203 00382.975 00317.325 00887.039 01056.993 01087.586 01479.889 00996.931 00794.894 00980.241 00998.542 01454.440 01395.464 01499.196 01542.773 01526.829 00111.602 00088.998 -9999.0 -9999.0 -9999.0 -9999.0 -9999.0 -9999.0 -9999.0 -9999.0 -9999.0 -9999.0 -9999.0 -9999.0 -9999.0 -9999.0 -9999.0 -9999.0 -9999.0 -9999.0 -9999.0 -9999.0 -9999.0 -9999.0 -9999.0
00255.505 02309.241 01449.572 01096.573 02209.179 09638.089 03021.113 -9999.0 -9999.0 -9999.0 01309.264 01250.847 01460.573 01196.930 00426.899 00561.138 00750.223 00481.517 00203.633 00587.602 00867.521 00319.611 00217.986 00229.348 00391.692 00379.977 00568.115 00926.639 00999.950 01597.287 01768.230 00845.416 00785.939 01214.068 01107.886 01381.288 01335.126 00888.063 01606.324 01631.141 00111.903 00088.195 -9999.0 -9999.0 -9999.0 -9999.0 -9999.0 -9999.0 -9999.0 -9999.0 -9999.0 -9999.0 -9999.0 -9999.0 -9999.0 -9999.0 -9999.0 -9999.0 -9999.0 -9999.0 -9999.0 -9999.0 -9999.0 -9999.0 -9999.0
02909.355 05530.186 05408.948 08059.612 07290.719 06435.685 04398.815 00240.919 01142.573 01103.785 01295.878 01198.217 01910.901 01398.514 00483.622 00509.624 00471.572 00461.190 00379.638 00381.763 00929.062 01562.900 00654.837 00464.021 00331.576 00315.002 00890.465 00976.270 01088.554 01437.301 01463.704 00722.213 00087.477 00161.125 00189.825 00104.774 00093.802 00078.042 00078.436 00077.080 00077.828 00060.126 -9999.0 -9999.0 -9999.0 -9999.0 -9999.0 -9999.0 -9999.0 -9999.0 -9999.0 -9999.0 -9999.0 -9999.0 -9999.0 -9999.0 -9999.0 -9999.0 -9999.0 -9999.0 -9999.0 -9999.0 -9999.0 -9999.0 -9999.0
02952.594 03387.805 04014.593 04430.719 04343.010 04285.840 01244.519 00699.307 01191.902 01225.074 01108.492 01004.575 01075.285 01318.117 00680.061 00718.116 00742.142 00767.624 00539.354 00653.416 01013.103 01119.631 01065.344 00990.632 01253.001 01560.249 01644.081 01566.824 02148.525 01724.093 00960.673 00873.415 00106.443 00213.830 00195.835 00147.846 00139.053 00151.391 00134.461 00119.037 00078.823 -9999.0 -9999.0 -9999.0 -9999.0 -9999.0 -9999.0 -9999.0 -9999.0 -9999.0 -9999.0 -9999.0 -9999.0 -9999.0 -9999.0 -9999.0 -9999.0 -9999.0 -9999.0 -9999.0 -9999.0 -9999.0 -9999.0 -9999.0 -9999.0
02642.144 03118.802 03916.538 04292.030 05086.017 01760.381 00622.138 01194.188 01445.644 01440.872 00773.897 00498.450 00282.854 00651.147 00416.895 00697.227 00839.741 00900.155 00733.672 01380.091 01392.575 01491.014 01352.972 01211.560 00922.665 00870.026 01110.137 01534.229 02424.892 01642.337 01023.035 01053.718 00098.381 00187.093 00159.290 00142.548 00158.908 00152.198 00105.167 00116.302 00113.118 00009.715 -9999.0 -9999.0 -9999.0 -9999.0 -9999.0 -9999.0 -9999.0 -9999.0 -9999.0 -9999.0 -9999.0 -9999.0 -9999.0 -9999.0 -9999.0 -9999.0 -9999.0 -9999.0 -9999.0 -9999.0 -9999.0 -9999.0 -9999.0
01953.312 01293.659 -9999.0 -9999.0 -9999.0 00749.128 01409.442 01616.671 01614.667 01901.990 01059.792 00703.994 00340.318 00251.405 00218.962 00051.548 00012.685 00790.683 00452.818 00910.566 01986.096 01755.131 01643.091 01575.044 01109.300 00578.039 00690.669 01436.830 01560.516 01423.012 01557.727 01041.235 01009.033 01898.153 01325.889 00129.116 00205.813 00143.686 00097.755 00119.221 00121.493 00070.747 -9999.0 -9999.0 -9999.0 -9999.0 -9999.0 -9999.0 -9999.0 -9999.0 -9999.0 -9999.0 -9999.0 -9999.0 -9999.0 -9999.0 -9999.0 -9999.0 -9999.0 -9999.0 -9999.0 -9999.0 -9999.0 -9999.0 -9999.0
01722.334 01598.934 -9999.0 -9999.0 -9999.0 01325.647 01592.297 01770.391 01865.766 01999.432 01653.789 01193.848 01158.089 00790.536 00641.770 00052.396 00046.220 00192.184 00197.586 00360.818 00463.783 01248.959 02251.684 01756.427 01261.568 00891.263 00741.668 01029.620 00940.006 01115.423 01242.358 01216.277 01216.045 01781.629 01226.949 00145.919 00238.210 00163.658 00103.640 00114.852 00113.724 00066.518 -9999.0 -9999.0 -9999.0 -9999.0 -9999.0 -9999.0 -9999.0 -9999.0 -9999.0 -9999.0 -9999.0 -9999.0 -9999.0 -9999.0 -9999.0 -9999.0 -9999.0 -9999.0 -9999.0 -9999.0 -9999.0 -9999.0 -9999.0
00764.213 00613.142 00838.677 01014.536 01213.551 01482.914 01657.220 01895.364 02168.032 02223.599 02131.948 01868.676 00082.597 00067.285 00061.662 00064.879 00054.191 00041.123 00047.222 00049.136 00047.228 00065.339 01756.059 01384.083 01281.297 01042.282 01019.346 00918.139 00710.317 00987.132 00825.398 00716.282 00820.974 00965.235 01146.542 01630.953 01739.778 00172.489 00133.504 00102.560 00104.653 00101.188 00056.253 -9999.0 -9999.0 -9999.0 -9999.0 -9999.0 -9999.0 -9999.0 -9999.0 -9999.0 -9999.0 -9999.0 -9999.0 -9999.0 -9999.0 -9999.0 -9999.0 -9999.0 -9999.0 -9999.0 -9999.0 -9999.0 -9999.0
01658.984 01695.042 01882.651 01945.888 01711.554 01707.302 01683.058 01732.743 02321.005 02330.982 02409.383 01514.036 00079.234 00070.368 00073.028 00080.637 00088.003 00063.978 00072.456 00085.490 00094.411 00099.343 01563.621 01666.408 01737.600 02103.104 01765.026 01815.865 01737.002 01637.220 01479.074 01272.004 01132.875 00774.414 00663.134 01223.128 02374.256 00221.953 00148.643 00135.727 00146.645 00124.354 00103.942 00086.847 00098.682 00089.682 00072.760 -9999.0 -9999.0 -9999.0 -9999.0 -9999.0 -9999.0 -9999.0 -9999.0 -9999.0 -9999.0 -9999.0 -9999.0 -9999.0 -9999.0 -9999.0 -9999.0 -9999.0 -9999.0
02013.136 02241.205 02430.496 02471.984 02450.997 02054.070 01800.081 01846.180 02416.506 01931.252 01860.311 01113.456 00074.276 00071.812 00080.516 00093.948 00129.223 00070.932 00086.206 00097.535 00095.545 00103.160 01731.862 02115.721 02640.830 02634.447 02294.777 02794.833 02216.987 02208.909 02199.299 02055.086 02026.020 01553.971 01297.494 00934.503 01094.404 00126.537 00161.890 00150.803 00116.153 00109.480 00108.150 00134.825 00165.331 00281.550 00187.307 00110.490 -9999.0 -9999.0 -9999.0 -9999.0 -9999.0 -9999.0 -9999.0 -9999.0 -9999.0 -9999.0 -9999.0 -9999.0 -9999.0 -9999.0 -9999.0 -9999.0 -9999.0
02049.774 02550.686 02924.825 02860.962 02754.738 02495.454 02077.051 02036.233 02565.434 00976.174 00075.080 00075.430 00072.701 00080.914 00114.163 00110.243 00126.836 00075.936 00074.176 00100.229 00095.613 00092.797 00087.228 00106.315 00126.339 00171.844 00143.993 00757.865 00178.448 00174.555 00165.007 00193.421 02719.522 02000.926 01830.306 01705.227 01299.252 01272.582 01362.292 01311.811 01182.044 01158.047 01244.789 01618.934 01632.567 01724.342 02013.019 00121.728 -9999.0 -9999.0 -9999.0 -9999.0 -9999.0 -9999.0 -9999.0 -9999.0 -9999.0 -9999.0 -9999.0 -9999.0 -9999.0 -9999.0 -9999.0 -9999.0 -9999.0
01409.264 01835.810 03023.356 03445.075 03258.637 03066.352 02451.885 01928.261 01819.566 02089.375 00106.444 00085.985 00087.011 00118.338 00128.248 00131.961 00110.150 00070.929 00077.503 00096.800 00100.117 00095.430 00082.372 00076.621 00086.077 00103.214 00102.586 00100.026 00086.738 00077.581 00077.557 00124.440 00843.323 00950.565 01485.573 01563.024 01587.286 01958.635 02092.624 02171.317 01935.177 00626.492 00787.126 02042.365 01860.813 01536.941 01566.435 00072.993 -9999.0 -9999.0 -9999.0 -9999.0 -9999.0 -9999.0 -9999.0 -9999.0 -9999.0 -9999.0 -9999.0 -9999.0 -9999.0 -9999.0 -9999.0 -9999.0 -9999.0
01370.924 01520.105 02196.796 03813.739 04391.120 00352.580 00227.328 01550.283 01757.938 01537.627 00110.469 00094.995 00137.291 00136.029 00126.904 00135.555 00134.372 00057.111 00077.361 00075.079 00098.453 00092.736 00086.065 00081.951 00100.223 00100.624 00097.507 00095.116 00088.056 00077.703 00089.863 00075.348 00065.426 00063.683 00101.882 01399.556 01689.569 00189.324 00227.513 00206.487 00136.143 00107.258 00099.260 00154.770 00177.599 00182.053 00152.565 00092.451 -9999.0 -9999.0 -9999.0 -9999.0 -9999.0 -9999.0 -9999.0 -9999.0 -9999.0 -9999.0 -9999.0 -9999.0 -9999.0 -9999.0 -9999.0 -9999.0 -9999.0
01436.727 01581.197 01654.765 02738.834 02579.122 00206.529 00155.224 01290.432 01283.623 01447.748 00115.299 00094.438 00128.973 00137.185 00132.007 00119.624 00103.687 00043.739 00061.319 00067.615 00078.718 00086.413 00086.567 00076.887 00082.310 00083.786 00085.892 00104.163 00099.909 00095.878 00088.780 00070.621 00077.606 00075.642 00079.252 01632.635 02030.585 00143.945 00132.380 00101.695 00085.317 00090.527 00101.582 00082.677 00074.916 00080.855 00080.301 -9999.0 -9999.0 -9999.0 -9999.0 -9999.0 -9999.0 -9999.0 -9999.0 -9999.0 -9999.0 -9999.0 -9999.0 -9999.0 -9999.0 -9999.0 -9999.0 -9999.0 -9999.0
01480.359 01586.923 01760.239 00948.507 01033.043 00096.155 00114.041 01201.422 01107.823 00947.717 00112.046 00090.907 00111.317 00114.477 00127.734 00122.122 00077.440 -9999.0 00029.147 00057.617 00068.651 00076.162 00076.990 00072.410 00077.727 00080.864 00082.740 00087.513 00087.588 00087.855 00092.831 00083.080 00071.674 00077.809 00056.629 01064.931 01375.682 00104.841 00099.050 00091.957 00089.255 00090.097 00072.448 00017.994 -9999.0 -9999.0 -9999.0 -9999.0 -9999.0 -9999.0 -9999.0 -9999.0 -9999.0 -9999.0 -9999.0 -9999.0 -9999.0 -9999.0 -9999.0 -9999.0 -9999.0 -9999.0 -9999.0 -9999.0 -9999.0
01546.694 01727.896 02258.425 01442.516 00840.833 00076.180 00096.184 00102.590 00100.308 00098.105 00095.786 00109.457 00104.345 00113.409 00116.547 00095.972 00027.633 -9999.0 -9999.0 -9999.0 00048.364 00063.311 00066.433 00064.281 00068.332 00072.409 00075.172 00080.012 00078.537 00081.283 00082.557 00068.596 00045.369 00045.491 00054.864 00072.806 00085.127 00097.184 00103.693 00091.876 00073.403 00032.065 -9999.0 -9999.0 -9999.0 -9999.0 -9999.0 -9999.0 -9999.0 -9999.0 -9999.0 -9999.0 -9999.0 -9999.0 -9999.0 -9999.0 -9999.0 -9999.0 -9999.0 -9999.0 -9999.0 -9999.0 -9999.0 -9999.0 -9999.0
01580.858 01861.716 02214.170 02465.998 00829.847 00095.779 00088.867 00099.161 00105.933 00094.681 00095.172 00098.357 00095.987 00102.043 00097.767 00060.730 -9999.0 -9999.0 -9999.0 -9999.0 -9999.0 -9999.0 -9999.0 -9999.0 00028.234 00044.927 00049.719 00054.962 00051.891 00045.933 00015.390 -9999.0 -9999.0 -9999.0 00044.750 00063.949 00074.118 00082.313 00085.872 00067.995 -9999.0 -9999.0 -9999.0 -9999.0 -9999.0 -9999.0 -9999.0 -9999.0 -9999.0 -9999.0 -9999.0 -9999.0 -9999.0 -9999.0 -9999.0 -9999.0 -9999.0 -9999.0 -9999.0 -9999.0 -9999.0 -9999.0 -9999.0 -9999.0 -9999.0
01575.591 01955.279 02408.673 01912.598 01473.416 00098.753 00093.373 00115.363 00104.882 00100.262 00094.957 00090.861 00092.903 00084.033 00046.387 -9999.0 -9999.0 -9999.0 -9999.0 -9999.0 -9999.0 -9999.0 -9999.0 -9999.0 -9999.0 -9999.0 -9999.0 -9999.0 -9999.0 -9999.0 -9999.0 -9999.0 -9999.0 -9999.0 -9999.0 00004.461 00041.886 00047.653 00029.090 -9999.0 -9999.0 -9999.0 -9999.0 -9999.0 -9999.0 -9999.0 -9999.0 -9999.0 -9999.0 -9999.0 -9999.0 -9999.0 -9999.0 -9999.0 -9999.0 -9999.0 -9999.0 -9999.0 -9999.0 -9999.0 -9999.0 -9999.0 -9999.0 -9999.0 -9999.0
