tests/Case_4_SpreadRate.asc
NCOLS 245
NROWS 163
XLLCORNER 4208400.000000
YLLCORNER 1880200.000000
CELLSIZE 100.000000
NODATA_VALUE -9999.0
[rows 93 to 123 of 163, columns 69 to 137 of 245]
01.09 00.99 00.73 00.16 01.11 01.21 01.17 01.25 01.04 00.55 00.51 00.41 00.78 00.97 01.17 01.35 01.24 01.11 01.20 00.84 00.83 01.01 01.11 00.97 00.87 00.97 00.63 00.69 00.66 01.65 01.84 01.92 02.01 01.91 01.56 -9999.00 -9999.0 -9999.0 -9999.0 -9999.0 -9999.0 -9999.0 -9999.0 -9999.0 -9999.0 -9999.0 -9999.0 -9999.0 -9999.0 -9999.0 -9999.0 -9999.0 -9999.0 -9999.0 -9999.0 -9999.0 -9999.0 -9999.0 -9999.0 -9999.0 -9999.0 -9999.0 -9999.0 -9999.0 -9999.0 -9999.0 -9999.0 -9999.0 -9999.0
01.81 01.75 01.10 01.03 00.95 00.85 00.79 00.98 00.53 00.69 00.56 00.49 00.46 00.39 00.51 00.80 00.93 00.54 00.41 00.33 00.85 00.97 01.10 01.19 01.11 00.98 00.78 00.59 00.53 01.50 01.88 01.96 02.02 02.34 02.29 02.27 -9999.0 -9999.0 -9999.0 -9999.0 -9999.0 -9999.0 -9999.0 -9999.0 -9999.0 -9999.0 -9999.0 -9999.0 -9999.0 -9999.0 -9999.0 -9999.0 -9999.0 -9999.0 -9999.0 -9999.0 -9999.0 -9999.0 -9999.0 -9999.0 -9999.0 -9999.0 -9999.0 -9999.0 -9999.0 -9999.0 -9999.0 -9999.0 -9999.0
01.78 01.77 01.76 01.69 01.61 00.96 00.72 01.35 01.68 01.54 00.62 00.58 00.53 00.50 00.52 00.55 00.57 00.67 00.69 00.43 00.15 00.91 01.01 01.17 01.11 01.15 00.86 00.58 00.68 00.82 01.87 01.95 02.01 02.32 02.30 02.27 -9999.00 -9999.0 -9999.0 -9999.0 -9999.0 -9999.0 -9999.0 -9999.0 -9999.0 -9999.0 -9999.0 -9999.0 -9999.0 -9999.0 -9999.0 -9999.0 -9999.0 -9999.0 -9999.0 -9999.0 -9999.0 -9999.0 -9999.0 -9999.0 -9999.0 -9999.0 -9999.0 -9999.0 -9999.0 -9999.0 -9999.0 -9999.0 -9999.0
01.58 01.64 01.72 01.70 01.94 00.99 00.78 01.51 01.79 02.09 00.70 00.85 00.64 00.63 00.65 00.58 00.66 00.80 00.85 00.51 00.44 00.33 00.86 01.16 01.07 01.15 00.91 00.55 00.52 00.65 01.86 01.93 02.00 02.30 02.31 02.28 -9999.00 -9999.0 -9999.0 -9999.0 -9999.0 -9999.0 -9999.0 -9999.0 -9999.0 -9999.0 -9999.0 -9999.0 -9999.0 -9999.0 -9999.0 -9999.0 -9999.0 -9999.0 -9999.0 -9999.0 -9999.0 -9999.0 -9999.0 -9999.0 -9999.0 -9999.0 -9999.0 -9999.0 -9999.0 -9999.0 -9999.0 -9999.0 -9999.0
01.24 01.43 01.65 01.90 01.94 01.08 00.82 01.22 01.95 02.63 03.46 01.83 02.22 01.22 01.71 00.78 00.75 00.76 00.87 00.64 00.54 00.50 00.44 00.86 01.02 01.17 00.73 00.56 00.19 00.65 01.86 01.94 02.00 02.30 02.31 02.28 -9999.00 -9999.0 -9999.0 -9999.0 -9999.0 -9999.0 -9999.0 -9999.0 -9999.0 -9999.0 -9999.0 -9999.0 -9999.0 -9999.0 -9999.0 -9999.0 -9999.0 -9999.0 -9999.0 -9999.0 -9999.0 -9999.0 -9999.0 -9999.0 -9999.0 -9999.0 -9999.0 -9999.0 -9999.0 -9999.0 -9999.0 -9999.0 -9999.0
00.84 01.09 01.19 01.52 01.80 00.94 00.70 00.61 02.03 02.41 01.83 02.13 01.92 02.34 02.49 01.46 01.00 01.09 01.02 00.74 00.72 00.58 00.47 00.43 00.61 00.68 00.74 00.56 00.35 00.64 01.85 01.94 02.00 02.31 02.30 02.28 -9999.00 -9999.0 -9999.0 -9999.0 -9999.0 -9999.0 -9999.0 -9999.0 -9999.0 -9999.0 -9999.0 -9999.0 -9999.0 -9999.0 -9999.0 -9999.0 -9999.0 -9999.0 -9999.0 -9999.0 -9999.0 -9999.0 -9999.0 -9999.0 -9999.0 -9999.0 -9999.0 -9999.0 -9999.0 -9999.0 -9999.0 -9999.0 -9999.0
01.18 01.36 01.39 01.37 00.83 00.80 00.64 00.63 00.95 01.33 01.84 01.86 02.08 02.47 03.00 01.34 01.01 00.52 00.35 00.59 00.60 00.69 00.56 00.48 00.41 00.70 00.73 00.56 00.41 00.62 01.85 01.94 02.00 02.19 02.25 02.25 -9999.00 -9999.0 -9999.0 -9999.0 -9999.0 -9999.0 -9999.0 -9999.0 -9999.0 -9999.0 -9999.0 -9999.0 -9999.0 -9999.0 -9999.0 -9999.0 -9999.0 -9999.0 -9999.0 -9999.0 -9999.0 -9999.0 -9999.0 -9999.0 -9999.0 -9999.0 -9999.0 -9999.0 -9999.0 -9999.0 -9999.0 -9999.0 -9999.0
03.14 03.27 03.06 01.44 01.45 01.47 01.50 01.37 01.02 00.21 01.62 02.05 00.60 01.34 01.20 01.07 00.34 00.61 00.65 00.69 00.57 00.59 00.75 00.49 00.43 00.61 00.70 00.58 00.46 00.60 01.83 01.93 01.99 02.07 02.17 02.17 -9999.00 -9999.0 -9999.0 -9999.0 -9999.0 -9999.0 -9999.0 -9999.0 -9999.0 -9999.0 -9999.0 -9999.0 -9999.0 -9999.0 -9999.0 -9999.0 -9999.0 -9999.0 -9999.0 -9999.0 -9999.0 -9999.0 -9999.0 -9999.0 -9999.0 -9999.0 -9999.0 -9999.0 -9999.0 -9999.0 -9999.0 -9999.0 -9999.0
03.70 03.73 03.44 01.35 01.43 01.60 01.65 01.78 01.92 01.45 00.80 02.26 00.50 00.57 00.54 00.50 00.58 00.59 00.91 01.17 00.64 00.52 00.60 00.52 00.50 00.12 00.67 00.68 00.51 00.55 01.81 01.91 01.98 02.04 02.15 02.12 02.09 -9999.0 -9999.0 -9999.0 -9999.0 -9999.0 -9999.0 -9999.0 -9999.0 -9999.0 -9999.0 -9999.0 -9999.0 -9999.0 -9999.0 -9999.0 -9999.0 -9999.0 -9999.0 -9999.0 -9999.0 -9999.0 -9999.0 -9999.0 -9999.0 -9999.0 -9999.0 -9999.0 -9999.0 -9999.0 -9999.0 -9999.0 -9999.0
03.88 03.96 03.52 03.17 01.22 01.47 01.67 01.75 02.13 01.71 00.90 00.50 00.42 00.72 00.71 00.68 00.64 00.72 01.21 01.24 00.72 00.63 00.51 00.59 00.48 00.33 00.63 00.66 00.51 00.54 01.63 01.72 01.77 01.80 03.28 02.10 02.09 -9999.0 -9999.0 -9999.0 -9999.0 -9999.0 -9999.0 -9999.0 -9999.0 -9999.0 -9999.0 -9999.0 -9999.0 -9999.0 -9999.0 -9999.0 -9999.0 -9999.0 -9999.0 -9999.0 -9999.0 -9999.0 -9999.0 -9999.0 -9999.0 -9999.0 -9999.0 -9999.0 -9999.0 -9999.0 -9999.0 -9999.0 -9999.0
03.90 03.82 03.54 03.16 01.69 01.38 01.67 01.75 02.10 02.09 01.62 01.20 00.54 00.60 01.04 00.90 00.78 00.76 01.24 01.27 01.25 00.60 00.06 00.45 00.44 00.33 00.65 00.56 00.44 00.62 01.74 01.83 01.89 02.88 03.52 03.61 01.87 -9999.00 -9999.0 -9999.0 -9999.0 -9999.0 -9999.0 -9999.0 -9999.0 -9999.0 -9999.0 -9999.0 -9999.0 -9999.0 -9999.0 -9999.0 -9999.0 -9999.0 -9999.0 -9999.0 -9999.0 -9999.0 -9999.0 -9999.0 -9999.0 -9999.0 -9999.0 -9999.0 -9999.0 -9999.0 -9999.0 -9999.0 -9999.0
04.01 03.83 03.51 03.12 03.06 01.48 01.71 01.80 02.15 02.05 01.74 01.54 00.55 00.64 00.95 00.85 00.84 01.11 01.22 01.02 00.92 00.47 00.42 00.46 00.42 00.51 00.67 00.57 00.34 00.65 01.83 01.93 02.01 02.40 02.88 03.06 03.36 -9999.00 -9999.0 -9999.0 -9999.0 -9999.0 -9999.0 -9999.0 -9999.0 -9999.0 -9999.0 -9999.0 -9999.0 -9999.0 -9999.0 -9999.0 -9999.0 -9999.0 -9999.0 -9999.0 -9999.0 -9999.0 -9999.0 -9999.0 -9999.0 -9999.0 -9999.0 -9999.0 -9999.0 -9999.0 -9999.0 -9999.0 -9999.0
04.03 03.91 03.67 03.07 02.79 02.22 01.74 01.90 02.12 01.87 00.62 00.67 00.63 00.65 00.62 00.85 00.72 01.17 01.07 01.10 00.58 00.39 00.55 00.45 00.32 00.64 00.69 00.55 00.52 00.73 01.84 01.94 01.97 01.97 02.12 04.66 04.93 04.29 -9999.00 -9999.0 -9999.0 -9999.0 -9999.0 -9999.0 -9999.0 -9999.0 -9999.0 -9999.0 -9999.0 -9999.0 -9999.0 -9999.0 -9999.0 -9999.0 -9999.0 -9999.0 -9999.0 -9999.0 -9999.0 -9999.0 -9999.0 -9999.0 -9999.0 -9999.0 -9999.0 -9999.0 -9999.0 -9999.0 -9999.0
04.08 04.14 03.64 03.27 02.42 02.84 01.26 01.66 01.87 01.67 00.57 00.98 00.78 00.65 00.51 -9999.0 00.95 01.22 01.12 01.15 00.60 00.03 00.47 00.44 00.38 00.66 00.56 00.47 00.60 01.57 01.54 01.47 01.59 03.02 02.09 04.07 04.08 03.97 03.92 -9999.00 -9999.0 -9999.0 -9999.0 -9999.0 -9999.0 -9999.0 -9999.0 -9999.0 -9999.0 -9999.0 -9999.0 -9999.0 -9999.0 -9999.0 -9999.0 -9999.0 -9999.0 -9999.0 -9999.0 -9999.0 -9999.0 -9999.0 -9999.0 -9999.0 -9999.0 -9999.0 -9999.0 -9999.0 -9999.00
01.24 01.72 03.69 03.22 02.65 02.29 02.31 01.22 00.78 00.79 00.69 00.93 00.81 00.66 -9999.0 -9999.0 01.10 01.26 01.15 01.17 00.62 00.40 00.48 00.43 00.50 00.67 00.56 00.34 00.64 01.78 01.86 02.56 05.63 04.61 04.39 04.00 03.98 03.97 03.94 03.83 -9999.00 -9999.0 -9999.0 -9999.0 -9999.0 -9999.0 -9999.0 -9999.0 -9999.0 -9999.0 -9999.0 -9999.0 -9999.0 -9999.0 -9999.0 -9999.0 -9999.0 -9999.0 -9999.0 -9999.0 -9999.0 -9999.0 -9999.0 -9999.0 -9999.0 -9999.0 -9999.0 -9999.0 -9999.00
01.29 01.36 03.94 03.59 03.09 02.76 01.98 01.03 00.99 00.83 00.71 00.96 00.80 -9999.0 -9999.0 -9999.0 01.16 01.21 01.17 01.18 00.61 00.47 00.49 00.42 00.54 00.68 00.57 00.25 00.66 01.85 01.96 03.37 05.55 04.96 04.00 04.00 03.99 03.97 03.96 03.93 -9999.00 -9999.0 -9999.0 -9999.0 -9999.0 -9999.0 -9999.0 -9999.0 -9999.0 -9999.0 -9999.0 -9999.0 -9999.0 -9999.0 -9999.0 -9999.0 -9999.0 -9999.0 -9999.0 -9999.0 -9999.0 -9999.0 -9999.0 -9999.0 -9999.0 -9999.0 -9999.0 -9999.00 03.38
01.44 01.40 03.76 03.51 03.35 02.82 01.83 00.80 01.03 00.80 00.46 -9999.0 -9999.0 -9999.0 -9999.0 00.46 01.20 01.16 01.20 00.91 00.62 00.49 00.50 00.44 00.53 00.68 00.58 00.41 00.66 01.83 01.91 01.98 05.49 05.47 04.59 03.93 03.90 03.87 03.83 03.63 03.88 -9999.00 -9999.0 -9999.0 -9999.0 -9999.0 -9999.0 -9999.0 -9999.0 -9999.0 -9999.0 -9999.0 -9999.0 -9999.0 -9999.0 -9999.0 -9999.0 -9999.0 -9999.0 -9999.0 -9999.0 -9999.0 -9999.0 -9999.0 -9999.0 -9999.0 -9999.0 -9999.00 03.16
03.96 02.61 01.16 01.05 01.06 01.07 00.97 00.73 00.57 -9999.0 -9999.0 -9999.0 -9999.0 -9999.0 -9999.0 00.79 01.25 01.21 01.24 00.94 00.65 00.46 00.50 00.44 00.48 00.69 00.62 00.58 00.53 01.80 01.88 01.97 05.44 05.45 05.40 04.16 03.45 02.94 03.28 03.31 03.46 02.83 -9999.00 -9999.0 -9999.0 -9999.0 -9999.0 -9999.0 -9999.0 -9999.0 -9999.0 -9999.0 -9999.0 -9999.0 -9999.0 -9999.0 -9999.0 -9999.0 -9999.0 -9999.0 -9999.0 -9999.0 -9999.0 -9999.0 -9999.0 -9999.0 -9999.00 02.93 03.17
03.72 03.00 00.63 00.71 00.88 00.90 00.80 -9999.0 -9999.0 -9999.0 -9999.0 -9999.0 -9999.0 -9999.0 -9999.0 00.79 01.28 01.23 01.26 01.25 00.67 00.29 00.49 00.45 00.34 00.71 00.77 00.60 00.63 00.69 01.87 02.63 05.35 05.31 05.17 04.96 04.82 03.19 03.06 02.80 03.04 02.83 01.51 -9999.00 -9999.0 -9999.0 -9999.0 -9999.0 -9999.0 -9999.0 -9999.0 -9999.0 -9999.0 -9999.0 -9999.0 -9999.0 -9999.0 -9999.0 -9999.0 -9999.0 -9999.0 -9999.0 -9999.0 -9999.0 -9999.0 -9999.0 -9999.00 03.53 02.98
00.96 00.59 -9999.0 -9999.0 -9999.0 -9999.0 -9999.0 -9999.0 -9999.0 -9999.0 -9999.0 -9999.0 -9999.0 -9999.0 -9999.0 00.13 01.27 01.39 01.23 01.26 00.67 00.42 00.56 00.49 00.36 00.61 00.72 00.59 00.40 00.70 01.78 01.75 01.58 01.50 01.54 01.66 01.51 01.59 01.66 01.26 02.16 02.36 01.84 01.68 -9999.00 -9999.0 -9999.0 -9999.0 -9999.0 -9999.0 -9999.0 -9999.0 -9999.0 -9999.0 -9999.0 -9999.0 -9999.0 -9999.0 -9999.0 -9999.0 -9999.00 -9999.00 -9999.00 -9999.00 -9999.00 -9999.00 03.03 03.70 03.65
-9999.0 -9999.0 -9999.0 -9999.0 -9999.0 -9999.0 -9999.0 -9999.0 -9999.0 -9999.0 -9999.0 -9999.0 -9999.0 -9999.0 -9999.0 -9999.0 01.12 01.21 01.16 01.15 00.61 00.45 00.50 00.49 00.34 00.67 00.71 00.61 00.71 00.63 00.85 01.49 01.39 01.31 01.51 01.35 01.50 01.51 01.87 01.91 03.83 07.51 02.88 01.62 01.61 -9999.00 -9999.0 -9999.0 -9999.0 -9999.0 -9999.0 -9999.0 -9999.0 -9999.0 -9999.0 -9999.0 -9999.0 -9999.0 -9999.0 -9999.00 -9999.00 01.95 01.13 01.08 01.84 02.89 02.91 03.01 03.11
-9999.0 -9999.0 -9999.0 -9999.0 -9999.0 -9999.0 -9999.0 -9999.0 -9999.0 -9999.0 -9999.0 -9999.0 -9999.0 -9999.0 -9999.0 00.50 01.21 01.16 01.19 00.96 00.61 00.52 00.50 00.46 00.50 00.71 00.76 00.69 00.80 00.97 00.76 00.94 01.04 01.03 01.05 01.05 01.29 01.80 01.89 02.03 05.15 06.23 04.80 03.36 01.88 03.04 -9999.00 -9999.0 -9999.0 -9999.0 -9999.0 -9999.0 -9999.0 -9999.0 -9999.0 -9999.0 -9999.0 -9999.00 -9999.00 01.13 02.34 01.83 01.14 01.74 01.70 02.89 02.88 02.93 02.94
-9999.0 -9999.0 -9999.0 -9999.0 -9999.0 -9999.0 -9999.0 -9999.0 -9999.0 -9999.0 -9999.0 -9999.0 -9999.0 -9999.0 -9999.0 00.80 01.24 01.20 01.22 00.77 00.62 00.53 00.50 00.47 00.41 00.75 00.81 00.75 00.68 00.62 00.82 01.13 02.61 02.75 02.73 01.48 00.66 01.85 01.98 02.30 04.12 04.86 04.91 04.56 04.62 04.06 03.78 -9999.00 -9999.0 -9999.0 -9999.0 -9999.0 -9999.0 -9999.0 -9999.0 -9999.0 -9999.00 -9999.00 03.20 02.70 03.76 02.39 00.93 01.76 01.69 01.46 01.34 01.27 01.34
-9999.0 -9999.0 -9999.0 -9999.0 -9999.0 -9999.0 -9999.0 -9999.0 -9999.0 -9999.0 -9999.0 -9999.0 -9999.0 -9999.0 -9999.0 00.84 01.26 01.22 01.25 01.00 00.65 00.46 00.50 00.48 00.18 00.73 00.83 00.89 00.69 00.65 00.63 00.75 02.36 03.17 02.62 01.05 00.65 01.91 01.99 02.05 03.96 03.64 04.06 03.98 03.81 03.72 03.66 03.58 -9999.00 -9999.00 -9999.0 -9999.0 -9999.0 -9999.0 -9999.00 -9999.00 02.45 02.56 02.73 02.81 01.82 02.27 00.84 01.63 01.42 01.34 01.31 01.22 01.09
-9999.0 -9999.0 -9999.0 -9999.0 -9999.0 -9999.0 -9999.0 -9999.0 -9999.0 -9999.0 -9999.0 -9999.0 -9999.0 -9999.0 -9999.0 00.76 01.28 01.23 01.26 01.25 00.68 00.13 00.64 00.52 00.42 00.66 00.74 00.77 00.64 00.49 02.98 03.41 01.09 00.27 00.53 01.93 01.89 01.86 01.95 02.03 03.90 05.15 03.78 03.73 03.66 03.59 03.50 03.31 03.09 -9999.00 -9999.00 -9999.00 -9999.00 -9999.00 02.42 01.15 01.12 01.13 01.26 01.23 01.92 02.06 00.81 01.40 01.26 01.19 01.15 01.31 01.14
-9999.0 -9999.0 -9999.0 -9999.0 -9999.0 -9999.0 -9999.0 -9999.0 -9999.0 -9999.0 -9999.0 -9999.0 -9999.0 -9999.0 -9999.0 00.07 01.26 01.35 01.26 01.27 00.71 00.55 00.62 00.52 00.46 00.41 00.72 00.78 00.65 00.51 03.74 03.36 00.78 01.33 00.47 02.18 02.72 01.84 01.92 01.99 03.82 04.04 05.31 03.61 03.55 03.46 03.29 03.15 03.04 02.92 03.25 02.98 02.47 02.49 02.49 01.32 01.19 01.24 01.22 01.46 02.33 01.84 01.50 01.68 01.06 01.08 01.09 01.07 00.89
-9999.0 -9999.0 -9999.0 -9999.0 -9999.0 -9999.0 -9999.0 -9999.0 -9999.0 -9999.0 -9999.0 -9999.0 -9999.0 -9999.0 -9999.0 -9999.0 01.19 01.39 01.27 01.28 00.74 00.68 00.42 00.48 00.43 00.43 00.75 00.78 00.63 00.41 02.16 01.92 00.13 00.48 00.59 02.14 02.98 01.10 01.89 01.99 03.84 04.57 05.28 05.20 04.13 03.30 03.17 03.09 02.97 02.95 03.12 02.96 02.50 02.51 02.51 00.90 01.28 01.13 01.13 01.84 02.24 01.78 01.93 01.67 01.44 00.91 01.02 00.91 00.40
-9999.0 -9999.0 -9999.0 -9999.0 -9999.0 -9999.0 -9999.0 -9999.0 -9999.0 -9999.0 -9999.0 -9999.0 -9999.0 -9999.0 -9999.0 -9999.0 01.03 01.34 01.24 01.27 01.23 00.66 00.42 00.48 00.44 00.42 00.75 00.80 00.65 00.51 02.86 03.07 01.83 01.92 01.97 04.77 04.89 04.95 04.89 04.26 03.49 02.88 01.53 01.68 02.29 01.60 02.89 03.28 02.93 02.95 03.03 02.92 01.31 01.37 01.18 00.91 01.67 03.68 01.88 04.04 02.98 04.08 02.48 01.65 01.37 00.97 00.84 00.92 01.10
-9999.0 -9999.0 -9999.0 -9999.0 -9999.0 -9999.0 -9999.0 -9999.0 -9999.0 -9999.0 -9999.0 -9999.0 -9999.0 -9999.0 -9999.0 -9999.0 00.42 01.24 01.28 01.26 01.26 00.65 00.36 00.47 00.44 00.37 00.72 00.78 00.63 00.45 03.54 03.00 01.83 01.93 02.02 05.29 05.32 05.30 05.23 04.43 02.95 02.12 01.59 01.55 01.40 01.95 02.72 04.37 04.16 04.32 04.19 03.60 00.80 01.30 01.11 00.91 01.63 02.83 02.25 03.15 03.78 04.24 02.19 01.60 01.21 01.14 01.50 01.07 01.18
-9999.0 -9999.0 -9999.0 -9999.0 -9999.0 -9999.0 -9999.0 -9999.0 -9999.0 -9999.0 -9999.0 -9999.0 -9999.0 -9999.0 -9999.0 -9999.0 -9999.0 01.24 01.39 01.22 01.20 00.56 00.43 00.48 00.45 00.45 00.74 00.78 00.64 00.39 03.85 03.43 01.90 02.03 02.05 01.78 03.44 03.21 03.41 03.16 02.42 01.97 01.29 01.33 01.89 01.96 01.94 04.25 04.33 04.29 04.00 03.36 00.78 01.22 01.41 02.85 03.18 04.32 02.41 02.93 02.23 01.27 01.39 01.38 00.36 01.29 01.53 03.83 02.46
-9999.0 -9999.0 -9999.0 -9999.0 -9999.0 -9999.0 -9999.0 -9999.0 -9999.0 -9999.0 -9999.0 -9999.0 -9999.0 -9999.0 -9999.0 -9999.0 00.30 01.12 01.11 01.13 01.15 00.47 00.52 00.51 00.47 00.44 00.76 00.79 00.64 00.44 04.04 04.27 01.92 02.09 02.43 01.38 01.74 01.82 02.59 02.35 02.37 02.74 01.59 00.91 01.79 01.88 01.86 04.16 04.41 04.12 03.83 02.88 00.79 01.76 01.21 02.67 03.67 04.38 04.62 03.13 01.33 01.02 00.94 00.61 01.04 01.38 01.56 02.17 02.78
