tests/Case_5_SpreadRate.asc
NCOLS 354
NROWS 235
XLLCORNER 2900300.000000
YLLCORNER 2159500.000000
CELLSIZE 100.000000
NODATA_VALUE -9999.0
[rows 31 to 61 of 235, columns 136 to 203 of 354]
01.31 02.03 03.26 02.39 01.16 02.00 02.21 01.22 01.74 02.01 01.69 01.24 00.97 01.49 02.77 03.52 01.27 01.22 01.35 01.50 01.43 01.47 00.83 01.10 01.91 00.92 02.80 04.14 05.57 02.85 01.36 01.00 01.01 01.13 02.34 03.71 03.96 04.17 04.21 03.75 03.41 -9999.0 -9999.0 -9999.0 -9999.0 -9999.0 -9999.0 -9999.0 -9999.0 -9999.0 -9999.0 -9999.0 -9999.0 -9999.0 -9999.0 -9999.0 -9999.0 -9999.0 -9999.0 -9999.0 -9999.0 -9999.0 -9999.0 -9999.0 -9999.0 -9999.0 -9999.0 -9999.0
01.80 02.24 03.95 02.66 01.38 01.95 01.84 01.08 01.55 02.08 01.51 01.11 01.02 01.70 01.94 02.11 01.46 01.33 01.45 01.54 01.47 01.29 00.62 01.23 01.43 00.98 02.25 03.91 05.10 07.55 06.65 01.65 01.09 01.30 01.43 01.84 05.91 05.29 05.12 04.38 01.93 02.01 02.02 01.99 01.88 02.09 02.46 02.68 02.79 02.23 -9999.0 -9999.0 -9999.0 -9999.0 -9999.0 -9999.0 -9999.0 -9999.0 -9999.0 -9999.0 -9999.0 -9999.0 -9999.0 -9999.0 -9999.0 -9999.0 -9999.0 -9999.0
01.82 02.21 04.95 02.57 01.13 01.71 01.27 00.97 01.32 01.81 01.68 00.95 01.24 01.77 01.91 02.46 01.85 01.67 01.84 01.73 01.49 00.98 01.67 03.30 02.24 01.03 02.67 03.55 04.65 06.28 09.48 03.07 01.93 00.93 01.10 01.31 07.97 07.52 05.69 02.96 01.96 01.80 01.67 01.67 01.90 02.43 03.14 02.98 02.70 02.16 -9999.0 -9999.0 -9999.0 -9999.0 -9999.0 -9999.0 -9999.0 -9999.0 -9999.0 -9999.0 -9999.0 -9999.0 -9999.0 -9999.0 -9999.0 -9999.0 -9999.0 -9999.0
01.62 02.16 02.91 01.98 01.54 01.55 01.07 01.28 01.31 01.28 01.82 01.45 02.50 01.23 02.83 02.67 01.66 01.21 01.63 01.53 01.20 00.60 01.41 01.72 01.84 01.58 02.82 03.27 03.60 04.35 05.93 03.28 03.29 01.54 01.03 01.00 02.80 05.58 04.87 01.04 01.87 01.83 01.95 02.07 02.30 02.48 03.24 04.22 04.00 03.56 02.40 -9999.0 -9999.0 -9999.0 -9999.0 -9999.0 -9999.0 -9999.0 -9999.0 -9999.0 -9999.0 -9999.0 -9999.0 -9999.0 -9999.0 -9999.0 -9999.0 -9999.0
01.69 01.03 01.37 01.08 01.07 01.05 00.89 01.01 00.71 00.69 01.30 03.53 04.68 04.21 03.49 02.90 02.23 00.96 01.31 01.24 00.70 01.66 01.40 02.12 01.96 01.36 02.32 02.54 02.43 02.40 03.20 02.71 03.64 02.90 01.29 00.97 01.03 00.91 00.75 00.90 01.27 01.80 02.31 02.61 02.99 03.03 03.11 03.94 04.07 03.71 02.99 -9999.0 -9999.0 -9999.0 -9999.0 -9999.0 -9999.0 -9999.0 -9999.0 -9999.0 -9999.0 -9999.0 -9999.0 -9999.0 -9999.0 -9999.0 -9999.0 -9999.0
01.89 01.14 01.46 01.19 00.96 01.06 01.08 00.74 00.94 01.33 03.09 04.66 04.74 03.91 03.06 02.73 02.69 01.22 01.05 00.75 01.09 01.35 01.88 02.44 01.23 01.54 02.64 02.84 02.39 03.47 03.30 02.30 03.66 03.18 01.31 00.93 01.79 01.88 01.78 01.18 01.33 02.06 02.41 02.83 02.85 02.89 03.05 04.63 04.13 03.52 03.16 -9999.0 -9999.0 -9999.0 -9999.0 -9999.0 -9999.0 -9999.0 -9999.0 -9999.0 -9999.0 -9999.0 -9999.0 -9999.0 -9999.0 -9999.0 -9999.0 -9999.0
02.43 01.20 01.94 01.33 00.86 01.34 01.08 01.31 01.64 03.37 05.29 04.51 03.66 02.94 02.57 05.59 03.01 01.26 00.61 00.75 01.01 01.78 02.02 01.68 01.20 01.38 01.11 00.95 01.42 02.16 02.67 02.69 03.13 01.59 00.88 01.52 01.68 01.46 01.36 01.87 02.29 02.26 01.59 01.20 01.28 01.29 00.82 -9999.0 -9999.0 -9999.0 -9999.0 -9999.0 -9999.0 -9999.0 -9999.0 -9999.0 -9999.0 -9999.0 -9999.0 -9999.0 -9999.0 -9999.0 -9999.0 -9999.0 -9999.0 -9999.0 -9999.0 -9999.0
01.84 01.14 01.83 01.38 01.19 01.22 01.46 01.52 01.91 04.98 05.86 04.46 03.01 02.17 01.87 03.62 02.19 01.36 00.55 00.64 01.38 01.97 00.80 00.96 01.72 02.34 02.48 01.22 00.73 00.59 00.76 00.90 01.17 01.17 01.60 02.18 02.26 02.17 02.03 02.88 03.68 04.10 01.90 01.58 01.40 01.31 01.37 01.32 00.72 -9999.0 -9999.0 -9999.0 -9999.0 -9999.0 -9999.0 -9999.0 -9999.0 -9999.0 -9999.0 -9999.0 -9999.0 -9999.0 -9999.0 -9999.0 -9999.0 -9999.0 -9999.0 -9999.0
01.05 00.38 01.00 00.77 00.64 00.72 02.85 01.40 01.87 04.81 05.15 03.63 02.39 01.71 00.97 01.27 01.41 01.58 01.84 01.20 01.45 00.53 00.98 01.71 03.12 03.87 03.58 03.35 02.24 02.24 03.38 03.04 01.86 01.96 03.76 05.23 04.18 03.24 01.93 04.24 03.77 01.85 03.00 03.37 02.44 01.77 01.72 01.80 01.57 01.24 -9999.0 -9999.0 -9999.0 -9999.0 -9999.0 -9999.0 -9999.0 -9999.0 -9999.0 -9999.0 -9999.0 -9999.0 -9999.0 -9999.0 -9999.0 -9999.0 -9999.0 -9999.0
01.28 00.78 00.44 00.93 00.90 00.84 01.35 02.23 01.50 03.39 05.35 02.64 01.55 01.18 01.55 01.98 01.12 01.60 02.52 01.81 02.93 02.43 01.27 01.54 02.57 02.96 02.92 02.82 02.72 02.43 03.02 03.07 02.60 02.02 07.38 07.43 05.45 03.20 02.21 01.57 01.24 01.49 02.14 03.14 02.66 02.19 02.15 02.35 02.43 02.12 01.77 -9999.0 -9999.0 -9999.0 -9999.0 -9999.0 -9999.0 -9999.0 -9999.0 -9999.0 -9999.0 -9999.0 -9999.0 -9999.0 -9999.0 -9999.0 -9999.0 -9999.0
01.50 01.15 00.58 00.94 01.40 01.43 01.54 01.50 00.98 01.65 02.37 01.39 01.07 01.11 02.48 02.66 01.27 00.89 01.10 02.54 03.22 01.66 00.18 01.32 02.04 02.08 02.20 02.40 02.15 02.27 02.87 02.96 02.65 02.59 09.29 05.91 04.46 02.34 02.11 02.02 01.43 02.11 02.26 02.91 02.92 02.28 02.40 02.79 02.63 02.39 02.02 00.68 -9999.0 -9999.0 -9999.0 -9999.0 -9999.0 -9999.0 -9999.0 -9999.0 -9999.0 -9999.0 -9999.0 -9999.0 -9999.0 -9999.0 -9999.0 -9999.0
01.63 00.88 00.96 01.25 01.71 02.08 01.93 01.37 01.40 01.37 00.87 01.98 03.02 02.65 02.03 04.52 03.24 02.62 02.10 01.63 01.85 01.43 00.40 00.71 00.85 01.09 01.37 01.70 01.78 01.88 02.20 02.24 02.32 03.17 05.74 03.25 02.83 02.58 02.36 03.00 02.47 03.05 02.71 03.67 03.17 02.48 03.06 03.18 02.29 02.11 01.89 01.38 01.12 00.57 -9999.0 -9999.0 -9999.0 -9999.0 -9999.0 -9999.0 -9999.0 -9999.0 -9999.0 -9999.0 -9999.0 -9999.0 -9999.0 -9999.0
01.51 01.29 01.19 01.33 01.46 01.62 01.40 01.29 00.77 00.90 00.87 03.76 03.94 02.26 01.82 04.15 03.62 02.67 02.59 01.67 02.06 01.70 00.69 00.82 00.68 00.81 00.64 00.76 00.92 01.05 01.24 01.34 01.39 02.14 03.10 02.69 03.51 02.19 03.02 03.89 02.96 03.83 03.55 03.89 02.76 02.51 03.69 04.39 02.53 02.00 01.95 02.15 02.23 01.85 01.95 01.65 -9999.0 -9999.0 -9999.0 -9999.0 -9999.0 -9999.0 -9999.0 -9999.0 -9999.0 -9999.0 -9999.0 -9999.0
02.02 01.13 01.41 01.69 01.57 01.66 01.53 01.40 01.21 01.04 01.20 04.28 03.71 02.23 02.11 02.31 03.62 02.42 02.40 01.71 02.08 01.04 01.03 00.90 01.10 01.09 01.07 00.98 01.56 01.49 01.36 01.45 00.58 00.54 00.78 02.34 05.53 02.12 02.69 03.21 01.80 02.41 03.14 03.88 03.00 03.02 03.78 03.91 02.16 02.36 02.46 02.89 03.77 03.73 03.32 02.92 01.85 -9999.0 -9999.0 -9999.0 -9999.0 -9999.0 -9999.0 -9999.0 -9999.0 -9999.0 -9999.0 -9999.0
05.33 03.60 05.04 04.22 03.00 02.06 02.24 01.74 02.52 01.39 03.69 05.01 05.99 02.79 01.94 01.81 03.56 02.81 02.55 02.63 02.46 02.00 01.65 02.26 01.44 01.29 01.28 01.32 01.46 01.47 01.16 01.22 01.24 01.19 01.87 01.26 01.74 01.46 02.77 02.66 01.24 00.97 01.20 01.53 01.84 01.48 02.08 01.72 02.03 02.95 02.45 02.24 02.28 02.16 02.52 02.68 02.68 02.56 02.42 -9999.0 -9999.0 -9999.0 -9999.0 -9999.0 -9999.0 -9999.0 -9999.0 -9999.0
09.15 11.90 06.33 05.89 04.95 05.57 02.89 02.01 01.84 01.90 03.85 05.92 06.23 03.04 01.94 01.96 01.61 03.42 03.46 03.37 02.77 03.31 02.00 02.40 00.68 00.79 01.20 01.25 01.75 01.90 01.10 01.24 01.22 01.29 02.93 02.42 00.59 01.25 03.17 04.80 02.10 01.02 00.95 01.09 01.29 01.10 01.38 01.63 01.64 01.97 01.92 01.90 01.94 01.67 01.95 02.72 02.99 03.36 03.23 -9999.0 -9999.0 -9999.0 -9999.0 -9999.0 -9999.0 -9999.0 -9999.0 -9999.0
03.75 13.62 13.29 13.30 13.44 07.45 -9999.00 -9999.00 -9999.00 -9999.00 04.17 05.09 06.22 05.67 01.54 00.92 02.20 02.53 02.44 02.50 02.30 02.98 02.91 01.32 00.42 00.78 00.82 00.93 01.09 00.84 00.80 00.97 01.12 01.31 02.72 02.89 02.24 01.15 06.63 08.09 06.94 03.13 02.37 01.63 01.12 01.06 01.48 01.77 01.91 02.13 02.01 02.58 03.15 01.97 01.64 02.94 03.71 03.16 01.81 -9999.0 -9999.0 -9999.0 -9999.0 -9999.0 -9999.0 -9999.0 -9999.0 -9999.0
03.47 13.06 13.70 12.54 -9999.00 -9999.0 -9999.0 -9999.0 -9999.0 -9999.0 -9999.00 -9999.00 06.29 06.72 01.81 00.94 01.62 02.67 02.53 02.60 02.61 02.72 03.09 01.98 00.49 01.05 01.27 01.38 01.75 00.95 00.87 00.79 00.88 01.13 02.80 03.90 03.03 01.70 03.84 06.48 05.18 03.57 03.70 02.74 01.76 01.06 01.41 02.07 03.30 03.30 02.54 03.33 03.92 01.92 01.72 02.42 03.06 02.51 01.55 -9999.0 -9999.0 -9999.0 -9999.0 -9999.0 -9999.0 -9999.0 -9999.0 -9999.0
03.59 14.49 -9999.00 -9999.0 -9999.0 -9999.0 -9999.0 -9999.0 -9999.0 -9999.0 -9999.0 -9999.0 -9999.00 -9999.00 04.97 00.88 01.75 01.91 01.58 01.80 02.45 02.38 02.32 01.01 00.87 01.24 01.74 01.74 01.00 00.95 00.81 00.69 00.67 00.76 02.66 05.05 03.33 02.48 01.31 02.35 02.67 03.07 02.95 03.24 02.30 00.95 02.32 02.64 03.19 03.36 02.78 03.74 03.82 02.24 01.75 01.98 02.69 02.69 02.36 01.30 -9999.0 -9999.0 -9999.0 -9999.0 -9999.0 -9999.0 -9999.0 -9999.0
12.62 -9999.00 -9999.0 -9999.0 -9999.0 -9999.0 -9999.0 -9999.0 -9999.0 -9999.0 -9999.0 -9999.0 -9999.0 -9999.0 02.74 01.16 00.65 00.69 01.42 01.21 01.07 00.94 00.84 00.42 01.34 01.33 01.86 01.85 01.09 00.97 00.85 01.86 01.15 00.45 00.51 01.32 02.86 02.54 01.49 01.88 04.99 04.32 04.05 02.99 02.64 01.13 02.69 02.98 02.48 02.61 02.96 04.44 03.28 02.10 01.93 01.98 02.41 02.81 02.99 02.24 -9999.0 -9999.0 -9999.0 -9999.0 -9999.0 -9999.0 -9999.0 -9999.0
-9999.00 -9999.0 -9999.0 -9999.0 -9999.0 -9999.0 -9999.0 -9999.0 -9999.0 -9999.0 -9999.0 -9999.0 -9999.0 -9999.0 -9999.00 03.60 01.96 01.32 01.47 01.48 01.23 01.17 01.30 01.10 00.39 00.79 00.95 00.96 01.18 00.92 00.66 00.90 00.40 00.59 01.69 00.87 02.72 02.64 01.21 02.12 04.54 03.80 01.98 02.35 02.41 01.06 01.61 01.70 01.94 01.84 02.75 03.64 02.49 02.75 03.74 02.70 02.44 03.09 02.85 02.08 -9999.0 -9999.0 -9999.0 -9999.0 -9999.0 -9999.0 -9999.0 -9999.0
-9999.0 -9999.0 -9999.0 -9999.0 -9999.0 -9999.0 -9999.0 -9999.0 -9999.0 -9999.0 -9999.0 -9999.0 -9999.0 -9999.0 -9999.0 -9999.00 02.36 02.19 01.93 01.34 02.00 01.67 01.82 01.47 00.99 00.62 01.02 01.06 01.66 00.75 00.55 00.50 00.78 01.59 02.21 01.73 01.07 00.94 00.55 01.59 01.17 01.50 01.87 02.22 02.14 01.31 02.85 02.23 02.33 01.02 01.40 02.42 01.63 01.49 02.20 02.05 01.83 02.00 01.90 01.38 -9999.0 -9999.0 -9999.0 -9999.0 -9999.0 -9999.0 -9999.0 -9999.0
-9999.0 -9999.0 -9999.0 -9999.0 -9999.0 -9999.0 -9999.0 -9999.0 -9999.0 -9999.0 -9999.0 -9999.0 -9999.0 -9999.0 -9999.0 -9999.0 -9999.00 01.78 02.17 02.03 00.93 02.07 02.30 01.97 01.32 00.68 01.19 01.23 01.13 00.79 00.67 00.85 01.62 01.60 01.34 02.51 00.65 00.52 01.00 00.85 01.00 01.59 02.09 02.01 01.67 02.04 08.52 06.77 03.91 01.28 01.36 03.69 02.70 02.41 04.05 02.56 01.99 02.07 01.97 01.70 -9999.0 -9999.0 -9999.0 -9999.0 -9999.0 -9999.0 -9999.0 -9999.0
-9999.0 -9999.0 -9999.0 -9999.0 -9999.0 -9999.0 -9999.0 -9999.0 -9999.0 -9999.0 -9999.0 -9999.0 -9999.0 -9999.0 -9999.0 -9999.0 -9999.0 -9999.00 01.61 01.76 01.22 02.40 02.77 02.88 01.96 01.19 00.55 00.54 00.96 00.96 00.85 01.36 02.05 02.52 03.81 02.51 00.69 00.44 00.49 00.75 01.22 02.55 02.74 01.80 01.42 02.97 06.87 06.60 04.95 01.41 01.38 03.52 03.34 02.44 04.16 03.31 02.99 02.03 01.92 01.74 -9999.0 -9999.0 -9999.0 -9999.0 -9999.0 -9999.0 -9999.0 -9999.0
-9999.0 -9999.0 -9999.0 -9999.0 -9999.0 -9999.0 -9999.0 -9999.0 -9999.0 -9999.0 -9999.0 -9999.0 -9999.0 -9999.0 -9999.0 -9999.0 -9999.0 -9999.0 -9999.00 01.78 01.58 01.96 02.26 02.77 02.51 02.29 02.09 01.17 00.76 02.04 02.12 02.29 02.33 02.14 01.56 01.76 02.07 02.71 03.24 03.24 01.19 01.85 03.13 01.74 02.70 03.94 04.24 03.10 02.60 00.87 01.26 02.36 02.27 01.86 02.63 02.80 02.45 02.22 02.03 02.13 02.02 -9999.0 -9999.0 -9999.0 -9999.0 -9999.0 -9999.0 -9999.0
-9999.0 -9999.0 -9999.0 -9999.0 -9999.0 -9999.0 -9999.0 -9999.0 -9999.0 -9999.0 -9999.0 -9999.0 -9999.0 -9999.0 -9999.0 -9999.0 -9999.0 -9999.0 -9999.0 02.04 01.70 00.80 01.60 01.38 03.32 03.82 03.14 02.51 01.87 00.24 02.15 01.43 01.78 03.02 01.75 02.19 02.41 02.54 02.81 02.95 03.31 00.79 01.40 01.75 02.33 02.64 01.42 01.35 01.67 01.43 02.32 02.33 01.69 01.47 02.17 02.21 02.18 02.35 02.53 03.15 02.61 -9999.0 -9999.0 -9999.0 -9999.0 -9999.0 -9999.0 -9999.0
-9999.0 -9999.0 -9999.0 -9999.0 -9999.0 -9999.0 -9999.0 -9999.0 -9999.0 -9999.0 -9999.0 -9999.0 -9999.0 -9999.0 -9999.0 -9999.0 -9999.0 -9999.0 -9999.0 -9999.00 01.56 01.64 03.00 03.12 03.15 03.32 03.31 03.11 02.76 01.87 01.38 02.16 01.92 01.73 02.27 02.63 02.72 02.79 03.00 02.94 02.58 03.54 00.62 01.04 01.44 01.18 01.34 01.42 01.07 01.43 02.80 02.70 02.19 01.94 04.03 03.90 03.20 03.31 03.22 02.10 -9999.0 -9999.0 -9999.0 -9999.0 -9999.0 -9999.0 -9999.0 -9999.0
-9999.0 -9999.0 -9999.0 -9999.0 -9999.0 -9999.0 -9999.0 -9999.0 -9999.0 -9999.0 -9999.0 -9999.0 -9999.0 -9999.0 -9999.0 -9999.0 -9999.0 -9999.0 -9999.0 -9999.0 -9999.00 01.21 01.01 00.99 03.09 03.32 03.51 03.37 03.20 02.52 00.96 02.07 01.92 02.27 02.70 03.02 02.95 03.00 03.02 02.57 02.37 03.08 01.83 00.39 00.96 02.23 02.00 01.22 00.96 00.98 01.65 02.29 02.30 01.72 03.03 02.20 01.81 01.82 01.57 -9999.0 -9999.0 -9999.0 -9999.0 -9999.0 -9999.0 -9999.0 -9999.0 -9999.0
-9999.0 -9999.0 -9999.0 -9999.0 -9999.0 -9999.0 -9999.0 -9999.0 -9999.0 -9999.0 -9999.0 -9999.0 -9999.0 -9999.0 -9999.0 -9999.0 -9999.0 -9999.0 -9999.0 -9999.0 -9999.0 -9999.0 -9999.00 01.12 01.03 03.46 03.74 02.61 02.85 02.12 01.67 02.14 02.60 02.97 03.29 03.48 03.01 02.84 02.53 02.42 02.75 03.69 03.80 01.41 01.73 02.67 01.30 00.96 00.68 00.73 02.61 01.72 01.66 01.02 01.56 01.85 02.27 03.27 -9999.0 -9999.0 -9999.0 -9999.0 -9999.0 -9999.0 -9999.0 -9999.0 -9999.0 -9999.0
-9999.0 -9999.0 -9999.0 -9999.0 -9999.0 -9999.0 -9999.0 -9999.0 -9999.0 -9999.0 -9999.0 -9999.0 -9999.0 -9999.0 -9999.0 -9999.0 -9999.0 -9999.0 -9999.0 -9999.0 -9999.0 -9999.0 -9999.0 -9999.00 01.12 01.04 02.62 03.17 02.63 03.42 03.84 03.67 03.86 03.99 04.23 04.64 04.74 03.74 02.51 03.17 03.40 02.62 02.74 02.17 02.51 03.59 02.76 02.18 01.64 00.70 01.69 04.88 02.73 01.62 04.28 03.44 03.09 03.23 -9999.0 -9999.0 -9999.0 -9999.0 -9999.0 -9999.0 -9999.0 -9999.0 -9999.0 -9999.0
-9999.0 -9999.0 -9999.0 -9999.0 -9999.0 -9999.0 -9999.0 -9999.0 -9999.0 -9999.0 -9999.0 -9999.0 -9999.0 -9999.0 -9999.0 -9999.0 -9999.0 -9999.0 -9999.0 -9999.0 -9999.0 -9999.0 -9999.0 -9999.0 -9999.00 01.08 01.13 01.05 01.20 04.40 05.05 05.10 05.26 05.66 05.26 05.02 04.34 04.38 04.70 04.57 02.86 01.35 02.98 02.92 03.51 03.65 03.24 02.19 02.07 00.95 01.29 03.02 01.58 01.51 03.07 02.84 02.79 01.73 -9999.0 -9999.0 -9999.0 -9999.0 -9999.0 -9999.0 -9999.0 -9999.0 -9999.0 -9999.0
