tests/Case_5_ArrivalTime.asc
NCOLS 354
NROWS 235
XLLCORNER 2900300.000000
YLLCORNER 2159500.000000
CELLSIZE 100.000000
NODATA_VALUE -9999.0
[rows 120 to 149 of 235, columns 138 to 206 of 354]
01409.473 01242.568 00921.077 00652.251 00476.151 00409.092 00376.449 00377.424 00330.520 00266.490 00248.065 00245.740 00248.599 00254.301 00286.601 00283.841 00288.872 00293.950 00292.794 00304.585 00340.269 00361.546 00355.713 00353.533 00362.040 00417.472 00330.475 00124.759 00022.093 00018.933 00017.431 00016.139 00012.076 00008.464 00006.407 00000.000 00000.000 0.0 0.0 0.0 0.0 0.0 0.0 0.0 0.0 0.0 0.0 0.0 0.0 0.0 0.0 0.0 0.0 0.0 0.0 0.0 0.0 0.0 0.0 0.0 0.0 0.0 0.0 0.0 0.0 0.0 0.0 0.0 0.0
01380.254 01192.746 00962.696 00796.929 00650.529 00628.661 00562.610 00533.458 00369.869 00287.998 00280.844 00279.312 00282.112 00281.509 00304.881 00383.158 00367.402 00378.898 00397.654 00443.848 00493.102 00566.705 00613.973 00595.258 00583.691 00583.610 00592.843 00338.150 00150.293 00030.806 00027.709 00024.978 00019.964 00016.167 00014.709 00012.014 00008.510 00005.289 00000.000 0.0 0.0 0.0 0.0 0.0 0.0 0.0 0.0 0.0 0.0 0.0 0.0 0.0 0.0 0.0 0.0 0.0 0.0 0.0 0.0 0.0 0.0 0.0 0.0 0.0 0.0 0.0 0.0 0.0 0.0
01404.656 01248.437 01067.603 00921.321 00865.163 00878.127 00808.593 00666.247 00379.963 00319.866 00313.418 00338.621 00341.875 00328.115 00308.753 00314.860 00326.105 00385.209 00472.488 00506.892 00563.023 00700.340 00987.754 00948.951 00916.699 00899.819 00942.536 00570.537 00215.457 00149.781 00101.196 00089.005 00106.729 00032.189 00028.028 00080.964 00083.599 00083.962 00034.542 00102.414 00000.000 00000.000 0.0 0.0 0.0 0.0 0.0 0.0 0.0 0.0 0.0 0.0 0.0 0.0 0.0 0.0 0.0 0.0 0.0 0.0 0.0 0.0 0.0 0.0 0.0 0.0 0.0 0.0 0.0
01457.970 01363.111 01224.254 01083.885 01065.408 01062.921 01014.679 00742.392 00532.761 00414.604 00450.049 00566.612 00532.581 00478.327 00330.786 00324.826 00328.301 00360.731 00483.452 00568.025 00634.284 00786.515 01011.823 01246.315 01167.803 01146.668 01167.340 00860.088 00496.288 00380.075 00288.496 00275.894 00283.491 00243.303 00241.410 00227.395 00206.201 00185.888 00168.195 00192.734 00176.144 00141.523 00011.483 00000.000 00000.000 0.0 0.0 0.0 0.0 0.0 0.0 0.0 0.0 0.0 0.0 0.0 0.0 0.0 0.0 0.0 0.0 0.0 0.0 0.0 0.0 0.0 0.0 0.0 0.0
01553.073 01479.450 01381.061 01283.693 01226.498 01208.972 01164.740 01038.561 00857.411 00680.267 00706.284 00705.318 00740.984 00534.659 00355.553 00343.118 00343.193 00369.160 00475.625 00570.251 00615.806 00689.503 00866.987 01128.021 01394.449 01388.255 01405.302 01240.059 00977.200 00703.526 00551.304 00497.009 00510.627 00473.966 00454.709 00459.604 00411.123 00362.413 00335.045 00335.441 00347.273 00166.896 00093.567 00099.440 00272.560 00000.000 0.0 0.0 0.0 0.0 0.0 0.0 0.0 0.0 0.0 0.0 0.0 0.0 0.0 0.0 0.0 0.0 0.0 0.0 0.0 0.0 0.0 0.0 0.0
01598.801 01414.060 01258.357 01179.632 01118.348 01067.862 00971.673 00761.969 00671.627 00616.257 00578.222 00538.992 00498.079 00441.975 00386.026 00370.613 00365.444 00377.295 00407.240 00431.902 00446.518 00465.666 00559.338 00929.908 01192.803 01405.190 01567.794 01486.712 01343.035 01212.331 01039.118 00941.582 00978.561 00927.857 01248.498 01273.052 01275.048 01278.903 00406.019 00299.410 00223.867 00185.081 00168.118 00175.786 00300.773 00413.118 00000.000 0.0 0.0 0.0 0.0 0.0 0.0 0.0 0.0 0.0 0.0 0.0 0.0 0.0 0.0 0.0 0.0 0.0 0.0 0.0 0.0 0.0 0.0
01481.233 01398.807 01239.001 01170.108 01104.914 01032.124 00890.962 00733.286 00652.918 00600.491 00547.224 00512.834 00486.593 00445.504 00420.561 00399.676 00392.068 00401.128 00430.147 00450.167 00457.491 00470.730 00531.695 00981.158 01161.642 01342.933 01434.123 01475.823 01542.763 01443.252 01350.425 01301.927 01354.456 01386.405 01295.240 01356.218 01374.517 01339.023 01213.539 00318.777 00268.190 00244.760 00241.515 00247.927 00311.740 00469.069 00444.582 00000.000 00000.000 0.0 0.0 0.0 0.0 0.0 0.0 0.0 0.0 0.0 0.0 0.0 0.0 0.0 0.0 0.0 0.0 0.0 0.0 0.0 0.0
01370.680 01302.941 01232.032 01154.882 01069.942 00954.998 00815.498 00709.384 00639.560 00591.607 00544.743 00511.690 00488.327 00469.801 00450.474 00428.625 00418.850 00417.486 00430.794 00454.905 01141.835 01218.649 00981.276 01060.502 01130.149 01192.591 01237.639 01287.933 01341.947 01386.984 01430.374 01461.333 01489.270 01418.643 01379.086 01409.925 01456.876 01380.943 01276.872 00366.494 00313.291 00289.730 00282.253 00280.417 00347.512 00504.620 00379.734 00187.809 00121.733 00000.000 00000.000 0.0 0.0 0.0 0.0 0.0 0.0 0.0 0.0 0.0 0.0 0.0 0.0 0.0 0.0 0.0 0.0 0.0 0.0
01363.628 01303.820 01231.150 01159.349 01080.929 00959.043 00819.454 00722.308 00653.270 00603.582 00556.608 00518.306 00500.078 00491.815 00479.849 00458.879 00445.058 00439.408 00443.674 00469.400 00543.109 01237.543 01145.302 01140.984 01168.539 01199.198 01235.590 01276.353 01311.865 01347.568 01393.546 01435.260 01488.152 01454.799 01414.578 01451.556 01494.399 01414.243 01334.534 01247.616 00366.506 00336.112 00325.198 00319.126 00380.474 00542.525 00386.402 00199.494 00144.152 00122.519 00094.426 00026.711 00000.000 00000.000 00000.000 00000.000 00000.000 00000.000 0.0 0.0 0.0 0.0 0.0 0.0 0.0 0.0 0.0 0.0 0.0
01320.433 01280.135 01228.222 01168.529 01101.010 01017.825 00899.983 00782.404 00696.770 00625.278 00590.269 00559.761 00536.621 00529.977 00510.329 00489.786 00471.699 00462.373 00461.362 00486.855 01185.653 01311.361 01217.805 01201.234 01209.470 01229.403 01256.398 01284.826 01313.078 01339.754 01370.734 01410.209 01459.539 01487.412 01470.100 01494.018 01523.782 01451.061 01382.770 01315.879 01256.416 00400.796 00379.896 00370.832 00439.361 00581.377 00448.709 00232.642 00201.865 00174.813 00138.319 00121.580 00122.559 00135.134 00121.909 00123.039 00144.093 00104.825 00000.000 00000.000 0.0 0.0 0.0 0.0 0.0 0.0 0.0 0.0 0.0
01305.204 01268.286 01224.988 01187.716 01199.015 01169.495 01157.563 01143.274 01135.523 00666.722 00628.603 00608.660 00583.022 00571.914 00541.612 00519.563 00497.087 00485.137 00480.716 00493.854 01191.975 01288.664 01315.818 01307.076 01297.299 01306.239 01330.101 01333.714 01340.946 01359.855 01382.082 01409.153 01431.602 01461.395 01502.823 01539.706 01553.560 01498.050 01433.227 01377.469 01331.453 01289.560 01274.232 01260.476 00619.409 00895.536 00499.550 00273.943 00252.336 00220.064 00184.558 00167.104 00175.955 00189.438 00174.473 00169.704 00181.808 00153.349 00139.116 00177.123 00118.290 00000.000 00000.000 0.0 0.0 0.0 0.0 0.0 0.0
01308.661 01275.955 01244.294 01225.323 01306.169 01307.324 01284.534 01273.062 01142.337 00710.238 00665.242 00636.643 00620.080 00603.039 00573.296 00546.950 00523.061 00511.436 00504.971 00519.029 01142.824 01181.814 01245.672 01348.927 01460.154 01446.952 01474.716 01398.742 01383.958 01396.044 01411.135 01428.914 01448.425 01468.952 01496.948 01527.275 01565.435 01555.105 01493.859 01442.532 01388.312 01369.171 01353.164 01289.559 01095.524 01029.664 00560.787 00321.430 00297.153 00262.649 00230.892 00219.846 00234.028 00236.731 00225.273 00223.204 00228.364 00209.536 00197.052 00192.905 00155.381 00166.731 00225.877 00000.000 0.0 0.0 0.0 0.0 0.0
01348.567 01320.929 01308.198 01318.547 01395.284 01458.266 01424.519 01309.993 01173.812 00768.722 00724.985 00699.749 00678.955 00637.100 00608.913 00580.487 00556.080 00542.949 00538.391 00539.714 00568.979 00588.312 01180.115 01306.403 01430.900 01532.127 01583.920 01579.311 01564.053 01565.352 01587.479 01583.373 01610.856 01612.614 01641.252 01682.699 01708.408 01749.986 01661.688 01508.747 01451.518 01433.583 01397.053 01330.093 01298.692 01273.355 01238.308 00484.261 00422.168 00304.974 00274.629 00262.582 00268.345 00274.198 00315.411 00329.832 00327.615 00340.201 00332.845 00340.673 00331.536 00373.120 00398.433 00158.726 00000.000 0.0 0.0 0.0 0.0
01422.797 01396.135 01414.710 01444.339 01517.699 01493.297 01432.929 01311.502 01175.926 00923.640 00821.872 00784.935 00719.652 00671.910 00640.204 00610.844 00593.516 00576.157 00569.846 00568.696 00573.759 00583.003 01151.090 01257.101 01350.130 01440.935 01526.721 01672.424 01824.450 01825.285 01827.173 01856.347 01856.803 01897.995 01920.256 01979.042 -9999.0 -9999.0 01823.528 01564.528 01520.167 01493.120 01436.184 01386.363 01361.336 01337.439 01253.672 00837.189 00601.170 00350.819 00319.781 00303.936 00301.750 00304.612 00354.000 00486.990 00548.719 00562.628 00584.628 00621.581 00696.737 00909.311 00578.084 00240.653 00131.609 00095.862 00000.000 0.0 0.0
01523.701 01494.486 01516.542 01460.606 01391.349 01335.470 01293.085 01229.444 01148.888 01024.348 00970.085 00862.820 00766.767 00697.960 00656.733 00644.587 00639.757 00621.075 00606.045 00597.762 00599.614 00924.926 01198.732 01271.784 01339.818 01413.712 01507.212 01661.513 01883.218 -9999.0 01944.980 01955.084 01947.690 -9999.0 -9999.0 -9999.0 -9999.0 -9999.0 01883.043 01619.217 01585.918 01542.664 01486.512 01453.271 01432.426 01366.313 01297.996 01195.517 00898.091 01199.528 00371.644 00352.200 00342.258 00342.920 00394.771 00533.244 01037.412 01131.216 01208.255 01258.211 01276.745 01122.471 00674.339 00328.209 00179.188 00142.333 00106.111 00000.000 0.0
01651.192 01617.323 01517.857 01377.329 01291.204 01244.712 01193.914 01155.274 01118.866 01088.652 01021.787 00919.609 00812.506 00726.015 00688.772 00699.846 00721.599 00755.709 00741.024 00726.376 00808.120 00996.143 01194.083 01243.699 01313.652 01417.599 01517.340 01618.866 01720.310 01749.263 01738.639 01741.254 01761.990 01782.640 01809.202 -9999.0 -9999.0 -9999.0 01973.759 01683.443 01655.151 01607.383 01586.927 01559.141 01500.040 01425.391 01379.385 01276.309 01270.766 01305.173 01149.649 00437.372 00424.408 00428.390 00490.965 00663.465 01219.136 01553.988 01599.701 01613.640 01435.485 01084.580 00671.848 00352.884 00243.809 00220.902 00183.700 00243.603 00000.000
01788.500 01711.051 01533.141 01381.688 01288.956 01239.747 01198.166 01171.915 01152.414 01109.377 01054.136 01003.951 00956.636 00753.291 00741.722 00759.525 00807.364 00929.469 00935.173 00967.151 01017.083 01063.436 01195.261 01219.937 01242.610 01326.842 01406.216 01520.617 01628.757 01664.581 01676.995 01702.825 01725.782 01749.207 01775.508 01815.138 -9999.0 -9999.0 -9999.0 01752.432 01717.862 01688.473 01746.688 01631.355 01534.294 01464.609 01395.967 01361.621 01363.133 01359.733 01283.607 01236.608 01232.535 01252.318 01094.338 01157.777 01422.784 01647.453 01836.674 01713.641 01395.130 01077.533 00717.979 00477.484 00387.958 00364.789 00320.703 00308.625 00289.039
-9999.0 01761.760 01594.884 01429.864 01316.258 01265.755 01236.189 01269.770 01251.247 01145.002 01101.826 01078.272 01007.650 00962.289 00799.336 00815.822 00856.291 00930.681 01011.534 01053.966 01086.125 01104.675 01131.018 01156.119 01186.005 01247.061 01319.405 01425.416 01531.844 01585.917 01624.715 01658.879 01690.192 01730.639 01770.608 01817.618 -9999.0 -9999.0 -9999.0 01817.862 01762.024 01761.832 01805.885 01723.578 01616.329 01544.928 01495.931 01457.644 01465.103 01470.661 01416.391 01385.469 01406.045 01420.535 01553.205 01533.796 01620.549 01727.971 01922.701 01823.404 01516.879 01248.870 00935.015 00681.225 00548.703 00526.144 00508.586 00461.440 00466.719
-9999.0 01854.581 01653.726 01469.515 01345.942 01293.519 01282.613 01396.617 01318.509 01178.205 01144.535 01117.559 01070.362 01032.615 00973.335 00938.676 00897.834 00945.661 01020.331 01075.032 01119.257 01135.525 01139.421 01165.140 01211.116 01271.892 01318.912 01388.375 01479.197 01550.494 01590.767 01634.741 01679.306 01721.964 01767.276 01831.048 -9999.0 -9999.0 -9999.0 -9999.0 -9999.0 -9999.0 -9999.0 01861.029 01745.473 01683.033 01629.971 01595.113 01607.310 01609.719 01559.807 01537.988 01547.608 01546.541 01655.942 01814.969 01876.232 01964.508 -9999.0 -9999.0 01787.717 01552.777 01302.799 01067.127 00898.656 00812.237 00793.572 00700.624 00699.870
-9999.0 -9999.0 01680.395 01492.140 01379.835 01327.867 01322.125 01427.494 01323.893 01215.428 01188.169 01169.195 01151.290 01121.795 01084.526 01001.613 00952.914 00988.680 01036.456 01084.041 01140.540 01167.572 01169.400 01194.379 01250.463 01304.194 01351.411 01407.038 01488.119 01554.186 01597.862 01640.535 01684.105 01726.658 01774.888 -9999.0 -9999.0 -9999.0 -9999.0 -9999.0 -9999.0 -9999.0 -9999.0 -9999.0 -9999.0 01821.568 01757.140 01737.318 01756.724 01775.281 01720.520 01679.759 01659.920 01669.798 01751.802 01938.920 -9999.0 -9999.0 -9999.0 -9999.0 -9999.0 01902.424 01678.364 01476.831 01374.838 01228.736 01209.642 01202.453 00973.469
-9999.0 -9999.0 01757.276 01597.028 01505.108 01466.347 01461.963 01486.045 01372.988 01362.623 01380.437 01345.027 01212.893 01197.021 01135.244 01081.144 01042.505 01038.527 01055.012 01091.065 01150.874 01203.111 01208.075 01229.779 01276.172 01329.581 01395.078 01486.052 01552.988 01597.667 01628.597 01657.915 01713.085 01767.080 01825.021 -9999.0 -9999.0 -9999.0 -9999.0 -9999.0 -9999.0 -9999.0 -9999.0 -9999.0 -9999.0 -9999.0 -9999.0 -9999.0 -9999.0 -9999.0 -9999.0 01829.737 01787.145 01784.620 01893.354 -9999.0 -9999.0 -9999.0 -9999.0 -9999.0 -9999.0 -9999.0 -9999.0 01831.731 01729.050 01589.253 01563.478 01560.951 01202.059
-9999.0 -9999.0 -9999.0 01728.497 01643.664 01621.567 01624.419 01616.052 01529.492 01515.192 01539.305 01482.996 01278.384 01249.597 01184.318 01149.784 01120.290 01089.864 01079.592 01104.624 01147.148 01209.458 01250.437 01266.910 01304.913 01359.599 01409.621 01489.105 01585.661 01669.360 01674.663 01693.474 01743.867 01824.541 -9999.0 -9999.0 -9999.0 -9999.0 -9999.0 -9999.0 -9999.0 -9999.0 -9999.0 -9999.0 -9999.0 -9999.0 -9999.0 -9999.0 -9999.0 -9999.0 -9999.0 -9999.0 -9999.0 -9999.0 -9999.0 -9999.0 -9999.0 -9999.0 -9999.0 -9999.0 -9999.0 -9999.0 -9999.0 -9999.0 -9999.0 01883.478 01875.758 01774.740 01464.993
-9999.0 -9999.0 -9999.0 -9999.0 01832.803 01788.092 01788.584 01779.206 01692.278 01646.854 01654.877 01549.455 01426.950 01439.075 01244.028 01201.172 01159.905 01121.426 01114.394 01127.844 01154.788 01212.985 01274.646 01321.019 01440.699 01446.183 01479.249 01536.244 01641.476 01787.315 01844.818 01852.316 01920.455 -9999.0 -9999.0 -9999.0 -9999.0 -9999.0 -9999.0 -9999.0 -9999.0 -9999.0 -9999.0 -9999.0 -9999.0 -9999.0 -9999.0 -9999.0 -9999.0 -9999.0 -9999.0 -9999.0 -9999.0 -9999.0 -9999.0 -9999.0 -9999.0 -9999.0 -9999.0 -9999.0 -9999.0 -9999.0 -9999.0 -9999.0 -9999.0 -9999.0 -9999.0 -9999.0 01698.753
-9999.0 -9999.0 -9999.0 -9999.0 -9999.0 -9999.0 -9999.0 -9999.0 -9999.0 01867.803 01850.285 01692.186 01592.209 01480.383 01291.352 01229.356 01189.756 01163.153 01152.336 01157.933 01192.790 01211.020 01242.531 01272.481 01342.525 01488.516 01584.927 01627.313 01731.422 01902.310 -9999.0 -9999.0 -9999.0 -9999.0 -9999.0 -9999.0 -9999.0 -9999.0 -9999.0 -9999.0 -9999.0 -9999.0 -9999.0 -9999.0 -9999.0 -9999.0 -9999.0 -9999.0 -9999.0 -9999.0 -9999.0 -9999.0 -9999.0 -9999.0 -9999.0 -9999.0 -9999.0 -9999.0 -9999.0 -9999.0 -9999.0 -9999.0 -9999.0 -9999.0 -9999.0 -9999.0 -9999.0 -9999.0 01824.547
-9999.0 -9999.0 -9999.0 -9999.0 -9999.0 -9999.0 -9999.0 -9999.0 -9999.0 -9999.0 -9999.0 01963.523 01724.415 01503.391 01310.327 01249.241 01218.097 01202.109 01186.444 01201.646 01231.806 01236.650 01245.551 01265.312 01325.399 01455.796 01606.643 01737.847 01827.185 -9999.0 -9999.0 -9999.0 -9999.0 -9999.0 -9999.0 -9999.0 -9999.0 -9999.0 -9999.0 -9999.0 -9999.0 -9999.0 -9999.0 -9999.0 -9999.0 -9999.0 -9999.0 -9999.0 -9999.0 -9999.0 -9999.0 -9999.0 -9999.0 -9999.0 -9999.0 -9999.0 -9999.0 -9999.0 -9999.0 -9999.0 -9999.0 -9999.0 -9999.0 -9999.0 -9999.0 -9999.0 -9999.0 -9999.0 -9999.0
-9999.0 -9999.0 -9999.0 -9999.0 -9999.0 -9999.0 -9999.0 -9999.0 -9999.0 -9999.0 -9999.0 -9999.0 01778.876 01584.087 01451.848 01376.859 01322.428 01232.683 01226.694 01255.152 01269.093 01258.402 01259.998 01270.280 01350.927 01497.755 01623.856 01821.143 -9999.0 -9999.0 -9999.0 -9999.0 -9999.0 -9999.0 -9999.0 -9999.0 -9999.0 -9999.0 -9999.0 -9999.0 -9999.0 -9999.0 -9999.0 -9999.0 -9999.0 -9999.0 -9999.0 -9999.0 -9999.0 -9999.0 -9999.0 -9999.0 -9999.0 -9999.0 -9999.0 -9999.0 -9999.0 -9999.0 -9999.0 -9999.0 -9999.0 -9999.0 -9999.0 -9999.0 -9999.0 -9999.0 -9999.0 -9999.0 -9999.0
-9999.0 -9999.0 -9999.0 -9999.0 -9999.0 -9999.0 -9999.0 -9999.0 -9999.0 -9999.0 -9999.0 -9999.0 -9999.0 01713.375 01634.638 01469.761 01345.294 01263.301 01269.002 01308.090 01301.952 01285.610 01281.825 01288.479 01400.582 01601.360 01744.890 01917.476 -9999.0 -9999.0 -9999.0 -9999.0 -9999.0 -9999.0 -9999.0 -9999.0 -9999.0 -9999.0 -9999.0 -9999.0 -9999.0 -9999.0 -9999.0 -9999.0 -9999.0 -9999.0 -9999.0 -9999.0 -9999.0 -9999.0 -9999.0 -9999.0 -9999.0 -9999.0 -9999.0 -9999.0 -9999.0 -9999.0 -9999.0 -9999.0 -9999.0 -9999.0 -9999.0 -9999.0 -9999.0 -9999.0 -9999.0 -9999.0 -9999.0
-9999.0 -9999.0 -9999.0 -9999.0 -9999.0 -9999.0 -9999.0 -9999.0 -9999.0 -9999.0 -9999.0 -9999.0 -9999.0 -9999.0 01765.908 01545.043 01452.462 01387.958 01417.505 01360.276 01329.706 01316.341 01314.933 01328.226 01401.031 01514.416 01608.981 01700.335 01802.912 -9999.0 -9999.0 -9999.0 -9999.0 -9999.0 -9999.0 -9999.0 -9999.0 -9999.0 -9999.0 -9999.0 -9999.0 -9999.0 -9999.0 -9999.0 -9999.0 -9999.0 -9999.0 -9999.0 -9999.0 -9999.0 -9999.0 -9999.0 -9999.0 -9999.0 -9999.0 -9999.0 -9999.0 -9999.0 -9999.0 -9999.0 -9999.0 -9999.0 -9999.0 -9999.0 -9999.0 -9999.0 -9999.0 -9999.0 -9999.0
-9999.0 -9999.0 -9999.0 -9999.0 -9999.0 -9999.0 -9999.0 -9999.0 -9999.0 -9999.0 -9999.0 -9999.0 -9999.0 -9999.0 -9999.0 01821.784 01659.013 01579.176 01528.546 01389.087 01362.373 01359.908 01361.244 01376.879 01445.683 01544.358 01630.447 01714.854 01803.761 01963.585 -9999.0 -9999.0 -9999.0 -9999.0 -9999.0 -9999.0 -9999.0 -9999.0 -9999.0 -9999.0 -9999.0 -9999.0 -9999.0 -9999.0 -9999.0 -9999.0 -9999.0 -9999.0 -9999.0 -9999.0 -9999.0 -9999.0 -9999.0 -9999.0 -9999.0 -9999.0 -9999.0 -9999.0 -9999.0 -9999.0 -9999.0 -9999.0 -9999.0 -9999.0 -9999.0 -9999.0 -9999.0 -9999.0 -9999.0
-9999.0 -9999.0 -9999.0 -9999.0 -9999.0 -9999.0 -9999.0 -9999.0 -9999.0 -9999.0 -9999.0 -9999.0 -9999.0 -9999.0 -9999.0 -9999.0 01890.750 01707.112 01556.673 01428.545 01412.288 01420.278 01419.884 01438.531 01505.734 01599.491 01643.566 01685.638 01748.277 01866.575 -9999.0 -9999.0 -9999.0 -9999.0 -9999.0 -9999.0 -9999.0 -9999.0 -9999.0 -9999.0 -9999.0 -9999.0 -9999.0 -9999.0 -9999.0 -9999.0 -9999.0 -9999.0 -9999.0 -9999.0 -9999.0 -9999.0 -9999.0 -9999.0 -9999.0 -9999.0 -9999.0 -9999.0 -9999.0 -9999.0 -9999.0 -9999.0 -9999.0 -9999.0 -9999.0 -9999.0 -9999.0 -9999.0 -9999.0
