tests/Case_9_ArrivalTime.asc
NCOLS 226
NROWS 150
XLLCORNER 2938400.000000
YLLCORNER 2059400.000000
CELLSIZE 100.000000
NODATA_VALUE -9999.0
[rows 29 to 57 of 150, columns 67 to 133 of 226]
01837.535 01812.548 01781.010 01748.062 01721.507 01700.033 01680.120 01659.569 01636.687 01644.050 01636.383 01611.570 01580.685 01547.044 01543.110 01523.130 01523.258 01500.815 01474.042 01444.847 01415.290 01390.786 01362.398 01366.889 01385.829 01366.805 01371.065 01366.043 01370.122 01373.853 01381.321 01406.593 01429.802 01447.203 01546.676 01782.490 01971.471 01952.383 01916.052 01948.431 02038.461 02214.749 02455.964 02772.527 -9999.0 -9999.0 -9999.0 -9999.0 -9999.0 -9999.0 -9999.0 -9999.0 -9999.0 -9999.0 -9999.0 -9999.0 -9999.0 -9999.0 -9999.0 -9999.0 -9999.0 -9999.0 -9999.0 -9999.0 -9999.0 -9999.0 -9999.0
01833.190 01806.059 01766.479 01727.737 01697.396 01674.576 01651.257 01627.334 01598.717 01574.078 01570.295 01550.383 01529.072 01520.617 01534.502 01502.235 01475.688 01462.556 01443.288 01403.074 01357.900 01323.409 01278.536 01275.234 01305.166 01288.884 01295.139 01295.239 01293.246 01304.845 01316.513 01338.897 01362.071 01384.510 01491.511 01591.756 01582.756 01641.962 01666.858 01733.516 01850.226 02039.476 02383.124 02734.019 -9999.0 -9999.0 -9999.0 -9999.0 -9999.0 -9999.0 -9999.0 -9999.0 -9999.0 -9999.0 -9999.0 -9999.0 -9999.0 -9999.0 -9999.0 -9999.0 -9999.0 -9999.0 -9999.0 -9999.0 -9999.0 -9999.0 -9999.0
01836.631 01796.509 01760.133 01726.872 01725.338 01690.798 01677.566 01649.207 01566.947 01505.055 01498.351 01483.907 01469.296 01484.185 01494.337 01475.455 01426.347 01404.338 01401.572 01380.234 01335.744 01274.467 00513.110 00525.359 00554.799 00613.079 01122.554 01181.290 01217.462 01239.307 01262.465 01287.215 00000.000 01341.265 01376.994 01422.823 01464.304 01513.030 01572.751 01653.953 01793.478 01982.719 02562.208 02630.490 02773.801 02751.853 02787.696 -9999.0 -9999.0 -9999.0 -9999.0 -9999.0 -9999.0 -9999.0 -9999.0 -9999.0 -9999.0 -9999.0 -9999.0 -9999.0 -9999.0 -9999.0 -9999.0 -9999.0 -9999.0 -9999.0 -9999.0
01827.247 01791.347 01764.676 01742.118 01823.176 01834.344 01828.147 01675.645 01493.514 01455.162 01438.954 01420.557 01404.262 01422.520 01430.013 01426.084 01389.294 01356.341 01329.781 01346.567 01339.175 01303.943 00453.935 00475.169 00501.399 00535.956 00582.849 01088.207 01158.453 00000.000 00000.000 00000.000 00000.000 00000.000 01350.204 01401.699 01447.133 01497.344 01566.854 01657.283 01801.157 02005.785 01828.861 02567.705 02519.768 02539.030 02738.604 -9999.0 -9999.0 -9999.0 -9999.0 -9999.0 -9999.0 -9999.0 -9999.0 -9999.0 -9999.0 -9999.0 -9999.0 -9999.0 -9999.0 -9999.0 -9999.0 -9999.0 -9999.0 -9999.0 -9999.0
01819.219 01793.845 01775.491 01764.034 01965.845 01713.770 01539.276 01519.309 01494.077 01416.391 01389.498 01354.111 01319.124 01338.896 01365.491 01368.431 01346.776 01316.545 01246.574 00414.647 00401.713 00392.286 00408.115 00429.083 00457.669 00491.919 00524.577 00557.130 00032.034 00000.000 00000.000 00000.000 00000.000 00000.000 00000.000 00000.000 01384.718 01447.394 01477.582 01583.268 01682.390 01792.293 01752.599 01885.511 02087.250 02301.393 02752.185 -9999.0 -9999.0 -9999.0 -9999.0 -9999.0 -9999.0 -9999.0 -9999.0 -9999.0 -9999.0 -9999.0 -9999.0 -9999.0 -9999.0 -9999.0 -9999.0 -9999.0 -9999.0 -9999.0 -9999.0
01824.064 01810.101 01822.686 01850.083 01796.103 01635.731 01473.506 01433.782 01413.164 01396.016 01360.709 01301.739 00472.840 00455.092 01307.126 01306.413 01262.149 00400.994 00376.470 00354.097 00343.640 00346.443 00364.055 00388.082 00418.224 00450.850 00477.954 00504.013 00000.000 00000.000 00000.000 00000.000 00000.000 00000.000 00000.000 00000.000 01330.197 01363.572 01399.188 01447.412 01519.012 01599.705 01683.879 01743.715 01826.077 01933.753 02701.131 02801.722 02802.425 02860.191 -9999.0 -9999.0 -9999.0 -9999.0 -9999.0 -9999.0 -9999.0 -9999.0 -9999.0 -9999.0 -9999.0 -9999.0 -9999.0 -9999.0 -9999.0 -9999.0 -9999.0
01843.064 01839.496 02092.344 01999.570 01813.363 01658.897 01482.371 01428.119 01394.969 01350.038 01314.372 01286.428 00433.886 00406.040 00393.190 00378.724 00368.187 00348.288 00325.727 00310.571 00299.386 00304.052 00323.624 00351.044 00382.242 00408.466 00433.297 00034.511 00000.000 00000.000 00000.000 00000.000 00000.000 00000.000 00000.000 00000.000 01306.960 01341.516 01378.518 01437.992 01488.143 01516.771 01567.197 01636.212 01720.963 01821.349 01961.150 02661.431 02704.009 02803.789 -9999.0 -9999.0 -9999.0 -9999.0 -9999.0 -9999.0 -9999.0 -9999.0 -9999.0 -9999.0 -9999.0 -9999.0 -9999.0 -9999.0 -9999.0 -9999.0 -9999.0
01947.207 01980.429 02254.602 02090.578 01902.181 01737.386 01585.571 01498.278 01453.893 01403.485 01117.796 00539.632 01292.155 00387.520 00353.481 00335.450 00320.272 00303.875 00284.223 00267.213 00262.159 00262.978 00287.355 00316.264 00342.577 00367.221 00391.146 00000.000 00000.000 00000.000 00000.000 00000.000 00000.000 00000.000 00000.000 00000.000 01285.452 01320.329 01355.467 01389.348 01421.658 01452.495 01490.011 01572.226 01667.504 01780.796 01904.011 02243.144 02561.264 02686.468 02814.452 -9999.0 -9999.0 -9999.0 -9999.0 -9999.0 -9999.0 -9999.0 -9999.0 -9999.0 -9999.0 -9999.0 -9999.0 -9999.0 -9999.0 -9999.0 -9999.0
02205.642 02366.690 02450.443 02258.961 02078.837 01904.536 01740.909 01631.524 01515.355 01297.284 01174.727 00775.175 01318.348 00370.688 00331.230 00307.795 00287.795 00266.989 00245.502 00227.950 00224.837 00226.489 00253.239 00280.781 00302.972 00326.839 00000.000 00000.000 00000.000 00000.000 00000.000 00000.000 00000.000 00000.000 00000.000 00000.000 01271.396 01305.089 01337.577 01370.646 01403.113 01433.696 01472.560 01552.701 01646.185 01761.346 01874.580 02061.931 02436.858 02662.079 02814.524 -9999.0 -9999.0 -9999.0 -9999.0 -9999.0 -9999.0 -9999.0 -9999.0 -9999.0 -9999.0 -9999.0 -9999.0 -9999.0 -9999.0 -9999.0 -9999.0
02568.552 02688.162 02614.349 02486.741 02334.738 02116.568 01887.018 01722.300 01469.266 01303.493 01198.412 01121.187 01315.282 00363.622 00321.058 00290.421 00265.533 00240.521 00213.961 00190.486 00188.232 00193.541 00219.224 00244.379 00000.000 00000.000 00000.000 00000.000 00000.000 00000.000 00000.000 00000.000 00000.000 00000.000 00000.000 00000.000 01263.307 01296.008 01327.797 01359.096 01392.552 01425.586 01461.597 01552.920 01640.679 01737.198 01849.437 02051.151 02490.961 02753.741 02867.303 -9999.0 -9999.0 -9999.0 -9999.0 -9999.0 -9999.0 -9999.0 -9999.0 -9999.0 -9999.0 -9999.0 -9999.0 -9999.0 -9999.0 -9999.0 -9999.0
-9999.0 02871.269 02762.728 02675.782 02643.438 02689.991 02715.657 01730.079 01484.189 01363.584 01235.655 01259.495 01295.180 00364.865 00324.986 00287.114 00256.822 00220.320 00189.659 00164.483 00154.727 00160.330 00000.000 00000.000 00000.000 00000.000 00000.000 00000.000 00000.000 00000.000 00000.000 00000.000 00000.000 00000.000 00000.000 00000.000 01300.452 01301.847 01331.847 01410.746 01435.894 01482.878 01513.680 01601.327 01648.049 01738.627 01844.689 02594.822 02746.829 02863.239 -9999.0 -9999.0 -9999.0 -9999.0 -9999.0 -9999.0 -9999.0 -9999.0 -9999.0 -9999.0 -9999.0 -9999.0 -9999.0 -9999.0 -9999.0 -9999.0 -9999.0
-9999.0 -9999.0 -9999.0 02786.377 02731.899 02747.269 02742.025 01805.222 01573.306 01400.688 01350.658 -9999.0 01304.111 00357.563 00329.839 00308.119 00264.230 00212.440 00169.184 00143.671 00120.104 00124.074 00000.000 00000.000 00000.000 00000.000 00000.000 00000.000 00000.000 00000.000 00000.000 00000.000 00000.000 00000.000 00000.000 00000.000 01393.743 01404.866 01433.417 01515.889 01538.722 01590.049 01626.164 01709.918 01703.960 01766.265 01867.736 02616.665 02814.838 -9999.0 -9999.0 -9999.0 -9999.0 -9999.0 -9999.0 -9999.0 -9999.0 -9999.0 -9999.0 -9999.0 -9999.0 -9999.0 -9999.0 -9999.0 -9999.0 -9999.0 -9999.0
-9999.0 -9999.0 -9999.0 -9999.0 -9999.0 02869.124 02446.007 01918.727 01642.843 01471.877 01298.712 01029.315 00432.065 00394.538 00338.544 00309.398 00282.400 00277.662 00224.448 00191.917 00140.907 00108.092 00000.000 00000.000 00000.000 00000.000 00000.000 00000.000 00000.000 00000.000 00000.000 00000.000 00000.000 00000.000 00000.000 00000.000 00000.000 01481.629 01511.356 01577.025 01624.122 01676.232 01732.680 01846.682 01774.658 01825.532 01919.075 02688.845 02862.415 -9999.0 -9999.0 -9999.0 -9999.0 -9999.0 -9999.0 -9999.0 -9999.0 -9999.0 -9999.0 -9999.0 -9999.0 -9999.0 -9999.0 -9999.0 -9999.0 -9999.0 -9999.0
-9999.0 -9999.0 -9999.0 -9999.0 -9999.0 02877.278 02519.013 02091.390 01660.681 01413.402 01263.529 01044.687 00545.110 00388.463 00333.854 00311.729 00302.898 00397.839 00375.693 00293.189 00246.222 00166.150 00000.000 00000.000 00000.000 00000.000 00000.000 00000.000 00000.000 00000.000 00000.000 00000.000 00000.000 00000.000 00000.000 00000.000 00000.000 01551.446 01579.628 01632.621 01710.115 01784.939 01886.525 01931.114 01859.225 01904.267 02594.459 02704.589 02837.612 -9999.0 -9999.0 -9999.0 -9999.0 -9999.0 -9999.0 -9999.0 -9999.0 -9999.0 -9999.0 -9999.0 -9999.0 -9999.0 -9999.0 -9999.0 -9999.0 -9999.0 -9999.0
-9999.0 -9999.0 -9999.0 -9999.0 -9999.0 02859.605 02484.980 02001.656 01634.453 01424.600 01301.230 01206.308 00596.304 00406.642 00333.323 00323.951 00318.404 00419.313 00509.231 00384.454 00290.931 00236.498 00000.000 00000.000 00000.000 00000.000 00000.000 00000.000 00000.000 00000.000 00000.000 00000.000 00000.000 00000.000 00000.000 00000.000 00000.000 00000.000 01656.898 01729.309 01853.312 01969.978 02013.931 02112.831 02577.888 02585.158 02646.130 02732.234 02826.098 -9999.0 -9999.0 -9999.0 -9999.0 -9999.0 -9999.0 -9999.0 -9999.0 -9999.0 -9999.0 -9999.0 -9999.0 -9999.0 -9999.0 -9999.0 -9999.0 -9999.0 -9999.0
-9999.0 -9999.0 -9999.0 -9999.0 -9999.0 02842.258 02418.658 01950.611 01646.290 01483.080 01392.777 01300.387 00622.490 00429.496 00360.981 00347.029 00357.116 00463.833 00608.265 00498.902 00356.824 00305.843 00000.000 00000.000 00000.000 00000.000 00000.000 00000.000 00000.000 00000.000 00000.000 00000.000 00000.000 00000.000 00000.000 00000.000 00000.000 00000.000 01785.335 01804.926 01848.435 01892.862 01944.745 01995.285 02563.695 02656.438 02704.257 02778.763 02865.288 -9999.0 -9999.0 -9999.0 -9999.0 -9999.0 -9999.0 -9999.0 -9999.0 -9999.0 -9999.0 -9999.0 -9999.0 -9999.0 -9999.0 -9999.0 -9999.0 -9999.0 -9999.0
-9999.0 -9999.0 -9999.0 -9999.0 -9999.0 02853.036 02428.692 01964.929 01690.351 01558.706 01473.825 01320.791 00618.958 00489.693 00427.915 00442.559 00459.838 00552.402 01185.338 00554.251 00427.508 00375.993 00000.000 00000.000 00000.000 00000.000 00000.000 00000.000 00000.000 00000.000 00000.000 00000.000 00000.000 00000.000 00000.000 00000.000 00000.000 00000.000 01848.119 01834.317 01861.727 01898.531 01936.068 01963.538 02548.228 02680.635 02780.802 02839.028 -9999.0 -9999.0 -9999.0 -9999.0 -9999.0 -9999.0 -9999.0 -9999.0 -9999.0 -9999.0 -9999.0 -9999.0 -9999.0 -9999.0 -9999.0 -9999.0 -9999.0 -9999.0 -9999.0
-9999.0 -9999.0 -9999.0 -9999.0 -9999.0 -9999.0 02510.824 02029.706 01751.544 01642.632 01564.380 01337.103 01179.038 00544.320 00493.479 00531.294 00575.236 01158.469 01210.184 01177.265 00495.266 00440.885 00000.000 00000.000 00000.000 00000.000 00000.000 00000.000 00000.000 00000.000 00000.000 00000.000 00000.000 00000.000 00000.000 00000.000 00000.000 00000.000 01864.124 01861.932 01882.798 01914.348 01943.384 01958.024 01973.877 02647.691 02770.794 02873.769 -9999.0 -9999.0 -9999.0 -9999.0 -9999.0 -9999.0 -9999.0 -9999.0 -9999.0 -9999.0 -9999.0 -9999.0 -9999.0 -9999.0 -9999.0 -9999.0 -9999.0 -9999.0 -9999.0
-9999.0 -9999.0 -9999.0 -9999.0 -9999.0 02868.374 02539.665 02111.142 01835.490 01731.851 01584.824 01390.277 01276.900 01168.895 00576.784 00642.280 01203.572 01248.264 01276.523 01270.737 00578.767 00509.585 00000.000 00000.000 00000.000 00000.000 00000.000 00000.000 00000.000 00000.000 00000.000 00000.000 00000.000 00000.000 00000.000 0.0 00000.000 01887.280 01879.332 01889.422 01906.475 01927.925 01945.516 01964.069 02603.140 02645.043 02730.698 02823.192 -9999.0 -9999.0 -9999.0 -9999.0 -9999.0 -9999.0 -9999.0 -9999.0 -9999.0 -9999.0 -9999.0 -9999.0 -9999.0 -9999.0 -9999.0 -9999.0 -9999.0 -9999.0 -9999.0
-9999.0 -9999.0 -9999.0 -9999.0 -9999.0 02858.177 02589.135 02206.117 01914.480 01759.815 01612.353 01473.727 01380.029 01266.681 01205.359 01156.991 01274.206 01328.022 01344.653 01366.303 01237.731 01186.563 00000.000 00000.000 00000.000 00000.000 00000.000 00000.000 00000.000 00000.000 00000.000 00000.000 00000.000 00000.000 00000.000 00000.000 00000.000 01907.562 01910.103 01925.156 01934.696 01948.185 01950.671 01961.716 02601.795 02668.018 02732.386 02814.193 -9999.0 -9999.0 -9999.0 -9999.0 -9999.0 -9999.0 -9999.0 -9999.0 -9999.0 -9999.0 -9999.0 -9999.0 -9999.0 -9999.0 -9999.0 -9999.0 -9999.0 -9999.0 -9999.0
-9999.0 -9999.0 -9999.0 -9999.0 -9999.0 -9999.0 02692.856 02435.619 02001.576 01769.576 01633.361 01533.129 01472.910 01365.696 01279.567 01249.713 01337.231 01399.313 01408.136 01415.957 01332.187 01273.787 00000.000 00000.000 00000.000 00000.000 00000.000 00000.000 00000.000 00000.000 00000.000 0.0 00000.000 00000.000 00000.000 00000.000 01883.095 01926.482 01944.220 01962.365 01958.089 01960.295 02615.774 02605.510 02645.760 02718.711 02774.253 02845.918 -9999.0 -9999.0 -9999.0 -9999.0 -9999.0 -9999.0 -9999.0 -9999.0 -9999.0 -9999.0 -9999.0 -9999.0 -9999.0 -9999.0 -9999.0 -9999.0 -9999.0 -9999.0 -9999.0
-9999.0 -9999.0 -9999.0 -9999.0 -9999.0 -9999.0 02842.426 02610.947 02097.948 01830.441 01688.690 01591.864 01544.261 01451.729 01348.461 01329.674 01391.133 01457.083 01464.201 01466.617 01412.142 01350.227 00000.000 00000.000 00000.000 00000.000 00000.000 00000.000 00000.000 00000.000 00000.000 00000.000 00000.000 00033.016 00034.347 01858.669 01909.355 01942.410 01976.597 01983.931 01974.381 01971.899 02600.517 02673.121 02732.023 02814.389 02864.696 -9999.0 -9999.0 -9999.0 -9999.0 -9999.0 -9999.0 -9999.0 -9999.0 -9999.0 -9999.0 -9999.0 -9999.0 -9999.0 -9999.0 -9999.0 -9999.0 -9999.0 -9999.0 -9999.0 -9999.0
-9999.0 -9999.0 -9999.0 -9999.0 -9999.0 -9999.0 -9999.0 02830.341 02517.876 01984.852 01794.519 01661.612 01585.758 01511.038 01414.759 01402.503 01449.612 01509.132 01514.154 01500.091 01458.762 01414.092 01401.313 00000.000 00000.000 00000.000 00000.000 00000.000 00000.000 00000.000 00000.000 00000.000 01764.740 01790.745 01833.528 01871.389 01889.235 01902.714 01917.891 01932.763 01947.467 01968.760 02602.291 02706.871 02801.720 -9999.0 -9999.0 -9999.0 -9999.0 -9999.0 -9999.0 -9999.0 -9999.0 -9999.0 -9999.0 -9999.0 -9999.0 -9999.0 -9999.0 -9999.0 -9999.0 -9999.0 -9999.0 -9999.0 -9999.0 -9999.0 -9999.0
-9999.0 -9999.0 -9999.0 -9999.0 -9999.0 -9999.0 -9999.0 -9999.0 02778.313 02467.896 01983.481 01783.396 01673.183 01578.215 01478.098 01464.720 01503.041 01544.033 01562.720 01523.710 01480.562 01450.035 01451.413 00000.000 00000.000 00000.000 00000.000 00000.000 00000.000 00000.000 00000.000 00000.000 01740.741 01779.567 01805.099 01826.565 01842.872 01861.112 01880.640 01898.912 01917.989 01940.956 02615.324 02714.190 02829.142 -9999.0 -9999.0 -9999.0 -9999.0 -9999.0 -9999.0 -9999.0 -9999.0 -9999.0 -9999.0 -9999.0 -9999.0 -9999.0 -9999.0 -9999.0 -9999.0 -9999.0 -9999.0 -9999.0 -9999.0 -9999.0 -9999.0
-9999.0 -9999.0 -9999.0 -9999.0 -9999.0 -9999.0 -9999.0 -9999.0 -9999.0 02757.317 02653.207 01972.933 01818.087 01699.669 01570.969 01528.040 01557.318 01586.217 01642.140 01564.002 01533.497 01511.949 01531.545 01554.445 00025.044 00000.000 00000.000 00000.000 00000.000 00000.000 00000.000 00021.854 01716.683 01744.628 01770.121 01792.370 01811.581 01833.093 01856.187 01878.479 01899.151 01922.841 02599.826 02728.744 02827.808 -9999.0 -9999.0 -9999.0 -9999.0 -9999.0 -9999.0 -9999.0 -9999.0 -9999.0 -9999.0 -9999.0 -9999.0 -9999.0 -9999.0 -9999.0 -9999.0 -9999.0 -9999.0 -9999.0 -9999.0 -9999.0 -9999.0
-9999.0 -9999.0 -9999.0 -9999.0 -9999.0 -9999.0 -9999.0 -9999.0 -9999.0 -9999.0 02871.345 02676.859 02059.926 01890.581 01721.100 01639.594 01644.352 01648.105 01682.540 01638.833 01627.090 01649.375 01647.985 01632.306 01620.825 00028.260 00000.000 00000.000 00000.000 00000.000 00011.349 00022.949 01704.077 01727.801 01751.898 01774.650 01793.765 01815.102 01838.342 01860.496 01882.658 01910.454 02578.028 02710.752 02814.834 -9999.0 -9999.0 -9999.0 -9999.0 -9999.0 -9999.0 -9999.0 -9999.0 -9999.0 -9999.0 -9999.0 -9999.0 -9999.0 -9999.0 -9999.0 -9999.0 -9999.0 -9999.0 -9999.0 -9999.0 -9999.0 -9999.0
-9999.0 -9999.0 -9999.0 -9999.0 -9999.0 -9999.0 -9999.0 -9999.0 -9999.0 -9999.0 -9999.0 -9999.0 02754.455 02594.607 01931.026 01811.472 01809.734 01729.164 01744.758 01729.576 01751.999 01773.958 01751.389 01701.070 01674.443 01664.847 01654.625 01664.689 01668.581 00015.580 00017.250 00026.528 01696.591 01718.398 01741.478 01764.758 01785.136 01807.063 01827.877 01854.165 01879.559 01908.529 02607.618 02735.326 02830.756 -9999.0 -9999.0 -9999.0 -9999.0 -9999.0 -9999.0 -9999.0 -9999.0 -9999.0 -9999.0 -9999.0 -9999.0 -9999.0 -9999.0 -9999.0 -9999.0 -9999.0 -9999.0 -9999.0 -9999.0 -9999.0 -9999.0
-9999.0 -9999.0 -9999.0 -9999.0 -9999.0 -9999.0 -9999.0 -9999.0 -9999.0 -9999.0 -9999.0 -9999.0 -9999.0 02835.124 02632.834 02037.889 02029.783 01859.546 01883.195 01852.000 01876.899 02640.948 01814.415 01733.468 01711.277 01701.065 01699.588 01698.259 01691.087 00024.841 00023.219 00032.731 01701.206 01729.336 01764.152 01792.430 01807.896 01839.427 01839.381 01902.239 02606.444 02595.144 02646.412 02764.084 02857.109 -9999.0 -9999.0 -9999.0 -9999.0 -9999.0 -9999.0 -9999.0 -9999.0 -9999.0 -9999.0 -9999.0 -9999.0 -9999.0 -9999.0 -9999.0 -9999.0 -9999.0 -9999.0 -9999.0 -9999.0 -9999.0 -9999.0
-9999.0 -9999.0 -9999.0 -9999.0 -9999.0 -9999.0 -9999.0 -9999.0 -9999.0 -9999.0 -9999.0 -9999.0 -9999.0 -9999.0 02868.036 02875.055 02780.432 02752.118 02731.040 02724.763 02751.046 02704.032 01824.317 01758.995 01731.961 01720.664 01724.464 01705.314 01692.154 00034.353 00034.287 01687.353 01744.193 01794.543 01846.382 02568.886 02621.554 02642.080 02662.229 02724.000 02718.362 02711.267 02742.094 02830.468 -9999.0 -9999.0 -9999.0 -9999.0 -9999.0 -9999.0 -9999.0 -9999.0 -9999.0 -9999.0 -9999.0 -9999.0 -9999.0 -9999.0 -9999.0 -9999.0 -9999.0 -9999.0 -9999.0 -9999.0 -9999.0 -9999.0 -9999.0
