tests/Case_5_SpreadDirection.asc
NCOLS 354
NROWS 235
XLLCORNER 2900300.000000
YLLCORNER 2159500.000000
CELLSIZE 100.000000
NODATA_VALUE -9999.0
[rows 180 to 215 of 235, columns 240 to 319 of 354]
-9999 -9999 -9999 -9999 -9999 -9999 -9999 -9999 -9999 -9999 213 266 277 272 275 277 198 204 218 230 174 206 222 183 145 122 104 -9999 -9999 -9999 354 005 -9999 -9999 -9999 282 268 233 209 197 194 178 181 167 144 146 140 080 080 001 354 034 035 063 061 070 066 066 064 065 056 075 079 079 -9999 -9999 -9999 -9999 -9999 -9999 -9999 -9999 -9999 -9999 -9999 -9999 -9999 -9999 -9999 -9999
-9999 -9999 -9999 -9999 -9999 -9999 -9999 -9999 -9999 -9999 257 260 245 252 241 233 185 215 217 233 147 229 193 154 151 104 084 -9999 -9999 -9999 326 003 -9999 -9999 -9999 253 235 233 209 201 185 182 175 175 174 157 145 093 013 010 012 049 055 076 078 075 075 074 074 075 076 077 094 094 -9999 -9999 -9999 -9999 -9999 -9999 -9999 -9999 -9999 -9999 -9999 -9999 -9999 -9999 -9999 -9999
-9999 -9999 -9999 -9999 -9999 -9999 -9999 -9999 -9999 -9999 -9999 230 218 209 203 191 247 251 300 265 209 210 193 181 147 157 131 -9999 -9999 -9999 327 292 278 321 297 224 212 195 192 194 174 176 160 177 177 172 146 144 117 086 062 215 078 078 080 076 075 087 088 088 094 130 -9999 -9999 -9999 -9999 -9999 -9999 -9999 -9999 -9999 -9999 -9999 -9999 -9999 -9999 -9999 -9999 -9999 -9999
-9999 -9999 -9999 -9999 -9999 -9999 -9999 -9999 -9999 -9999 -9999 228 219 207 253 218 245 251 210 134 195 185 193 156 138 132 132 -9999 -9999 -9999 329 336 318 264 236 187 249 196 196 199 187 174 152 166 168 172 150 127 119 067 053 094 089 087 074 069 069 068 066 065 090 088 -9999 -9999 -9999 -9999 -9999 -9999 -9999 -9999 -9999 -9999 -9999 -9999 -9999 -9999 -9999 -9999 -9999 -9999
-9999 -9999 -9999 -9999 -9999 -9999 -9999 -9999 -9999 -9999 -9999 -9999 308 323 227 213 250 239 227 174 196 185 148 161 353 005 019 -9999 -9999 -9999 339 330 333 273 239 228 233 231 197 182 186 173 047 027 043 162 124 123 115 110 103 080 083 075 074 075 075 076 076 076 086 087 -9999 -9999 -9999 -9999 -9999 -9999 -9999 -9999 -9999 -9999 -9999 -9999 -9999 -9999 -9999 -9999 -9999 -9999
-9999 -9999 -9999 -9999 -9999 -9999 -9999 -9999 -9999 -9999 -9999 321 312 326 012 319 226 217 195 187 343 194 287 284 334 017 038 -9999 -9999 -9999 295 316 305 302 314 298 272 138 098 182 182 193 161 124 121 113 101 101 107 119 105 098 095 102 083 094 094 094 095 096 095 095 -9999 -9999 -9999 -9999 -9999 -9999 -9999 -9999 -9999 -9999 -9999 -9999 -9999 -9999 -9999 -9999 -9999 -9999
-9999 -9999 -9999 -9999 -9999 -9999 -9999 -9999 -9999 355 358 293 304 321 332 347 015 316 329 348 303 311 325 279 294 014 038 -9999 -9999 -9999 300 304 297 246 265 264 222 149 092 066 137 207 197 171 139 134 108 091 087 084 079 089 097 095 082 091 106 112 121 133 078 083 -9999 -9999 -9999 -9999 -9999 -9999 -9999 -9999 -9999 -9999 -9999 -9999 -9999 -9999 -9999 -9999 -9999 -9999
-9999 -9999 -9999 -9999 -9999 -9999 -9999 -9999 302 346 354 319 324 324 290 317 346 267 267 261 262 245 249 239 246 256 311 284 277 262 261 277 253 281 261 226 213 150 133 080 069 238 198 154 171 153 136 124 123 028 041 060 088 076 066 057 040 171 165 162 159 124 -9999 -9999 -9999 -9999 -9999 -9999 -9999 -9999 -9999 -9999 -9999 -9999 -9999 -9999 -9999 -9999 -9999 -9999
-9999 -9999 -9999 -9999 -9999 -9999 -9999 -9999 294 313 345 335 311 303 313 264 260 289 231 234 234 226 217 214 218 239 274 282 272 255 260 264 267 272 261 226 213 152 126 119 081 068 190 169 160 145 141 136 125 113 109 112 083 016 054 057 056 059 065 066 064 -9999 -9999 -9999 -9999 -9999 -9999 -9999 -9999 -9999 -9999 -9999 -9999 -9999 -9999 -9999 -9999 -9999 -9999 -9999
-9999 -9999 -9999 -9999 -9999 -9999 -9999 287 279 300 357 318 306 292 248 230 228 223 213 231 229 224 216 214 289 344 286 281 260 240 225 194 227 213 227 239 218 155 120 118 088 077 075 062 169 163 158 164 106 086 085 066 079 038 044 073 068 044 086 092 042 078 -9999 -9999 -9999 -9999 -9999 -9999 -9999 -9999 -9999 -9999 -9999 -9999 -9999 -9999 -9999 -9999 -9999 -9999
-9999 -9999 -9999 -9999 -9999 -9999 -9999 278 282 284 335 312 269 219 216 224 197 196 209 222 194 155 -9999 -9999 -9999 289 279 267 259 241 225 197 213 200 209 146 183 184 176 142 107 090 077 073 065 070 170 182 168 129 125 111 093 089 078 071 058 072 055 079 059 082 -9999 -9999 -9999 -9999 -9999 -9999 -9999 -9999 -9999 -9999 -9999 -9999 -9999 -9999 -9999 -9999 -9999 -9999
-9999 -9999 -9999 -9999 -9999 -9999 -9999 250 256 268 238 231 219 214 190 193 211 211 194 191 187 178 -9999 -9999 -9999 272 271 265 251 239 234 198 171 203 179 106 195 213 201 163 112 154 127 109 101 095 090 183 172 154 153 145 142 073 124 105 023 055 079 056 078 094 -9999 -9999 -9999 -9999 -9999 -9999 -9999 -9999 -9999 -9999 -9999 -9999 -9999 -9999 -9999 -9999 -9999 -9999
-9999 -9999 -9999 -9999 -9999 -9999 308 309 276 289 252 256 198 198 205 196 149 -9999 -9999 -9999 320 351 323 294 273 265 257 262 243 238 231 202 176 198 168 155 237 200 185 190 189 178 123 118 094 085 115 020 028 174 159 151 154 159 138 140 127 089 079 077 076 046 032 -9999 -9999 -9999 -9999 -9999 -9999 -9999 -9999 -9999 -9999 -9999 -9999 -9999 -9999 -9999 -9999 -9999
-9999 -9999 -9999 -9999 -9999 -9999 304 312 345 265 238 189 193 212 184 166 139 -9999 -9999 -9999 305 303 305 300 277 254 251 244 243 232 226 170 100 104 168 153 144 208 186 208 194 254 155 121 130 095 067 062 060 058 059 060 059 036 014 005 065 092 085 028 059 047 024 356 022 005 023 -9999 -9999 -9999 -9999 -9999 -9999 -9999 -9999 -9999 -9999 -9999 -9999 -9999
-9999 321 351 350 331 319 315 355 250 229 202 193 183 177 164 160 145 -9999 -9999 -9999 308 296 297 281 269 256 251 249 216 220 195 141 127 100 168 153 156 232 217 210 252 239 206 160 120 117 097 069 080 073 061 061 060 073 075 071 035 048 024 044 029 023 021 002 018 036 025 056 -9999 -9999 -9999 -9999 -9999 -9999 -9999 -9999 -9999 -9999 -9999 -9999
316 304 331 334 328 312 319 223 203 247 199 219 201 176 138 -9999 -9999 297 293 305 261 287 284 277 266 256 250 233 231 201 147 168 133 118 116 182 167 211 262 236 236 214 196 169 135 184 139 179 124 165 168 138 128 089 080 070 072 065 061 061 044 045 059 055 064 074 075 102 -9999 -9999 -9999 -9999 -9999 -9999 -9999 -9999 -9999 -9999 -9999 -9999
259 300 333 328 350 333 278 201 202 205 214 219 198 160 126 -9999 -9999 256 247 256 259 256 274 269 264 253 234 227 210 132 130 140 157 125 120 121 169 234 240 232 220 212 189 217 160 181 154 177 156 167 155 202 183 161 136 113 123 080 066 060 111 080 102 123 074 105 087 096 -9999 -9999 -9999 -9999 -9999 -9999 -9999 -9999 -9999 -9999 -9999 -9999
268 267 299 254 233 221 196 191 172 208 205 213 181 163 156 -9999 -9999 248 240 212 236 251 262 265 256 191 212 211 172 173 108 101 103 154 154 124 116 240 227 219 209 183 188 216 194 176 157 178 163 166 156 205 182 183 183 183 129 137 154 135 135 151 148 149 163 133 132 107 -9999 -9999 -9999 -9999 -9999 -9999 -9999 -9999 -9999 -9999 -9999 -9999
263 259 243 213 208 208 197 167 190 191 205 193 185 165 143 -9999 -9999 240 238 239 255 250 246 205 162 188 203 197 174 149 111 105 105 113 115 158 127 115 213 221 205 181 186 214 195 178 177 161 159 153 165 205 184 183 176 209 145 108 160 158 136 148 152 189 164 177 141 -9999 -9999 -9999 -9999 -9999 -9999 -9999 -9999 -9999 -9999 -9999 -9999 -9999
258 266 246 212 193 196 196 194 186 193 175 193 184 157 134 -9999 -9999 240 236 248 248 243 227 205 177 121 221 195 181 160 130 109 121 124 129 130 119 -9999 211 212 204 182 184 212 194 182 176 166 173 152 153 166 186 184 256 200 166 116 155 152 149 149 151 150 -9999 -9999 -9999 -9999 -9999 -9999 -9999 -9999 -9999 -9999 -9999 -9999 -9999 -9999 -9999 -9999
318 261 264 181 184 189 201 188 189 182 -9999 -9999 189 127 312 297 286 240 252 248 245 243 225 107 157 127 209 177 177 182 138 125 122 116 118 118 130 -9999 -9999 -9999 203 184 179 213 193 182 176 178 166 159 151 152 186 182 234 209 161 159 121 118 150 148 -9999 -9999 -9999 -9999 -9999 -9999 -9999 -9999 -9999 -9999 -9999 -9999 -9999 -9999 -9999 -9999 -9999 -9999
295 310 218 182 175 164 181 186 178 161 -9999 -9999 303 299 303 276 261 279 257 251 246 224 213 118 095 113 210 179 176 177 166 139 131 132 129 129 -9999 -9999 -9999 -9999 -9999 -9999 -9999 -9999 187 183 182 178 166 175 162 -9999 -9999 -9999 233 208 187 167 159 126 -9999 -9999 -9999 -9999 -9999 -9999 -9999 -9999 -9999 -9999 -9999 -9999 -9999 -9999 -9999 -9999 -9999 -9999 -9999 -9999
244 223 207 187 176 -9999 -9999 179 177 103 292 287 288 284 283 235 285 272 273 252 248 226 221 158 108 093 078 177 174 169 166 159 139 138 138 -9999 -9999 -9999 -9999 -9999 -9999 -9999 -9999 -9999 -9999 -9999 -9999 -9999 -9999 -9999 -9999 -9999 -9999 -9999 -9999 206 186 168 162 -9999 -9999 -9999 -9999 -9999 -9999 -9999 -9999 -9999 -9999 -9999 -9999 -9999 -9999 -9999 -9999 -9999 -9999 -9999 -9999 -9999
239 224 205 191 158 -9999 -9999 197 204 206 287 283 280 281 287 279 286 276 268 259 254 226 209 155 134 081 079 074 174 169 166 152 153 137 -9999 -9999 -9999 -9999 -9999 -9999 -9999 -9999 -9999 -9999 -9999 -9999 -9999 -9999 -9999 -9999 -9999 -9999 -9999 -9999 -9999 -9999 -9999 -9999 -9999 -9999 -9999 -9999 -9999 -9999 -9999 -9999 -9999 -9999 -9999 -9999 -9999 -9999 -9999 -9999 -9999 -9999 -9999 -9999 -9999 -9999
-9999 198 188 169 174 -9999 -9999 216 218 279 267 265 269 264 272 271 275 268 261 265 204 234 200 179 133 100 098 090 088 170 167 164 -9999 -9999 -9999 -9999 -9999 -9999 -9999 -9999 -9999 -9999 -9999 -9999 -9999 -9999 -9999 -9999 -9999 -9999 -9999 -9999 -9999 -9999 -9999 -9999 -9999 -9999 -9999 -9999 -9999 -9999 -9999 -9999 -9999 -9999 -9999 -9999 -9999 -9999 -9999 -9999 -9999 -9999 -9999 -9999 -9999 -9999 -9999 -9999
-9999 303 204 141 083 288 286 241 291 276 268 267 266 251 252 260 269 255 264 242 185 232 181 162 154 115 108 106 105 -9999 -9999 -9999 -9999 -9999 -9999 -9999 -9999 -9999 -9999 -9999 -9999 -9999 -9999 -9999 -9999 -9999 -9999 -9999 -9999 -9999 -9999 -9999 -9999 -9999 -9999 -9999 -9999 -9999 -9999 -9999 -9999 -9999 -9999 -9999 -9999 -9999 -9999 -9999 -9999 -9999 -9999 -9999 -9999 -9999 -9999 -9999 -9999 -9999 -9999 -9999
290 278 223 152 149 278 255 284 283 285 279 255 243 247 254 261 256 259 210 223 173 204 181 157 155 124 107 101 096 -9999 -9999 -9999 -9999 -9999 -9999 -9999 -9999 -9999 -9999 -9999 -9999 -9999 -9999 -9999 -9999 -9999 -9999 -9999 -9999 -9999 -9999 -9999 -9999 -9999 -9999 -9999 -9999 -9999 -9999 -9999 -9999 -9999 -9999 -9999 -9999 -9999 -9999 -9999 -9999 -9999 -9999 -9999 -9999 -9999 -9999 -9999 -9999 -9999 -9999 -9999
284 266 230 201 277 284 273 276 277 263 268 235 243 255 253 223 220 179 208 199 174 199 177 163 169 165 130 119 113 -9999 -9999 -9999 -9999 -9999 -9999 -9999 -9999 -9999 -9999 -9999 -9999 -9999 -9999 -9999 -9999 -9999 -9999 -9999 -9999 -9999 -9999 -9999 -9999 -9999 -9999 -9999 -9999 -9999 -9999 -9999 -9999 -9999 -9999 -9999 -9999 -9999 -9999 -9999 -9999 -9999 -9999 -9999 -9999 -9999 -9999 -9999 -9999 -9999 -9999 -9999
259 239 237 196 298 278 278 257 222 230 207 191 220 236 203 214 194 130 171 156 176 187 179 164 164 164 161 132 -9999 -9999 -9999 -9999 -9999 -9999 -9999 -9999 -9999 -9999 -9999 -9999 -9999 -9999 -9999 -9999 -9999 -9999 -9999 -9999 -9999 -9999 -9999 -9999 -9999 -9999 -9999 -9999 -9999 -9999 -9999 -9999 -9999 -9999 -9999 -9999 -9999 -9999 -9999 -9999 -9999 -9999 -9999 -9999 -9999 -9999 -9999 -9999 -9999 -9999 -9999 -9999
240 239 203 289 279 278 227 244 193 196 197 189 184 219 195 208 184 117 131 194 199 188 182 178 163 179 166 -9999 -9999 -9999 -9999 -9999 -9999 -9999 -9999 -9999 -9999 -9999 -9999 -9999 -9999 -9999 -9999 -9999 -9999 -9999 -9999 -9999 -9999 -9999 -9999 -9999 -9999 -9999 -9999 -9999 -9999 -9999 -9999 -9999 -9999 -9999 -9999 -9999 -9999 -9999 -9999 -9999 -9999 -9999 -9999 -9999 -9999 -9999 -9999 -9999 -9999 -9999 -9999 -9999
204 223 195 282 272 253 206 141 165 183 198 190 197 198 196 194 183 153 120 -9999 -9999 -9999 -9999 -9999 -9999 -9999 -9999 -9999 -9999 -9999 -9999 -9999 -9999 -9999 -9999 -9999 -9999 -9999 -9999 -9999 -9999 -9999 -9999 -9999 -9999 -9999 -9999 -9999 -9999 -9999 -9999 -9999 -9999 -9999 -9999 -9999 -9999 -9999 -9999 -9999 -9999 -9999 -9999 -9999 -9999 -9999 -9999 -9999 -9999 -9999 -9999 -9999 -9999 -9999 -9999 -9999 -9999 -9999 -9999 -9999
-9999 -9999 264 230 219 176 196 -9999 -9999 -9999 -9999 -9999 201 195 167 123 -9999 -9999 -9999 -9999 -9999 -9999 -9999 -9999 -9999 -9999 -9999 -9999 -9999 -9999 -9999 -9999 -9999 -9999 -9999 -9999 -9999 -9999 -9999 -9999 -9999 -9999 -9999 -9999 -9999 -9999 -9999 -9999 -9999 -9999 -9999 -9999 -9999 -9999 -9999 -9999 -9999 -9999 -9999 -9999 -9999 -9999 -9999 -9999 -9999 -9999 -9999 -9999 -9999 -9999 -9999 -9999 -9999 -9999 -9999 -9999 -9999 -9999 -9999 -9999
-9999 -9999 -9999 -9999 -9999 -9999 -9999 -9999 -9999 -9999 -9999 -9999 -9999 -9999 -9999 -9999 -9999 -9999 -9999 -9999 -9999 -9999 -9999 -9999 -9999 -9999 -9999 -9999 -9999 -9999 -9999 -9999 -9999 -9999 -9999 -9999 -9999 -9999 -9999 -9999 -9999 -9999 -9999 -9999 -9999 -9999 -9999 -9999 -9999 -9999 -9999 -9999 -9999 -9999 -9999 -9999 -9999 -9999 -9999 -9999 -9999 -9999 -9999 -9999 -9999 -9999 -9999 -9999 -9999 -9999 -9999 -9999 -9999 -9999 -9999 -9999 -9999 -9999 -9999 -9999
-9999 -9999 -9999 -9999 -9999 -9999 -9999 -9999 -9999 -9999 -9999 -9999 -9999 -9999 -9999 -9999 -9999 -9999 -9999 -9999 -9999 -9999 -9999 -9999 -9999 -9999 -9999 -9999 -9999 -9999 -9999 -9999 -9999 -9999 -9999 -9999 -9999 -9999 -9999 -9999 -9999 -9999 -9999 -9999 -9999 -9999 -9999 -9999 -9999 -9999 -9999 -9999 -9999 -9999 -9999 -9999 -9999 -9999 -9999 -9999 -9999 -9999 -9999 -9999 -9999 -9999 -9999 -9999 -9999 -9999 -9999 -9999 -9999 -9999 -9999 -9999 -9999 -9999 -9999 -9999
-9999 -9999 -9999 -9999 -9999 -9999 -9999 -9999 -9999 -9999 -9999 -9999 -9999 -9999 -9999 -9999 -9999 -9999 -9999 -9999 -9999 -9999 -9999 -9999 -9999 -9999 -9999 -9999 -9999 -9999 -9999 -9999 -9999 -9999 -9999 -9999 -9999 -9999 -9999 -9999 -9999 -9999 -9999 -9999 -9999 -9999 -9999 -9999 -9999 -9999 -9999 -9999 -9999 -9999 -9999 -9999 -9999 -9999 -9999 -9999 -9999 -9999 -9999 -9999 -9999 -9999 -9999 -9999 -9999 -9999 -9999 -9999 -9999 -9999 -9999 -9999 -9999 -9999 -9999 -9999
-9999 -9999 -9999 -9999 -9999 -9999 -9999 -9999 -9999 -9999 -9999 -9999 -9999 -9999 -9999 -9999 -9999 -9999 -9999 -9999 -9999 -9999 -9999 -9999 -9999 -9999 -9999 -9999 -9999 -9999 -9999 -9999 -9999 -9999 -9999 -9999 -9999 -9999 -9999 -9999 -9999 -9999 -9999 -9999 -9999 -9999 -9999 -9999 -9999 -9999 -9999 -9999 -9999 -9999 -9999 -9999 -9999 -9999 -9999 -9999 -9999 -9999 -9999 -9999 -9999 -9999 -9999 -9999 -9999 -9999 -9999 -9999 -9999 -9999 -9999 -9999 -9999 -9999 -9999 -9999
