tests/Case_5_Intensity.asc
NCOLS 354
NROWS 235
XLLCORNER 2900300.000000
YLLCORNER 2159500.000000
CELLSIZE 100.000000
NODATA_VALUE -9999.0
[rows 29 to 57 of 235, columns 65 to 129 of 354]
-9999.0 -9999.0 -9999.0 -9999.0 -9999.0 -9999.0 -9999.0 -9999.0 -9999.0 -9999.0 -9999.0 -9999.0 -9999.0 -9999.0 -9999.0 -9999.0 -9999.0 -9999.0 -9999.0 -9999.0 -9999.0 -9999.0 -9999.0 -9999.0 -9999.0 -9999.0 -9999.0 -9999.0 -9999.0 -9999.0 -9999.0 -9999.0 00009.826 00015.632 00014.706 00024.564 00025.493 00024.624 00026.211 00023.602 00024.495 00015.681 -9999.0 -9999.0 00016.364 00036.110 00032.503 00112.949 00064.187 00079.483 00133.419 00141.287 00092.111 00020.177 -9999.0 -9999.0 -9999.0 -9999.0 -9999.0 -9999.0 -9999.0 -9999.0 -9999.0 -9999.0 -9999.0
-9999.0 -9999.0 -9999.0 -9999.0 -9999.0 -9999.0 -9999.0 -9999.0 -9999.0 -9999.0 -9999.0 -9999.0 -9999.0 -9999.0 -9999.0 -9999.0 -9999.0 -9999.0 -9999.0 -9999.0 -9999.0 -9999.0 -9999.0 -9999.0 -9999.0 -9999.0 -9999.0 -9999.0 -9999.0 -9999.0 -9999.0 00068.529 00088.184 00095.744 00109.296 00026.534 00022.615 00041.168 00046.226 00034.544 00030.442 00025.094 00011.752 00012.572 00016.721 00018.741 00023.161 00107.356 00116.416 00111.002 00150.268 00132.522 00095.723 00069.057 00055.749 -9999.0 -9999.0 -9999.0 -9999.0 -9999.0 -9999.0 -9999.0 -9999.0 -9999.0 -9999.0
-9999.0 -9999.0 -9999.0 -9999.0 -9999.0 -9999.0 -9999.0 -9999.0 -9999.0 -9999.0 -9999.0 -9999.0 -9999.0 -9999.0 -9999.0 -9999.0 -9999.0 -9999.0 -9999.0 -9999.0 -9999.0 -9999.0 -9999.0 -9999.0 -9999.0 -9999.0 -9999.0 -9999.0 -9999.0 -9999.0 00063.821 00070.501 00084.791 00102.030 00075.387 00022.361 00038.025 00054.486 00048.908 00046.132 00038.696 00034.166 00024.337 00019.343 00023.991 00025.715 00030.084 00078.944 00127.706 00198.013 00139.079 00124.323 00113.040 00101.942 00096.846 -9999.0 -9999.0 -9999.0 -9999.0 -9999.0 -9999.0 -9999.0 -9999.0 -9999.0 -9999.0
-9999.0 -9999.0 -9999.0 -9999.0 -9999.0 -9999.0 -9999.0 -9999.0 -9999.0 -9999.0 -9999.0 -9999.0 -9999.0 -9999.0 -9999.0 -9999.0 -9999.0 -9999.0 -9999.0 -9999.0 -9999.0 -9999.0 -9999.0 -9999.0 -9999.0 -9999.0 -9999.0 -9999.0 -9999.0 00068.411 00089.759 00095.899 00040.779 00034.053 00020.183 00034.526 00038.763 00039.109 00044.517 00049.048 00046.592 00034.944 00034.062 00018.694 00021.739 00033.389 00036.782 00103.492 00097.942 00203.076 00282.642 00175.497 00119.783 00123.915 00104.021 00024.821 -9999.0 -9999.0 -9999.0 -9999.0 -9999.0 -9999.0 -9999.0 -9999.0 -9999.0
-9999.0 -9999.0 -9999.0 -9999.0 -9999.0 -9999.0 -9999.0 -9999.0 -9999.0 -9999.0 -9999.0 -9999.0 -9999.0 -9999.0 -9999.0 -9999.0 -9999.0 -9999.0 -9999.0 -9999.0 -9999.0 -9999.0 -9999.0 -9999.0 -9999.0 -9999.0 -9999.0 -9999.0 00057.515 00081.868 00098.028 00079.430 00025.006 00022.528 00041.111 00043.081 00035.938 00036.052 00040.554 00045.035 00043.248 00039.761 00019.391 00020.061 00028.919 00028.280 00024.134 00095.341 00114.933 00110.291 00181.417 00163.105 00129.478 00120.925 00099.253 00071.863 -9999.0 -9999.0 -9999.0 -9999.0 -9999.0 -9999.0 -9999.0 -9999.0 00034.474
-9999.0 -9999.0 -9999.0 -9999.0 -9999.0 -9999.0 -9999.0 -9999.0 -9999.0 -9999.0 -9999.0 -9999.0 -9999.0 -9999.0 -9999.0 -9999.0 -9999.0 -9999.0 -9999.0 -9999.0 -9999.0 -9999.0 -9999.0 -9999.0 -9999.0 -9999.0 -9999.0 00013.734 00071.459 00071.147 00090.902 00090.322 00087.743 00071.863 00069.364 00034.769 00029.728 00035.807 00037.255 00045.046 00047.978 00036.345 00019.818 00019.083 00028.651 00024.743 00021.524 00091.303 00110.756 00122.232 00107.095 00108.547 00132.565 00110.148 00092.412 00072.071 -9999.0 -9999.0 -9999.0 -9999.0 00057.955 00089.122 00099.393 00098.575 00049.931
-9999.0 -9999.0 -9999.0 -9999.0 -9999.0 -9999.0 -9999.0 -9999.0 -9999.0 -9999.0 -9999.0 -9999.0 -9999.0 -9999.0 -9999.0 -9999.0 -9999.0 -9999.0 -9999.0 -9999.0 -9999.0 -9999.0 -9999.0 -9999.0 -9999.0 -9999.0 -9999.0 00052.787 00081.868 00067.843 00058.476 00076.060 00114.721 00131.208 00073.147 00031.532 00030.345 00029.577 00030.378 00045.661 00036.224 00018.358 00021.986 00024.420 00023.615 00018.927 00021.858 00083.079 00115.318 00104.084 00112.118 00094.208 00090.108 00093.720 00077.874 00060.031 -9999.0 00013.345 00061.594 00096.222 00126.422 00193.666 00229.649 00212.913 00062.456
-9999.0 -9999.0 -9999.0 -9999.0 -9999.0 -9999.0 -9999.0 -9999.0 -9999.0 -9999.0 -9999.0 -9999.0 -9999.0 -9999.0 -9999.0 -9999.0 -9999.0 -9999.0 -9999.0 -9999.0 -9999.0 -9999.0 -9999.0 -9999.0 -9999.0 -9999.0 -9999.0 00049.390 00083.798 00081.239 00043.728 00069.614 00091.297 00109.199 00044.952 00035.027 00045.640 00037.355 00033.748 00024.009 00021.811 00026.301 00032.380 00031.292 00027.724 00025.987 00055.504 00105.395 00098.775 00099.300 00104.036 00099.513 00087.920 00078.498 00068.057 00062.651 00067.478 00071.548 00111.974 00152.603 00172.612 00167.433 00162.537 00153.760 00053.480
-9999.0 -9999.0 -9999.0 -9999.0 -9999.0 -9999.0 -9999.0 -9999.0 -9999.0 -9999.0 -9999.0 -9999.0 -9999.0 -9999.0 -9999.0 -9999.0 -9999.0 -9999.0 -9999.0 -9999.0 -9999.0 -9999.0 -9999.0 00025.360 00045.125 00048.386 -9999.0 00035.721 00065.700 00078.370 00091.701 00120.921 00071.128 00044.590 00041.109 00045.056 00029.645 00021.574 00022.096 00028.149 00026.419 00022.409 00026.819 00031.204 00032.281 00026.812 00028.297 00050.558 00046.124 00055.554 00110.634 00104.136 00091.412 00091.457 00075.601 00076.949 00097.494 00083.468 00110.285 00121.746 00122.230 00145.736 00168.592 00144.567 00053.050
-9999.0 -9999.0 -9999.0 -9999.0 -9999.0 -9999.0 -9999.0 -9999.0 -9999.0 -9999.0 -9999.0 -9999.0 -9999.0 -9999.0 -9999.0 -9999.0 -9999.0 -9999.0 -9999.0 00009.049 00026.887 -9999.0 00028.487 00122.301 00145.448 00099.313 00074.752 00062.634 00094.149 00068.813 00101.825 00127.495 00033.567 00037.243 00042.033 00050.655 00049.326 00035.842 00033.469 00033.338 00021.343 00015.402 00017.765 00020.229 00022.286 00022.076 00024.299 00033.856 00049.252 00045.436 00101.181 00115.362 00142.883 00100.252 00084.283 00077.111 00100.336 00081.424 00107.053 00120.557 00140.713 00178.788 00200.261 00155.193 00055.317
-9999.0 -9999.0 -9999.0 -9999.0 -9999.0 -9999.0 -9999.0 -9999.0 -9999.0 -9999.0 -9999.0 -9999.0 -9999.0 -9999.0 -9999.0 -9999.0 -9999.0 -9999.0 00022.283 00036.162 00090.430 00060.953 00069.624 00105.547 00126.272 00103.829 00072.359 00063.717 00071.507 00090.484 00114.515 00060.077 00027.193 00038.592 00056.205 00072.018 00060.092 00029.808 00028.052 00014.951 00011.347 00007.292 00010.040 00016.207 00007.706 00004.143 00003.111 00016.397 00016.855 00036.530 00085.797 00090.365 00104.638 00093.240 00077.398 00098.152 00067.371 00078.117 00112.251 00129.281 00173.792 00223.168 00213.701 00133.857 00053.353
-9999.0 -9999.0 -9999.0 -9999.0 -9999.0 -9999.0 -9999.0 -9999.0 -9999.0 -9999.0 -9999.0 -9999.0 -9999.0 -9999.0 -9999.0 -9999.0 -9999.0 -9999.0 00027.672 00053.441 00062.422 00040.162 00024.916 00022.255 00024.947 00020.691 00018.141 00022.799 00025.919 00021.692 00019.349 00027.389 00068.101 00098.004 00105.546 00053.505 00041.400 00017.065 00003.278 00010.868 00018.941 00024.955 00022.919 00016.202 00022.024 00030.257 00030.777 00032.965 00057.084 00057.456 00081.646 00085.864 00103.989 00083.647 00057.627 00126.757 00073.165 00092.685 00109.104 00132.084 00164.389 00195.625 00204.150 00093.142 00066.014
-9999.0 -9999.0 -9999.0 -9999.0 -9999.0 -9999.0 -9999.0 -9999.0 -9999.0 -9999.0 -9999.0 -9999.0 -9999.0 -9999.0 -9999.0 -9999.0 -9999.0 00011.879 00040.566 00063.328 00047.886 00046.459 00046.874 00043.557 00038.414 00029.307 00025.942 00031.877 00040.588 00037.760 00029.503 00025.605 00098.959 00094.859 00081.053 00035.981 00024.325 00010.588 00030.356 00046.212 00047.557 00039.477 00037.480 00029.205 00034.931 00047.403 00049.021 00048.160 00059.479 00056.412 00023.492 00067.906 00089.026 00074.114 00051.851 00071.448 00086.119 00120.968 00126.950 00128.906 00155.870 00135.187 00211.080 00099.831 00069.156
-9999.0 -9999.0 -9999.0 -9999.0 -9999.0 -9999.0 -9999.0 -9999.0 -9999.0 -9999.0 -9999.0 -9999.0 -9999.0 00010.901 00016.335 00016.253 00011.763 00015.889 00034.765 00043.928 00046.412 00048.798 00047.949 00056.559 00035.089 00032.677 00033.315 00034.543 00035.465 00045.508 00042.117 00035.036 00040.473 00023.086 00027.845 00032.874 00021.647 00023.645 00051.053 00063.316 00070.904 00049.359 00033.904 00025.274 00041.444 00171.956 00152.786 00059.677 00124.519 00097.616 00055.115 00012.219 00045.040 00070.241 00051.582 00063.856 00085.148 00137.754 00172.018 00208.882 00156.546 00114.860 00085.060 00080.876 00074.345
-9999.0 -9999.0 -9999.0 -9999.0 -9999.0 -9999.0 -9999.0 -9999.0 -9999.0 -9999.0 00006.461 00014.152 00019.236 00025.187 00029.127 00034.527 00025.743 00018.057 00022.073 00039.602 00044.154 00049.712 00069.273 00060.461 00031.861 00037.316 00046.699 00040.356 00032.496 00056.875 00055.095 00042.119 00025.055 00019.095 00028.523 00031.788 00022.084 00015.689 00040.260 00058.786 00067.815 00055.336 00028.739 00049.673 00033.359 00191.484 00122.812 00079.904 00139.706 00133.611 00092.559 00069.128 00043.658 00038.386 00038.462 00051.854 00068.745 00086.738 00126.817 00148.759 00119.936 00092.727 00055.397 00046.965 00052.669
-9999.0 -9999.0 -9999.0 -9999.0 -9999.0 -9999.0 -9999.0 -9999.0 -9999.0 00046.323 00022.051 00026.036 00024.310 00027.355 00058.651 00068.016 00034.356 00020.640 00020.723 00019.851 00035.559 00050.540 00067.628 00056.955 00033.769 00046.144 00044.097 00033.714 00032.689 00069.995 00068.999 00042.865 00027.303 00017.636 00022.580 00026.734 00027.275 00000.754 00033.262 00047.955 00050.903 00054.583 00032.600 00041.114 00035.423 00089.352 00140.159 00118.707 00134.843 00124.493 00117.069 00095.064 00066.779 00060.240 00069.326 00031.967 00008.867 00060.864 00098.155 00111.796 00107.970 00089.583 00048.242 00022.004 00048.564
-9999.0 -9999.0 -9999.0 -9999.0 -9999.0 -9999.0 -9999.0 -9999.0 00017.737 00069.670 00044.576 00042.330 00032.801 00025.839 00030.672 00101.875 00089.038 00123.621 00096.144 00075.598 00066.236 00085.985 00027.496 00023.878 00025.757 00036.142 00026.863 00035.589 00053.972 00071.502 00059.027 00045.243 00033.475 00025.627 00019.487 00023.143 00020.336 00006.119 00019.869 00033.019 00039.100 00073.937 00041.452 00033.131 00049.031 00041.199 00054.198 00125.465 00153.726 00182.804 00130.100 00117.455 00087.245 00110.157 00055.374 00100.061 00106.804 00056.068 00059.019 00125.422 00035.077 00017.365 00003.377 00019.031 00025.825
00025.945 00012.661 00015.039 -9999.0 -9999.0 -9999.0 -9999.0 -9999.0 00073.328 00093.594 00050.172 00053.503 00033.348 00030.495 00045.932 00093.305 00088.846 00162.582 00194.901 00138.305 00100.606 00108.193 00051.307 00035.919 00038.833 00054.085 00018.039 00037.186 00074.605 00068.174 00057.579 00042.294 00034.936 00028.831 00027.816 00017.712 00022.193 00017.526 00009.416 00026.504 00034.397 00069.858 00053.555 00033.004 00094.452 00120.159 00085.583 00241.646 00177.278 00185.644 00141.357 00142.231 00118.647 00124.279 00135.064 00151.770 00165.366 00124.980 00036.799 00015.764 00017.191 00005.278 00024.326 00031.575 00039.509
00027.678 00023.441 00084.790 00042.897 -9999.0 -9999.0 -9999.0 -9999.0 00054.035 00074.541 00117.921 00105.220 00027.070 00019.553 00027.169 00027.944 00026.575 00037.401 00061.925 00090.984 00079.424 00048.844 00082.121 00110.417 00075.878 00107.265 00117.948 00068.394 00049.421 00055.675 00056.078 00039.574 00029.211 00018.917 00015.607 00014.434 00011.819 00017.050 00009.508 00024.323 00032.176 00040.529 00151.136 00160.041 00415.126 00228.693 00128.506 00109.171 00103.029 00088.830 00057.913 00040.995 00207.892 00270.221 00234.158 00214.283 00119.053 00122.913 00125.473 00108.112 00015.200 00004.462 00024.514 00032.390 00064.509
00023.546 00029.633 00096.757 00070.132 -9999.0 -9999.0 -9999.0 -9999.0 00032.933 00059.778 00105.030 00109.687 00037.910 00034.918 00031.331 00026.647 00024.378 00025.960 00036.825 00087.353 00097.822 00042.767 00100.067 00064.749 00056.950 00099.981 00122.297 00120.065 00075.560 00014.059 00008.052 00001.994 00005.766 00005.610 00018.743 00016.968 00011.657 00010.574 00009.002 00028.107 00040.375 00045.931 00120.458 00177.619 00367.483 00200.051 00143.093 00082.016 00090.114 00073.961 00055.359 00022.416 00236.099 00112.755 00145.563 00151.779 00168.324 00186.143 00161.154 00107.436 00024.202 00019.712 00022.899 00029.184 00033.834
00027.115 00071.296 00122.826 00095.489 00059.619 00003.107 00031.408 00051.502 00062.558 00094.511 00122.438 00110.237 00044.351 00050.115 00055.543 00042.874 00032.588 00029.330 00030.393 00035.492 00045.674 00033.944 00103.951 00061.752 00088.672 00072.243 00082.625 00098.542 00059.420 00064.413 00028.499 00025.345 00031.188 00019.388 00036.400 00028.858 00032.634 00037.571 00010.880 00027.218 00034.314 00053.478 00075.380 00164.290 00197.322 00091.649 00107.282 00079.461 00048.480 00051.010 00054.766 00019.992 00094.107 00138.717 00244.710 00268.243 00284.912 00226.836 00262.811 00252.824 00157.970 00034.204 00029.035 00025.515 00056.697
00051.709 00086.598 00194.780 00135.404 00096.127 00079.765 00067.893 00061.009 00063.604 00062.781 00065.298 00105.660 00112.874 00122.479 00127.759 00044.074 00031.502 00027.495 00027.064 00024.200 00023.323 00028.295 00112.802 00052.336 00112.357 00072.712 00068.657 00069.740 00025.578 00069.025 00119.522 00182.520 00108.028 00077.302 00094.013 00052.455 00048.056 00116.451 00172.221 00068.311 00035.762 00078.064 00075.922 00118.284 00198.191 -9999.000 -9999.000 -9999.0 -9999.0 -9999.0 -9999.000 -9999.000 00090.082 00098.461 00088.336 00147.254 00199.535 00204.533 00193.972 00227.113 00298.436 00101.930 00138.383 00115.305 00217.029
00026.986 00042.535 00166.219 00177.915 00129.933 00150.802 00142.261 00118.654 00105.118 00096.447 00073.124 00072.010 00066.325 00105.909 00122.111 00045.550 00044.452 00032.142 00025.667 00022.793 00018.367 00028.091 00070.772 00071.126 00103.891 00088.241 00062.864 00058.542 00002.211 00062.999 00087.755 00158.245 00218.386 00139.419 00090.670 00079.054 00077.954 00146.198 00199.778 00069.217 00059.973 00088.861 00090.609 00103.470 -9999.0 -9999.0 -9999.0 -9999.0 -9999.0 -9999.0 -9999.0 -9999.0 -9999.0 -9999.000 -9999.000 -9999.000 00068.686 00063.704 00068.919 00125.196 00129.586 00089.642 00145.806 00243.611 00430.346
00029.080 00043.867 00105.136 00147.450 00161.828 00114.634 00109.186 00118.493 00171.201 00171.620 00124.820 00096.496 00089.999 00098.802 00091.730 00074.148 00073.327 00080.804 00085.022 00091.183 00076.770 00077.998 00049.279 00075.627 00107.130 00081.487 00083.658 00054.694 00016.081 00052.010 00066.202 00160.794 00203.696 00124.910 00110.660 00117.925 00102.219 00133.219 00087.282 00073.497 00048.463 00050.521 00097.781 -9999.000 -9999.0 -9999.0 -9999.0 -9999.0 -9999.0 -9999.0 -9999.0 -9999.0 -9999.0 -9999.0 -9999.0 -9999.0 -9999.0 -9999.0 -9999.000 -9999.000 -9999.000 00064.302 00119.991 00245.560 00382.335
00040.275 00045.778 00078.586 00128.951 00129.558 00092.881 00070.862 00084.382 00125.470 00150.383 00160.881 00223.685 00222.505 00213.359 00165.194 00138.966 00159.403 00141.849 00150.429 00070.813 00082.172 00059.972 00049.214 00038.726 00046.995 00051.487 00063.483 00064.116 00025.962 00048.129 00064.640 00116.601 00233.370 00260.551 00227.026 00134.525 00103.855 00088.624 00092.093 00104.442 00032.923 00038.288 -9999.000 -9999.0 -9999.0 -9999.0 -9999.0 -9999.0 -9999.0 -9999.0 -9999.0 -9999.0 -9999.0 -9999.0 -9999.0 -9999.0 -9999.0 -9999.0 -9999.0 -9999.0 -9999.0 -9999.0 -9999.0 -9999.000 -9999.000
00080.773 00053.916 00082.849 00109.105 00129.522 00091.300 00079.290 00058.732 00089.162 00083.068 00109.189 00186.750 00216.050 00150.657 00143.493 00125.488 00156.839 00153.202 00119.418 00027.678 00014.243 00017.579 00042.097 00057.645 00048.778 00041.905 00002.161 00038.607 00024.761 00066.325 00067.528 00094.348 00190.636 00372.157 00380.934 00248.843 00135.270 00086.779 00077.137 00097.306 00030.974 -9999.000 -9999.0 -9999.0 -9999.0 -9999.0 -9999.0 -9999.0 -9999.0 -9999.0 -9999.0 -9999.0 -9999.0 -9999.0 -9999.0 -9999.0 -9999.0 -9999.0 -9999.0 -9999.0 -9999.0 -9999.0 -9999.0 -9999.0 -9999.0
00083.710 00094.556 00079.604 00077.942 00127.254 00117.439 00096.349 00061.928 00072.993 00070.543 00083.604 00109.107 00112.277 00100.941 00073.844 00058.561 00068.233 00023.161 00024.842 00048.133 00052.881 00060.782 00064.967 00072.846 00073.878 00070.475 00073.066 00036.545 00064.001 00069.642 00080.007 00105.200 00118.143 00288.129 00310.381 00234.645 00139.546 -9999.000 -9999.000 -9999.000 -9999.000 -9999.0 -9999.0 -9999.0 -9999.0 -9999.0 -9999.0 -9999.0 -9999.0 -9999.0 -9999.0 -9999.0 -9999.0 -9999.0 -9999.0 -9999.0 -9999.0 -9999.0 -9999.0 -9999.0 -9999.0 -9999.0 -9999.0 -9999.0 -9999.0
00136.970 00124.462 00094.248 00076.356 00100.747 00113.392 00098.948 00067.710 00085.467 00080.259 00114.759 00088.279 00021.139 00015.831 00031.832 00030.577 00038.538 00048.210 00059.010 00069.516 00077.211 00081.525 00080.955 00076.248 00081.407 00082.942 00071.968 00055.305 00067.790 00066.359 00098.289 00106.832 -9999.000 -9999.0 -9999.0 -9999.0 -9999.0 -9999.0 -9999.0 -9999.0 -9999.0 -9999.0 -9999.0 -9999.0 -9999.0 -9999.0 -9999.0 -9999.0 -9999.0 -9999.0 -9999.0 -9999.0 -9999.0 -9999.0 -9999.0 -9999.0 -9999.0 -9999.0 -9999.0 -9999.0 -9999.0 -9999.0 -9999.0 -9999.0 -9999.0
00057.809 00037.932 00073.933 00057.223 00069.095 00089.021 00075.229 00060.338 00088.531 00090.663 00100.520 00051.704 00907.784 00971.098 01027.436 01002.349 01069.638 01117.227 01228.850 01239.668 01219.258 01168.864 01130.918 01228.357 01732.901 00117.564 00065.705 00076.271 00087.528 00089.421 00100.039 -9999.000 -9999.0 -9999.0 -9999.0 -9999.0 -9999.0 -9999.0 -9999.0 -9999.0 -9999.0 -9999.0 -9999.0 -9999.0 -9999.0 -9999.0 -9999.0 -9999.0 -9999.0 -9999.0 -9999.0 -9999.0 -9999.0 -9999.0 -9999.0 -9999.0 -9999.0 -9999.0 -9999.0 -9999.0 -9999.0 -9999.0 -9999.0 -9999.0 -9999.0
