tests/Case_4_Intensity.asc
NCOLS 245
NROWS 163
XLLCORNER 4208400.000000
YLLCORNER 1880200.000000
CELLSIZE 100.000000
NODATA_VALUE -9999.0
[rows 116 to 144 of 163, columns 64 to 127 of 245]
-9999.0 -9999.0 -9999.0 -9999.0 -9999.0 -9999.0 -9999.0 -9999.0 -9999.0 -9999.0 -9999.0 -9999.0 -9999.0 -9999.0 -9999.0 -9999.0 -9999.0 -9999.0 -9999.0 -9999.0 00048.517 00101.595 00104.728 00107.745 00086.007 00052.570 00030.910 00043.865 00041.588 00009.158 00058.310 00071.178 00077.086 00059.031 00054.381 00044.073 00036.572 01087.139 01453.941 01210.261 00070.234 00056.271 00176.498 00187.750 00196.637 00070.849 00232.294 02174.461 02127.502 02028.798 01976.428 01942.499 01886.482 -9999.000 -9999.000 -9999.0 -9999.0 -9999.0 -9999.0 -9999.000 -9999.000 00043.408 00045.936 00049.152
-9999.0 -9999.0 -9999.0 -9999.0 -9999.0 -9999.0 -9999.0 -9999.0 -9999.0 -9999.0 -9999.0 -9999.0 -9999.0 -9999.0 -9999.0 -9999.0 -9999.0 -9999.0 -9999.0 -9999.0 00039.105 00102.560 00104.772 00108.903 00107.771 00056.076 00002.316 00055.076 00045.515 00033.872 00045.286 00062.004 00066.300 00054.809 00034.070 01229.000 01419.073 00170.171 00002.107 00018.328 00903.418 00877.303 00169.511 00182.198 00193.055 00069.471 02344.227 02017.299 01989.449 01951.331 01909.147 01859.929 01754.792 01634.761 -9999.000 -9999.000 -9999.000 -9999.000 -9999.000 00042.814 00110.706 00107.960 00108.986 00121.753
-9999.0 -9999.0 -9999.0 -9999.0 -9999.0 -9999.0 -9999.0 -9999.0 -9999.0 -9999.0 -9999.0 -9999.0 -9999.0 -9999.0 -9999.0 -9999.0 -9999.0 -9999.0 -9999.0 -9999.0 00001.120 00099.389 00115.069 00108.956 00109.430 00060.102 00037.767 00051.021 00045.481 00039.243 00022.002 00060.567 00067.661 00055.143 00036.554 01537.690 01403.020 00033.187 00098.637 00033.828 01035.933 01314.078 00165.482 00176.720 00189.059 00067.833 00521.312 02841.008 01923.491 01895.576 01851.644 01758.251 01678.593 01620.055 01544.883 01714.457 01443.138 00043.923 00044.391 00044.376 00127.379 00113.621 00116.771 00114.660
-9999.0 -9999.0 -9999.0 -9999.0 -9999.0 -9999.0 -9999.0 -9999.0 -9999.0 -9999.0 -9999.0 -9999.0 -9999.0 -9999.0 -9999.0 -9999.0 -9999.0 -9999.0 -9999.0 -9999.0 -9999.0 00090.545 00117.180 00108.995 00110.175 00063.785 00055.320 00027.658 00041.349 00036.670 00025.005 00063.853 00067.307 00053.066 00024.802 00902.749 00823.289 00001.261 00028.268 00048.537 01042.803 01456.698 00098.627 00172.544 00187.728 00067.707 01412.988 02814.747 02770.298 02203.847 01763.812 01697.860 01655.703 01568.012 01565.453 01651.936 01571.502 00044.718 00044.867 00044.772 00085.958 00117.433 00102.681 00101.608
-9999.0 -9999.0 -9999.0 -9999.0 -9999.0 -9999.0 -9999.0 -9999.0 -9999.0 -9999.0 -9999.0 -9999.0 -9999.0 -9999.0 -9999.0 -9999.0 -9999.0 -9999.0 -9999.0 -9999.0 -9999.0 00068.770 00110.953 00106.489 00109.517 00105.763 00054.942 00028.120 00041.421 00037.497 00022.700 00063.288 00069.042 00055.347 00037.046 01261.800 01380.007 00847.995 00911.016 00960.396 02377.236 02465.084 02515.955 02495.011 00925.950 00061.316 00050.715 00145.105 00162.463 00682.729 00155.374 01118.325 01754.194 01545.521 01556.278 01614.371 01550.772 00242.216 00132.069 00112.701 00085.269 00149.318 01759.539 00891.243
-9999.0 -9999.0 -9999.0 -9999.0 -9999.0 -9999.0 -9999.0 -9999.0 -9999.0 -9999.0 -9999.0 -9999.0 -9999.0 -9999.0 -9999.0 -9999.0 -9999.0 -9999.0 -9999.0 -9999.0 -9999.0 00014.003 00098.978 00108.477 00108.764 00108.360 00053.613 00021.799 00041.030 00037.787 00018.397 00060.899 00067.229 00053.989 00030.276 01573.796 01367.210 00852.307 00921.329 00972.353 02641.637 02679.934 02693.312 02676.589 01753.556 00071.674 00059.367 00145.910 00145.912 00132.652 00185.662 00816.087 02329.230 02191.068 02276.065 02218.503 01905.269 00075.598 00121.002 00102.540 00081.864 00143.284 01348.953 01086.854
-9999.0 -9999.0 -9999.0 -9999.0 -9999.0 -9999.0 -9999.0 -9999.0 -9999.0 -9999.0 -9999.0 -9999.0 -9999.0 -9999.0 -9999.0 -9999.0 -9999.0 -9999.0 -9999.0 -9999.0 -9999.0 -9999.0 00097.053 00116.976 00105.236 00103.947 00046.232 00030.970 00041.336 00038.646 00025.610 00062.763 00067.715 00054.399 00022.358 01714.887 01561.820 00882.406 00959.648 00863.502 00295.543 00443.831 00054.982 00454.005 00767.294 00041.832 00033.827 00115.048 00119.424 00173.063 00185.294 00186.025 02240.697 02273.632 02246.506 02096.527 01760.760 00072.896 00109.430 00125.103 01083.699 01221.856 02006.904 01145.414
-9999.0 -9999.0 -9999.0 -9999.0 -9999.0 -9999.0 -9999.0 -9999.0 -9999.0 -9999.0 -9999.0 -9999.0 -9999.0 -9999.0 -9999.0 -9999.0 -9999.0 -9999.0 -9999.0 -9999.0 -9999.0 00009.643 00089.188 00094.833 00097.519 00099.303 00036.815 00042.882 00044.534 00040.261 00023.086 00064.080 00068.305 00053.950 00027.853 01789.849 01934.238 00883.631 00980.251 01157.144 00020.006 00027.893 00030.635 00043.837 00039.619 00040.038 00046.042 00139.990 00077.747 00160.549 00173.906 00176.798 02189.794 02316.307 02165.357 02018.171 01446.555 00073.054 00155.943 00103.815 01141.424 01745.255 02072.001 02173.736
-9999.0 -9999.0 -9999.0 -9999.0 -9999.0 -9999.0 -9999.0 -9999.0 -9999.0 -9999.0 -9999.0 -9999.0 -9999.0 -9999.0 -9999.0 -9999.0 -9999.0 -9999.0 00022.391 00031.871 00046.858 00053.497 00101.541 00096.556 00096.969 00053.746 00021.092 00044.583 00043.016 00035.770 00050.602 00067.780 00067.820 00054.661 00035.687 01808.358 01945.157 01480.686 01018.423 00512.493 00004.849 00009.763 00021.746 00030.981 00034.138 00034.555 00035.275 00128.153 00055.927 00064.163 00158.896 00171.122 02256.482 02205.069 02074.146 01901.095 01564.029 00068.836 00131.256 00140.879 01582.367 01694.310 01764.206 01906.401
-9999.0 -9999.0 -9999.0 -9999.0 -9999.0 -9999.0 -9999.0 -9999.0 -9999.0 -9999.0 -9999.0 -9999.0 -9999.0 -9999.0 -9999.0 -9999.0 00037.122 00067.450 00069.722 00061.812 00059.692 00058.892 00051.894 00105.369 00106.220 00013.516 00000.636 00017.918 00012.151 00006.696 00026.750 00021.077 00040.235 00015.424 00008.329 01751.732 01910.244 00006.769 00010.367 00009.310 00017.225 00013.141 00006.706 00008.256 00015.840 00014.525 00009.134 00024.334 00020.500 01052.824 02059.752 02448.816 02174.896 02069.265 01958.856 01779.957 01482.152 00915.077 02540.861 02086.760 02258.776 02224.996 02201.152 02170.173
-9999.0 -9999.0 -9999.0 -9999.0 -9999.0 -9999.0 -9999.0 -9999.0 -9999.0 -9999.0 -9999.0 -9999.0 -9999.0 -9999.0 -9999.0 00023.708 00078.275 00084.082 00080.406 00072.377 00044.976 00043.911 00052.363 00106.778 00103.916 00013.317 00001.676 00011.360 00011.910 00005.939 00014.650 00021.140 00023.804 00015.228 00005.786 01669.111 01571.297 00012.093 00031.119 00020.655 00026.559 00030.520 00020.984 00014.904 00014.223 00017.135 00017.699 00000.839 00021.781 01130.221 02367.326 02128.672 02053.664 01973.978 01829.990 01684.377 01444.620 01561.984 02486.876 02488.388 02422.957 02368.371 02310.370 02206.914
-9999.0 -9999.0 -9999.0 -9999.0 -9999.0 -9999.0 -9999.0 -9999.0 -9999.0 -9999.0 -9999.0 -9999.0 -9999.0 -9999.0 -9999.0 00075.215 00101.232 00093.327 00093.211 00058.735 00592.872 00519.113 00044.787 00058.418 00094.016 00039.987 00026.326 00011.399 00011.907 00008.696 00012.860 00020.343 00022.230 00015.760 00010.104 00005.217 00010.529 00022.142 00035.316 00037.213 00029.114 00034.027 00027.275 00021.320 00021.673 00025.599 00007.260 00868.389 00779.274 00705.361 02168.326 01984.385 01946.911 01854.301 01721.704 01595.764 01817.337 02198.771 02258.254 02273.422 02286.219 02290.127 00167.798 00088.887
-9999.0 -9999.0 -9999.0 -9999.0 -9999.0 -9999.0 -9999.0 -9999.0 -9999.0 -9999.0 -9999.0 -9999.0 -9999.0 -9999.0 -9999.0 00091.860 00096.490 00099.535 00072.606 00054.679 00565.250 00232.993 00050.081 00041.917 00036.939 00034.660 00042.848 00012.164 00013.595 00010.648 00010.283 00020.222 00022.380 00017.986 00018.203 00018.957 00022.469 00027.930 00036.301 00040.641 00036.566 00034.093 00036.560 00024.013 00016.534 00016.698 00007.324 00904.912 00993.551 01182.564 01420.618 01592.211 01675.623 01748.475 01809.558 01861.164 01925.675 02010.849 02093.632 02124.704 02145.377 02151.181 00119.680 00000.592
-9999.0 -9999.0 -9999.0 -9999.0 -9999.0 -9999.0 -9999.0 -9999.0 -9999.0 -9999.0 -9999.0 -9999.0 -9999.0 -9999.0 00033.477 00100.822 00099.402 00100.892 00057.072 00045.859 00297.762 00111.853 00015.129 00014.129 00046.040 00048.380 00042.493 00016.078 00015.531 00011.525 00000.473 00019.872 00022.588 00025.440 00021.298 00022.731 00026.964 00030.853 00035.170 00038.977 00046.258 00060.104 00050.568 00016.102 00012.647 00009.657 00004.881 00901.523 00992.649 01171.142 01347.533 01493.939 01574.077 01662.970 01705.173 01761.155 01797.285 01851.756 01922.527 01990.009 02028.517 02038.492 00107.506 00021.702
-9999.0 -9999.0 -9999.0 -9999.0 -9999.0 -9999.0 -9999.0 -9999.0 -9999.0 -9999.0 -9999.0 -9999.0 00039.084 00060.900 00068.688 00067.155 00092.500 00105.471 00058.487 00041.095 00054.978 00554.298 00744.926 00796.173 00899.082 00047.482 00043.415 00013.038 00013.221 00014.073 00006.394 00015.165 00022.890 00026.205 00028.506 00031.583 00027.131 01496.912 01632.977 02405.436 00176.701 00064.301 00193.142 00053.196 00041.736 01475.543 01936.289 00885.264 00999.099 01150.119 01282.443 01416.706 01489.647 01559.897 01632.355 01667.983 01717.967 01757.181 01785.779 01872.365 01900.754 01937.305 01901.592 02046.992
-9999.0 -9999.0 -9999.0 -9999.0 -9999.0 -9999.0 -9999.0 -9999.0 -9999.0 -9999.0 -9999.0 00049.653 00088.762 00083.989 00077.270 00069.150 00056.904 00045.414 00045.294 00037.047 00001.857 00655.988 00785.349 00804.408 00587.731 00042.814 00038.719 00020.968 00006.075 00007.865 00008.822 00018.199 00021.791 00024.595 00027.520 00031.936 00032.397 01807.424 02190.733 02589.930 00587.975 00064.618 00205.056 00051.742 00032.781 01925.899 02022.025 01948.478 01005.615 01117.233 01212.477 01335.735 01423.220 01472.396 01541.859 01588.473 01635.737 01674.705 01702.897 01732.998 01796.813 01839.178 01872.422 01808.951
-9999.0 -9999.0 -9999.0 -9999.0 -9999.0 -9999.0 -9999.0 -9999.0 -9999.0 -9999.0 -9999.0 00082.977 00105.324 00098.932 00099.362 00729.632 00747.969 00718.268 00597.016 00506.235 00019.798 00204.045 00008.954 00011.238 00013.254 00012.103 00008.730 00069.207 00504.660 00747.546 00918.900 01054.475 00866.069 00823.879 01256.777 01415.273 01061.793 01654.802 01991.520 02300.840 00180.854 00175.519 00128.684 00053.249 00050.173 00052.385 00018.349 01935.160 01973.467 01190.335 01153.793 01265.411 01358.344 01398.720 01451.280 01515.740 01554.559 01602.245 01633.875 01653.659 01676.454 01704.492 01637.115 01383.778
-9999.0 -9999.0 -9999.0 -9999.0 -9999.0 -9999.0 -9999.0 -9999.0 -9999.0 -9999.0 00053.515 00068.813 00093.666 00104.717 00104.783 00870.933 00952.418 00804.138 00656.005 00232.714 00402.854 00729.611 00005.496 00011.810 00012.924 00012.676 00007.997 00121.446 00557.741 00860.289 00996.408 01076.162 01149.346 01177.981 01270.672 01470.545 01269.965 01562.253 01882.114 02188.706 00188.605 00188.938 00065.955 00070.664 00066.827 00075.312 00039.126 01993.949 01789.555 01623.700 01934.686 01453.347 01266.585 01332.492 01378.780 01429.773 01483.138 01508.985 01542.964 01632.901 01687.721 01629.140 01491.269 01324.498
-9999.0 -9999.0 -9999.0 -9999.0 -9999.0 -9999.0 -9999.0 -9999.0 -9999.0 00077.261 00089.699 00077.867 00066.721 00061.850 00099.788 01193.272 01352.916 00742.138 00499.794 00117.881 00590.875 00399.041 00010.325 00012.472 00011.362 00006.796 00006.701 00118.583 00555.859 00893.511 01021.925 01105.978 01184.510 01276.634 01331.943 01263.974 01325.172 01492.577 01187.387 01371.934 00200.178 00150.783 00090.150 00063.433 00047.408 00040.236 00031.042 01900.295 01532.102 01368.688 01297.944 01929.058 01958.015 01942.746 01926.084 01897.397 01847.585 01810.195 01753.934 01695.330 01630.280 01533.066 01338.479 01197.072
-9999.0 00127.057 00584.150 00673.594 00720.965 00641.434 00433.619 -9999.0 00047.868 00089.897 00095.440 00099.112 01369.029 00975.255 00666.590 00771.460 00978.850 00693.667 00596.077 00663.536 00006.592 00003.068 00010.851 00012.147 00008.571 00441.454 00040.292 00072.897 00403.608 00845.873 01023.897 01128.152 01212.390 01324.936 01443.240 01031.987 01060.975 01085.635 01127.344 01428.512 00242.001 00086.658 00080.319 00057.430 00033.384 00050.992 00285.382 01531.313 01368.770 01204.894 01185.726 01709.436 01837.209 01844.569 01824.244 01794.633 01750.002 01706.457 01643.526 01571.250 01459.612 01381.956 01182.554 00940.071
00514.490 00956.619 01079.027 01059.901 00986.132 00910.981 00789.697 00055.092 00086.874 00078.122 00071.942 00089.251 01314.399 00671.056 00713.182 00957.791 01063.713 00655.524 00802.244 00886.096 00004.191 00011.071 00013.014 00030.904 00008.520 00473.778 00073.890 00039.507 00340.156 00712.857 01006.617 01130.334 01228.535 01297.002 00983.365 01041.205 01055.358 01057.905 01069.390 00983.573 00134.155 00057.628 00055.130 00045.459 00026.771 00221.044 00698.959 00639.838 00602.985 00641.539 01161.370 01507.422 01678.928 01655.949 01634.320 01603.682 01570.795 01539.383 01462.198 01364.574 01240.668 01076.443 00535.077 00335.347
01104.609 01196.496 01215.639 01256.852 01163.407 01018.312 00900.153 00089.847 00092.693 00095.505 01427.570 01417.661 00662.478 00644.116 00743.063 01685.529 01743.102 00570.535 00141.396 00091.937 00000.057 00011.609 00656.297 00538.245 00496.492 00500.548 00204.531 00008.193 00153.706 00582.229 00951.939 01036.450 00978.183 00970.923 01023.818 01059.902 01048.836 01030.628 01023.695 00884.776 00872.302 00853.714 00806.255 00685.415 00321.522 00013.200 00184.954 00147.944 00092.693 00320.995 00037.256 00027.523 01404.180 01407.992 01398.840 01361.682 01317.455 01248.714 01120.762 00910.044 00514.171 00414.651 00146.717 00012.703
01288.061 01329.851 01369.780 01356.587 01318.049 01159.412 00969.529 00098.999 00100.622 00102.534 01527.718 00698.100 00676.107 00788.222 01352.109 02224.093 00936.309 00194.009 00134.228 00665.088 00004.163 00011.808 00665.785 00548.702 00535.950 00517.773 00381.582 00044.003 00061.130 00365.466 00731.122 00883.338 00945.047 00987.434 01055.999 01071.244 01032.603 01008.090 00955.658 00897.846 00893.843 00873.160 00846.770 00794.285 00766.338 00284.482 00111.755 00249.298 00165.414 00039.309 00084.785 00028.725 00614.399 00648.066 00637.860 00618.611 00600.022 00563.812 00403.693 00217.255 00095.467 00011.951 00053.114 00150.155
01458.787 01534.163 01535.810 01509.075 01482.286 01276.630 00934.967 00063.904 00103.199 00099.923 01583.237 00720.485 00699.109 01739.942 01975.549 01533.728 00693.090 00017.298 00696.455 00411.289 00001.141 00011.790 00690.022 00585.966 00548.597 00534.716 00504.115 00124.044 00008.546 00179.354 00635.173 00896.172 00954.655 00996.538 01064.020 01075.439 01039.562 01014.382 00986.262 00920.058 00930.928 00938.270 00897.075 00894.237 00996.437 00947.420 00881.715 00995.584 00948.900 00690.749 00059.572 00134.768 00047.768 00135.536 00146.971 00120.539 00081.175 00000.681 00018.644 00046.737 00100.152 00172.670 00349.343 00622.208
01603.480 01664.392 01680.084 01700.670 01621.611 01470.266 01485.760 01434.339 01492.962 00937.029 01650.353 00756.167 00819.754 01102.602 01921.118 01280.642 00286.011 00128.700 00784.979 00772.021 00694.846 00516.379 00698.219 00704.860 00566.205 00545.547 00492.724 00224.437 00009.461 00167.797 00631.548 00896.829 00965.390 01002.939 01089.873 01079.474 01086.707 01029.501 01034.232 00945.142 01041.520 01189.349 00054.662 00056.081 00045.028 00046.691 00052.069 00050.997 00047.201 00050.662 00065.828 00038.021 00133.301 00092.376 00095.904 00106.904 00120.799 00144.308 00225.150 00283.585 00491.613 00834.177 01209.923 01374.387
01715.529 01758.209 01785.434 01809.335 01656.473 01675.908 01692.401 01707.629 01705.827 01650.176 01597.985 00720.980 01211.061 01504.952 01162.553 00889.456 00311.172 00129.830 00765.950 00825.064 00894.094 00775.327 00698.329 00686.607 00546.063 00520.810 00495.323 00256.225 00012.122 00155.116 00624.914 00898.175 00987.348 01013.387 01101.334 01091.348 01133.663 01065.742 01056.631 00952.490 01088.542 00787.795 00099.999 00066.526 00057.962 00053.909 00060.168 00062.618 00079.871 00091.330 00089.059 00038.518 00621.172 00629.952 00625.660 00712.299 00707.429 00795.641 00924.866 01361.116 01353.590 01432.044 01484.250 01549.300
01799.569 01852.926 01890.715 01900.405 01764.973 01714.378 01649.162 01676.928 01688.377 01708.212 01717.935 00813.927 00879.522 01600.493 01302.256 00761.837 00420.843 00122.516 00684.190 00819.310 00900.364 00894.909 00659.968 00668.808 00560.406 00521.720 00497.744 00299.953 00016.881 00151.485 00609.598 00901.540 01001.021 01033.120 01123.813 01079.237 01130.182 01136.983 01095.208 01138.304 00979.317 00712.259 00135.429 00143.525 00081.146 00083.974 00087.123 01037.863 01329.585 01715.443 00649.016 00041.646 00867.515 01061.381 01076.265 01269.374 01300.614 01341.616 01481.238 01539.398 01454.411 01516.144 01629.196 01692.143
01838.908 01854.635 01869.081 01872.175 01715.853 01680.207 01704.910 01740.375 01749.816 01755.819 01731.216 00798.267 01082.495 01561.883 01218.072 00734.635 00509.980 00000.137 00692.029 00748.009 00803.298 00853.323 00660.669 00669.106 00543.935 00521.341 00499.534 00331.100 00026.507 00124.767 00556.563 00886.762 00997.407 01065.346 01131.170 01079.598 01181.582 01206.150 01185.507 01211.628 01367.238 01637.440 00175.872 00194.072 00184.192 00100.550 00064.857 01066.992 01256.707 01536.159 01005.169 00045.147 01028.492 01190.032 01236.490 01283.711 01367.774 01530.460 01651.935 01639.152 01602.699 01564.930 01668.712 01749.660
01820.788 01860.484 01900.252 01922.412 01804.937 01721.340 01743.783 01748.582 01747.412 01734.878 01740.122 01228.168 01295.915 01443.101 01106.774 00675.994 00554.783 00144.768 00527.440 00753.033 00811.099 00866.314 00664.057 00668.635 00599.511 00526.772 00505.781 00434.608 00043.172 00070.001 00395.910 00838.321 01004.869 01077.861 01105.322 01169.050 01193.763 01235.445 01320.888 01348.349 01766.243 01923.864 00178.518 00187.333 00180.590 00111.672 00063.493 01312.489 01307.079 01555.293 00405.279 00044.438 01131.600 01247.335 01315.040 01308.512 01421.582 01540.596 01660.092 01719.744 01677.311 01579.026 01646.180 01731.922
