tests/Case_5_ReactionIntensity.asc
NCOLS 354
NROWS 235
XLLCORNER 2900300.000000
YLLCORNER 2159500.000000
CELLSIZE 100.000000
NODATA_VALUE -9999.0
[rows 174 to 202 of 235, columns 260 to 324 of 354]
00239.003 00445.068 00507.032 00504.773 00559.977 00569.635 00595.622 00614.619 00460.491 00410.432 01774.669 00804.159 00694.539 01252.834 01954.692 00958.396 00781.904 01485.505 02067.866 01016.720 01395.871 01544.375 01570.771 01337.123 01977.824 00550.521 00320.862 00172.669 00339.031 00262.700 00435.987 00658.940 00563.043 00436.544 -9999.0 -9999.0 -9999.0 -9999.0 -9999.0 -9999.0 -9999.0 -9999.0 -9999.0 -9999.0 -9999.0 -9999.0 -9999.0 -9999.0 -9999.0 -9999.0 -9999.0 -9999.0 -9999.0 -9999.0 -9999.0 -9999.0 -9999.0 -9999.0 -9999.0 -9999.0 -9999.0 -9999.0 -9999.0 -9999.0 -9999.0
00161.280 00316.163 00185.694 00198.010 00053.107 00028.762 00487.348 00248.892 00541.904 00167.320 00385.158 00281.592 01858.433 01327.705 01992.366 -9999.0 -9999.0 01380.119 02050.066 00760.368 00831.955 01140.422 01098.791 00878.286 01846.563 00537.022 00221.529 00181.160 00436.891 00648.491 00597.292 00657.828 00411.172 00320.584 -9999.0 -9999.0 -9999.0 -9999.0 -9999.0 -9999.0 -9999.0 -9999.0 -9999.0 -9999.0 -9999.0 -9999.0 -9999.0 -9999.0 -9999.0 -9999.0 -9999.0 -9999.0 -9999.0 -9999.0 -9999.0 -9999.0 -9999.0 -9999.0 -9999.0 -9999.0 -9999.0 -9999.0 -9999.0 -9999.0 -9999.0
00188.353 00241.640 00559.921 00319.531 00339.809 00157.663 00348.308 00503.006 00132.933 00475.402 00147.053 00457.468 00656.130 01801.065 01935.630 -9999.0 -9999.0 01147.360 01685.655 01134.080 00914.414 01927.857 00719.497 01946.912 01566.630 00528.486 00469.099 00447.459 00215.256 00362.628 00672.833 00649.208 00467.857 00185.963 -9999.0 -9999.0 -9999.0 -9999.0 -9999.0 -9999.0 -9999.0 -9999.0 -9999.0 -9999.0 -9999.0 -9999.0 -9999.0 -9999.0 -9999.0 -9999.0 -9999.0 -9999.0 -9999.0 -9999.0 -9999.0 -9999.0 -9999.0 -9999.0 -9999.0 -9999.0 -9999.0 -9999.0 -9999.0 -9999.0 -9999.0
00133.012 00141.769 00558.849 00482.102 00281.056 00508.365 00140.170 -9999.0 -9999.0 -9999.0 -9999.0 -9999.0 -9999.0 -9999.0 -9999.0 -9999.0 -9999.0 01749.736 02030.414 00735.890 01268.819 00855.696 01075.999 01343.740 00945.719 00408.712 00331.217 00193.693 00509.695 00232.207 00673.480 00642.038 00651.040 00225.210 00569.281 00463.891 00278.334 -9999.0 -9999.0 -9999.0 -9999.0 -9999.0 -9999.0 -9999.0 -9999.0 -9999.0 -9999.0 -9999.0 -9999.0 -9999.0 -9999.0 -9999.0 -9999.0 -9999.0 -9999.0 -9999.0 -9999.0 -9999.0 -9999.0 -9999.0 -9999.0 -9999.0 -9999.0 -9999.0 -9999.0
00138.352 00136.319 00134.969 00132.752 00137.909 00138.964 00151.344 -9999.0 -9999.0 -9999.0 -9999.0 -9999.0 -9999.0 -9999.0 -9999.0 -9999.0 -9999.0 01427.613 01723.695 01601.156 01246.715 00999.875 00687.818 01977.411 01539.697 00458.121 00196.080 00441.851 00494.813 00394.112 00571.092 00616.340 00294.337 00653.245 00662.734 00642.338 00498.435 00221.746 00161.750 00201.425 -9999.0 -9999.0 -9999.0 -9999.0 -9999.0 -9999.0 -9999.0 -9999.0 -9999.0 -9999.0 -9999.0 -9999.0 -9999.0 -9999.0 -9999.0 -9999.0 -9999.0 -9999.0 -9999.0 -9999.0 -9999.0 -9999.0 -9999.0 -9999.0 -9999.0
00146.723 00147.744 00143.674 00142.339 00147.477 00150.929 00155.486 -9999.0 -9999.0 -9999.0 -9999.0 -9999.0 -9999.0 -9999.0 -9999.0 -9999.0 -9999.0 01608.776 00685.926 00606.522 00662.110 01243.331 01726.510 00940.631 01067.681 00301.560 00549.999 00477.924 00488.764 00273.890 00461.145 00333.389 00277.070 00368.000 00339.757 00248.704 00670.817 00666.454 00651.632 00647.794 00608.933 00436.159 00277.262 -9999.0 -9999.0 -9999.0 -9999.0 -9999.0 -9999.0 -9999.0 -9999.0 -9999.0 -9999.0 -9999.0 -9999.0 -9999.0 -9999.0 -9999.0 -9999.0 -9999.0 -9999.0 -9999.0 -9999.0 -9999.0 -9999.0
00145.980 00148.004 00145.620 00145.956 00149.574 00151.200 00155.288 -9999.0 -9999.0 -9999.0 02099.361 01314.116 -9999.0 -9999.0 -9999.0 01111.605 00366.612 01875.076 01214.113 00634.719 01639.482 00843.893 01421.595 00870.695 00624.307 00775.097 01366.576 00522.627 00378.092 00400.634 01828.514 01497.453 02178.351 01929.422 01107.781 02119.998 00965.814 02295.881 01624.814 01667.108 00658.768 01832.460 00329.277 00159.862 -9999.0 -9999.0 -9999.0 -9999.0 -9999.0 -9999.0 -9999.0 -9999.0 -9999.0 -9999.0 -9999.0 -9999.0 -9999.0 -9999.0 -9999.0 -9999.0 -9999.0 -9999.0 -9999.0 -9999.0 -9999.0
00144.633 00149.311 00148.892 00148.766 00150.767 00153.779 00155.688 -9999.0 -9999.0 -9999.0 00070.053 01338.372 -9999.0 -9999.0 -9999.0 00084.848 00281.962 01896.900 00487.905 00495.525 01473.866 00485.536 00844.612 01664.704 01296.797 01111.692 00911.623 00554.861 00440.418 00312.102 00169.096 02053.246 00321.284 01672.876 00527.067 02264.055 01708.224 01243.950 01137.957 00939.630 00702.964 00850.170 00315.275 00014.562 -9999.0 -9999.0 -9999.0 -9999.0 -9999.0 -9999.0 -9999.0 -9999.0 -9999.0 -9999.0 -9999.0 -9999.0 -9999.0 -9999.0 -9999.0 -9999.0 -9999.0 -9999.0 -9999.0 -9999.0 -9999.0
00315.641 00515.342 00445.546 00293.434 00174.346 00586.287 00482.874 -9999.0 -9999.0 -9999.0 00903.535 01361.448 01325.182 01931.521 00583.411 00375.150 00875.181 00195.249 01313.263 00827.973 01864.557 01380.897 01219.990 00290.277 00591.333 00502.086 00263.725 00080.796 01613.445 00314.458 01611.550 00899.891 01091.653 00638.631 00244.325 00235.797 00182.899 02278.516 02232.724 02174.598 00648.481 00577.268 -9999.0 -9999.0 -9999.0 -9999.0 -9999.0 -9999.0 -9999.0 -9999.0 -9999.0 -9999.0 -9999.0 -9999.0 -9999.0 -9999.0 -9999.0 -9999.0 -9999.0 -9999.0 -9999.0 -9999.0 -9999.0 -9999.0 -9999.0
00190.379 00230.853 00554.362 00261.909 00357.622 00200.489 00647.835 -9999.0 -9999.0 -9999.0 01779.166 01753.656 00719.171 01432.306 00789.797 00179.685 00303.450 00404.260 01424.790 01482.919 01686.252 01663.979 00380.421 00224.969 00218.544 00035.358 00278.727 00913.921 01206.428 01872.160 00722.800 01663.382 02169.308 02009.369 02109.801 01971.316 01784.572 01530.464 01127.800 01007.173 00653.045 00423.416 -9999.0 -9999.0 -9999.0 -9999.0 -9999.0 -9999.0 -9999.0 -9999.0 -9999.0 -9999.0 -9999.0 -9999.0 -9999.0 -9999.0 -9999.0 -9999.0 -9999.0 -9999.0 -9999.0 -9999.0 -9999.0 -9999.0 -9999.0
00270.430 00582.720 00288.965 00514.315 00316.925 00224.694 00645.998 -9999.0 -9999.0 -9999.0 02077.825 01698.604 01558.256 01489.126 01712.552 00403.402 00677.167 00999.093 00033.416 00085.041 00405.827 00000.000 00164.544 00149.294 00355.034 00547.800 00557.151 01437.260 01888.647 01228.481 00461.011 01991.375 01701.857 01452.622 01272.345 01072.292 00871.370 00655.471 00393.595 02255.787 00653.810 00561.319 -9999.0 -9999.0 -9999.0 -9999.0 -9999.0 -9999.0 -9999.0 -9999.0 -9999.0 -9999.0 -9999.0 -9999.0 -9999.0 -9999.0 -9999.0 -9999.0 -9999.0 -9999.0 -9999.0 -9999.0 -9999.0 -9999.0 -9999.0
00293.531 00502.978 00553.265 00268.527 00486.394 00263.671 01310.530 -9999.0 -9999.0 -9999.0 00342.620 01750.202 01536.726 01418.991 01274.139 00136.889 00550.364 00305.635 00396.513 00108.715 00306.450 00608.646 00141.791 00129.154 00359.241 00477.155 00611.873 00177.976 01874.421 01841.735 01934.887 01790.434 02145.328 00319.928 00226.740 01840.648 01441.159 01110.556 00869.025 00993.437 00663.189 00268.907 -9999.0 -9999.0 -9999.0 -9999.0 -9999.0 -9999.0 -9999.0 -9999.0 -9999.0 -9999.0 -9999.0 -9999.0 -9999.0 -9999.0 -9999.0 -9999.0 -9999.0 -9999.0 -9999.0 -9999.0 -9999.0 -9999.0 -9999.0
00307.141 00807.236 00665.205 00163.253 00426.029 02095.850 00931.268 -9999.0 -9999.0 -9999.0 00960.111 01780.203 01037.580 00735.968 00721.870 00383.432 00228.983 00349.484 00311.433 01271.844 01696.887 01150.107 00762.436 00472.571 00487.762 00706.375 01429.404 01725.545 00871.803 01720.521 00605.586 00349.381 00455.579 00558.956 00711.538 01268.578 00726.676 01235.936 01625.878 02084.556 00666.354 00273.837 -9999.0 -9999.0 -9999.0 -9999.0 -9999.0 -9999.0 -9999.0 -9999.0 -9999.0 -9999.0 -9999.0 -9999.0 -9999.0 -9999.0 -9999.0 -9999.0 -9999.0 -9999.0 -9999.0 -9999.0 -9999.0 -9999.0 -9999.0
01946.149 01187.460 01869.114 01059.363 01814.195 00987.908 00494.194 00788.913 01295.913 00085.841 01333.405 01560.454 01223.551 00948.514 00648.242 00160.812 00092.925 00378.337 00370.492 00387.550 00631.483 00522.257 00679.163 00547.801 00623.893 00798.384 01036.836 01153.950 01196.110 02031.851 01081.834 00257.592 00483.556 00285.817 00332.951 00549.708 00648.563 00669.564 00662.057 00652.130 00640.019 00355.278 -9999.0 -9999.0 -9999.0 -9999.0 -9999.0 -9999.0 -9999.0 -9999.0 -9999.0 -9999.0 -9999.0 -9999.0 -9999.0 -9999.0 -9999.0 -9999.0 -9999.0 -9999.0 -9999.0 -9999.0 -9999.0 -9999.0 -9999.0
01066.602 00650.162 00421.328 00499.337 00467.249 00330.824 00806.130 01492.382 02026.570 00779.635 01592.016 01525.056 00584.866 00885.438 00321.378 00663.995 00336.604 00079.632 00706.622 00917.936 00980.971 00411.831 01189.862 01435.471 01326.285 01579.609 01385.627 01695.876 01386.665 01128.975 00394.797 00851.624 00541.762 00467.130 00402.661 00514.130 00181.181 00681.128 00664.289 00428.237 00185.008 -9999.0 -9999.0 -9999.0 -9999.0 -9999.0 -9999.0 -9999.0 -9999.0 -9999.0 -9999.0 -9999.0 -9999.0 -9999.0 -9999.0 -9999.0 -9999.0 -9999.0 -9999.0 -9999.0 -9999.0 -9999.0 -9999.0 -9999.0 -9999.0
00804.775 00959.932 01392.415 00530.384 01847.441 01932.458 01869.317 01956.671 00831.578 00690.292 00773.764 00761.263 00437.180 00613.287 00346.357 00446.289 00341.393 00685.434 00454.164 00439.596 00714.021 00514.802 01932.345 01425.429 01833.224 00991.003 01468.558 01328.015 00739.833 00810.457 00736.181 01395.329 00158.266 00490.127 00490.636 00567.514 00262.644 00407.732 00662.685 00646.102 00213.578 00061.194 -9999.0 -9999.0 -9999.0 -9999.0 -9999.0 -9999.0 -9999.0 -9999.0 -9999.0 -9999.0 -9999.0 -9999.0 -9999.0 -9999.0 -9999.0 -9999.0 -9999.0 -9999.0 -9999.0 -9999.0 -9999.0 -9999.0 -9999.0
01829.604 00115.812 -9999.0 -9999.0 -9999.0 00494.607 00628.369 01039.395 01077.332 01960.868 01305.871 00735.163 00494.222 00833.962 00767.342 00240.614 00279.633 00593.841 00608.218 00681.023 00835.397 01364.957 00847.389 00177.329 01593.671 00766.732 01385.073 01719.008 00426.471 00225.541 01278.197 00572.729 02160.738 00700.029 01254.101 00556.608 00482.120 00208.494 00671.320 00650.595 00509.776 00440.006 -9999.0 -9999.0 -9999.0 -9999.0 -9999.0 -9999.0 -9999.0 -9999.0 -9999.0 -9999.0 -9999.0 -9999.0 -9999.0 -9999.0 -9999.0 -9999.0 -9999.0 -9999.0 -9999.0 -9999.0 -9999.0 -9999.0 -9999.0
01894.935 01537.235 -9999.0 -9999.0 -9999.0 00332.896 01739.974 00645.226 01057.455 01122.185 00620.275 01051.890 01482.729 00048.409 01299.530 00570.390 00540.000 01016.547 00742.251 00626.814 00396.538 01502.289 01724.926 01990.280 00595.892 01628.990 01154.718 00519.068 01439.642 00719.052 00803.306 01608.412 02168.194 00167.222 01697.299 00327.612 00230.396 00271.938 00285.344 00665.269 00241.460 00470.337 -9999.0 -9999.0 -9999.0 -9999.0 -9999.0 -9999.0 -9999.0 -9999.0 -9999.0 -9999.0 -9999.0 -9999.0 -9999.0 -9999.0 -9999.0 -9999.0 -9999.0 -9999.0 -9999.0 -9999.0 -9999.0 -9999.0 -9999.0
00890.601 00317.699 00726.266 01269.429 00759.839 00441.507 00573.458 01474.831 00478.108 00996.576 00755.477 01130.722 00528.688 00566.644 00410.308 00355.926 00217.618 00332.901 00585.945 00541.197 00275.210 00336.688 00720.893 01348.419 00741.982 01045.895 02122.700 00576.898 00575.703 01327.257 00500.625 01316.841 01355.202 01361.652 01070.450 01311.965 00485.929 00271.290 00623.022 00659.226 00645.170 00489.395 00415.283 -9999.0 -9999.0 -9999.0 -9999.0 -9999.0 -9999.0 -9999.0 -9999.0 -9999.0 -9999.0 -9999.0 -9999.0 -9999.0 -9999.0 -9999.0 -9999.0 -9999.0 -9999.0 -9999.0 -9999.0 -9999.0 -9999.0
01549.053 01039.666 00773.363 01412.399 01691.365 00360.410 00557.653 01836.996 01702.215 01350.535 00754.932 00598.435 00578.223 00284.277 00261.098 00449.814 00462.952 00545.254 00567.134 00164.678 00330.102 00550.268 01250.805 00662.397 01469.046 01870.440 01841.146 02096.178 01968.532 01429.322 01137.106 01714.414 00915.302 01817.765 02077.223 00314.727 00377.386 00350.923 00209.048 00665.787 00659.073 00421.366 00569.905 00485.690 00512.893 00366.271 00256.783 -9999.0 -9999.0 -9999.0 -9999.0 -9999.0 -9999.0 -9999.0 -9999.0 -9999.0 -9999.0 -9999.0 -9999.0 -9999.0 -9999.0 -9999.0 -9999.0 -9999.0 -9999.0
01061.481 00313.990 01922.684 00863.589 00623.632 01581.934 02104.538 01578.413 00306.727 01352.454 02012.446 00467.387 00477.737 00340.500 00597.608 00212.338 00650.386 00312.244 00456.621 00620.549 00571.507 00587.441 01935.870 01893.726 00731.557 01711.964 00942.826 00919.985 01832.802 00955.576 00362.699 00860.960 01534.991 01737.374 01677.630 00661.046 01821.093 00427.278 00645.378 00610.367 00669.396 00658.196 00649.406 00649.388 00579.719 00542.248 00364.842 00184.862 -9999.0 -9999.0 -9999.0 -9999.0 -9999.0 -9999.0 -9999.0 -9999.0 -9999.0 -9999.0 -9999.0 -9999.0 -9999.0 -9999.0 -9999.0 -9999.0 -9999.0
00169.604 01629.713 01510.074 01165.663 01314.342 00530.568 01704.928 00656.988 02012.551 00237.574 00352.564 00328.391 00328.181 00167.540 00474.721 00408.514 00590.580 00586.034 00302.145 00360.247 00528.753 00530.855 00292.883 00583.935 00590.164 00262.385 00368.490 00210.779 00448.770 00528.391 00231.731 00304.637 00858.132 00998.265 01009.430 00337.445 01052.889 01993.583 01385.786 00406.709 00745.881 01324.470 01871.857 00956.593 01503.016 02141.222 00784.476 00450.312 -9999.0 -9999.0 -9999.0 -9999.0 -9999.0 -9999.0 -9999.0 -9999.0 -9999.0 -9999.0 -9999.0 -9999.0 -9999.0 -9999.0 -9999.0 -9999.0 -9999.0
00424.222 00911.795 01459.145 01515.618 01994.791 01246.882 00919.836 00283.036 00740.081 00659.120 00234.593 00276.285 00280.195 00204.261 00219.880 00611.692 00672.361 00660.297 00488.964 00545.209 00474.775 00481.773 00333.940 00213.804 00396.165 00609.276 00286.537 00532.169 00163.339 00386.752 00612.956 00289.238 00717.448 01327.945 00700.151 01468.450 01572.740 01934.943 02139.879 01483.641 02110.755 01090.725 01567.651 02188.892 01422.063 01825.910 00343.335 00358.708 -9999.0 -9999.0 -9999.0 -9999.0 -9999.0 -9999.0 -9999.0 -9999.0 -9999.0 -9999.0 -9999.0 -9999.0 -9999.0 -9999.0 -9999.0 -9999.0 -9999.0
00885.298 01771.048 01864.294 01759.761 01997.550 00349.259 00380.961 00685.157 01420.303 01937.479 00490.270 00206.372 00426.850 00205.527 00558.638 00668.411 00658.850 00644.903 00411.276 00617.133 00453.906 00272.650 00479.082 00410.263 00169.508 00377.493 00205.270 00337.043 00485.969 00271.032 00395.828 00228.678 00413.815 00474.798 00172.581 02064.429 00747.326 00441.289 00446.401 00651.223 00378.425 00659.957 00653.621 00658.036 00645.051 00428.029 00177.285 00441.391 -9999.0 -9999.0 -9999.0 -9999.0 -9999.0 -9999.0 -9999.0 -9999.0 -9999.0 -9999.0 -9999.0 -9999.0 -9999.0 -9999.0 -9999.0 -9999.0 -9999.0
02001.332 00339.011 00503.650 01874.623 01067.491 00368.088 00628.740 00687.457 01240.370 00191.467 00382.959 00223.162 00664.953 00434.925 00662.089 00653.937 00159.745 00445.857 00658.644 00528.964 00203.574 00367.915 00466.214 00607.927 00381.806 00562.219 00624.956 00623.470 00460.398 00638.011 00474.143 00678.757 00502.774 00397.450 00406.722 00917.249 00785.674 00543.342 00207.934 00198.343 00664.467 00647.200 00422.725 00286.748 00481.503 00588.594 00177.316 -9999.0 -9999.0 -9999.0 -9999.0 -9999.0 -9999.0 -9999.0 -9999.0 -9999.0 -9999.0 -9999.0 -9999.0 -9999.0 -9999.0 -9999.0 -9999.0 -9999.0 -9999.0
02077.664 00460.099 00293.990 00546.050 01230.255 00605.845 00397.934 01765.844 00440.227 00311.071 00560.398 00416.868 00198.627 00668.197 00659.708 00636.253 00300.525 -9999.0 00352.627 00648.838 00666.037 00668.699 00676.669 00645.616 00332.946 00477.894 00238.814 00382.288 00546.097 00677.445 00649.110 00636.625 00647.946 00643.652 00571.441 02081.162 01308.832 00448.174 00673.781 00659.010 00640.827 00182.351 00396.716 00192.895 -9999.0 -9999.0 -9999.0 -9999.0 -9999.0 -9999.0 -9999.0 -9999.0 -9999.0 -9999.0 -9999.0 -9999.0 -9999.0 -9999.0 -9999.0 -9999.0 -9999.0 -9999.0 -9999.0 -9999.0 -9999.0
01733.309 01558.623 01552.541 00431.782 00165.790 00323.382 00191.580 00185.072 00628.679 00414.638 00407.457 00168.439 00458.164 00671.483 00645.103 00560.078 00059.866 -9999.0 -9999.0 -9999.0 00518.099 00342.123 00531.271 00633.139 00654.917 00659.729 00654.783 00652.387 00641.394 00644.536 00364.304 00508.187 00161.905 00282.821 00652.307 00630.584 00248.818 00668.715 00651.066 00580.515 00474.004 00347.105 -9999.0 -9999.0 -9999.0 -9999.0 -9999.0 -9999.0 -9999.0 -9999.0 -9999.0 -9999.0 -9999.0 -9999.0 -9999.0 -9999.0 -9999.0 -9999.0 -9999.0 -9999.0 -9999.0 -9999.0 -9999.0 -9999.0 -9999.0
01681.897 00179.484 00720.182 00290.017 01945.111 00300.001 00416.703 00237.913 00451.591 00200.002 00467.571 00439.986 00673.167 00646.353 00391.560 00130.666 -9999.0 -9999.0 -9999.0 -9999.0 -9999.0 -9999.0 -9999.0 -9999.0 00381.342 00194.173 00540.448 00244.397 00250.456 00255.413 00157.315 -9999.0 -9999.0 -9999.0 00541.116 00640.294 00649.090 00639.341 00484.174 00335.895 -9999.0 -9999.0 -9999.0 -9999.0 -9999.0 -9999.0 -9999.0 -9999.0 -9999.0 -9999.0 -9999.0 -9999.0 -9999.0 -9999.0 -9999.0 -9999.0 -9999.0 -9999.0 -9999.0 -9999.0 -9999.0 -9999.0 -9999.0 -9999.0 -9999.0
01836.404 00832.756 02056.447 00594.236 01827.139 00593.794 00541.735 00176.185 00205.823 00366.410 00659.932 00661.837 00643.258 00404.519 00158.861 -9999.0 -9999.0 -9999.0 -9999.0 -9999.0 -9999.0 -9999.0 -9999.0 -9999.0 -9999.0 -9999.0 -9999.0 -9999.0 -9999.0 -9999.0 -9999.0 -9999.0 -9999.0 -9999.0 -9999.0 00103.906 00085.835 00176.299 00109.369 -9999.0 -9999.0 -9999.0 -9999.0 -9999.0 -9999.0 -9999.0 -9999.0 -9999.0 -9999.0 -9999.0 -9999.0 -9999.0 -9999.0 -9999.0 -9999.0 -9999.0 -9999.0 -9999.0 -9999.0 -9999.0 -9999.0 -9999.0 -9999.0 -9999.0 -9999.0
