tests/Case_4_SpreadRate.asc
NCOLS 245
NROWS 163
XLLCORNER 4208400.000000
YLLCORNER 1880200.000000
CELLSIZE 100.000000
NODATA_VALUE -9999.0
[rows 62 to 92 of 163, columns 69 to 137 of 245]
-9999.0 -9999.0 00.90 01.11 01.29 01.27 00.64 00.43 00.48 00.39 00.58 01.40 00.55 00.74 00.59 00.61 00.71 00.75 00.51 00.43 00.59 00.74 00.61 00.44 00.63 01.75 01.84 01.90 02.89 03.22 10.56 09.89 02.30 03.24 02.93 03.35 03.09 -9999.00 -9999.0 -9999.0 -9999.0 -9999.0 -9999.0 -9999.0 -9999.0 -9999.0 -9999.0 -9999.0 -9999.0 -9999.0 -9999.0 -9999.0 -9999.0 -9999.0 -9999.0 -9999.0 -9999.0 -9999.0 -9999.0 -9999.0 -9999.0 -9999.0 -9999.0 -9999.00 02.58 03.64 03.92 04.06 04.06
-9999.0 00.81 00.96 00.92 00.96 00.57 00.45 00.40 00.49 00.42 01.71 02.33 00.42 00.48 00.48 00.52 00.59 00.66 00.69 00.41 00.64 00.74 00.61 00.24 00.65 01.80 01.89 01.97 02.76 03.01 10.29 10.30 02.63 04.01 02.68 02.89 03.34 -9999.00 -9999.0 -9999.0 -9999.0 -9999.0 -9999.0 -9999.0 -9999.0 -9999.0 -9999.0 -9999.0 -9999.0 -9999.0 -9999.0 -9999.0 -9999.0 -9999.0 -9999.0 -9999.0 -9999.0 -9999.0 -9999.0 -9999.0 -9999.0 -9999.0 -9999.00 04.02 04.08 03.66 03.77 03.96 04.01
00.89 00.97 00.95 00.93 00.64 00.43 00.54 00.58 00.49 00.43 02.02 01.84 00.67 00.69 00.81 00.86 00.73 00.58 00.68 00.40 00.66 00.74 00.60 00.55 00.66 01.84 01.94 02.02 02.49 02.79 09.41 10.18 03.98 04.01 03.47 02.72 02.78 -9999.00 -9999.0 -9999.0 -9999.0 -9999.0 -9999.0 -9999.0 -9999.0 -9999.0 -9999.0 -9999.0 -9999.0 -9999.0 -9999.0 -9999.0 -9999.0 -9999.0 -9999.0 -9999.0 -9999.0 -9999.0 -9999.0 -9999.0 -9999.0 -9999.00 -9999.00 04.07 04.03 03.96 03.58 04.94 04.24
01.11 01.07 01.09 00.63 00.43 00.53 00.53 00.56 00.57 00.38 02.07 02.16 02.23 02.75 03.23 02.01 01.23 00.76 00.60 00.41 00.66 00.75 00.62 00.40 00.66 01.86 01.96 02.04 02.14 02.28 07.56 09.63 04.06 04.02 04.02 03.22 02.63 -9999.0 -9999.0 -9999.0 -9999.0 -9999.0 -9999.0 -9999.0 -9999.0 -9999.0 -9999.0 -9999.0 -9999.0 -9999.0 -9999.0 -9999.0 -9999.0 -9999.0 -9999.0 -9999.0 -9999.0 -9999.0 -9999.0 -9999.00 -9999.00 03.84 04.08 04.07 03.97 04.00 03.68 -9999.00 -9999.00
01.07 01.10 01.12 00.62 00.47 00.51 00.52 00.41 00.36 00.37 02.14 02.51 02.62 02.76 03.04 02.41 01.84 01.34 00.72 00.42 00.67 00.77 00.64 00.33 00.66 01.85 01.94 01.99 01.94 01.76 03.88 07.37 04.22 05.88 03.90 03.19 -9999.00 -9999.0 -9999.0 -9999.0 -9999.0 -9999.0 -9999.0 -9999.0 -9999.0 -9999.0 -9999.0 -9999.0 -9999.0 -9999.0 -9999.0 -9999.0 -9999.0 -9999.0 -9999.0 -9999.0 -9999.0 -9999.0 -9999.0 -9999.00 02.83 03.19 04.57 06.33 05.97 -9999.00 -9999.00 -9999.0 -9999.0
01.01 01.00 00.55 00.40 00.54 00.52 00.47 02.01 02.06 02.12 02.46 02.52 02.64 02.79 03.16 02.17 01.97 01.28 01.08 00.29 00.66 00.77 00.59 00.38 00.67 01.35 01.78 01.69 01.68 02.28 02.43 02.71 08.36 10.06 09.23 03.02 -9999.0 -9999.0 -9999.0 -9999.0 -9999.0 -9999.0 -9999.0 -9999.0 -9999.0 -9999.0 -9999.0 -9999.0 -9999.0 -9999.0 -9999.0 -9999.0 -9999.0 -9999.0 -9999.0 -9999.0 -9999.0 -9999.0 -9999.00 03.94 04.11 02.73 07.77 -9999.00 -9999.0 -9999.0 -9999.0 -9999.0 -9999.0
01.10 00.63 00.50 00.52 00.56 00.53 00.43 02.06 02.08 02.38 02.46 02.52 02.62 02.80 03.22 01.93 01.91 01.88 01.39 00.98 00.73 00.70 00.52 00.61 01.46 01.49 01.52 01.55 03.73 03.51 02.09 02.25 07.25 08.50 08.29 -9999.00 -9999.0 -9999.0 -9999.0 -9999.0 -9999.0 -9999.0 -9999.0 -9999.0 -9999.0 -9999.0 -9999.0 -9999.0 -9999.0 -9999.0 -9999.0 -9999.0 -9999.0 -9999.0 -9999.0 -9999.0 -9999.0 -9999.0 -9999.00 03.98 04.04 03.24 -9999.00 -9999.0 -9999.0 -9999.0 -9999.0 -9999.0 -9999.0
01.08 00.64 00.26 00.49 00.47 00.43 00.34 02.09 02.33 02.37 02.44 02.51 02.60 02.82 03.32 02.29 01.99 01.94 01.88 01.34 00.74 00.61 00.33 00.68 01.65 01.69 01.69 03.42 03.22 03.33 04.67 02.03 05.36 08.02 08.06 -9999.0 -9999.0 -9999.0 -9999.0 -9999.0 -9999.0 -9999.0 -9999.0 -9999.0 -9999.0 -9999.0 -9999.0 -9999.0 -9999.0 -9999.0 -9999.0 -9999.0 -9999.0 -9999.0 -9999.0 -9999.0 -9999.0 -9999.0 -9999.0 06.80 03.91 -9999.00 -9999.0 -9999.0 -9999.0 -9999.0 -9999.0 -9999.0 -9999.0
01.78 00.75 00.47 00.48 00.38 01.85 02.06 02.33 02.34 02.34 02.42 02.50 02.59 02.71 02.58 02.67 02.00 01.98 01.91 01.80 00.75 00.61 00.40 01.71 01.80 01.87 02.56 05.14 04.98 05.45 05.23 05.35 04.50 06.19 -9999.00 -9999.0 -9999.0 -9999.0 -9999.0 -9999.0 -9999.0 -9999.0 -9999.0 -9999.0 -9999.0 -9999.0 -9999.0 -9999.0 -9999.0 -9999.0 -9999.0 -9999.0 -9999.0 -9999.0 -9999.0 -9999.0 -9999.0 -9999.0 -9999.0 -9999.00 -9999.00 -9999.0 -9999.0 -9999.0 -9999.0 -9999.0 -9999.0 -9999.0 -9999.0
01.87 00.80 00.50 00.48 00.31 01.99 02.16 02.34 02.35 02.33 02.38 02.47 02.03 02.15 02.43 01.43 01.92 01.91 01.93 00.83 00.79 00.61 00.43 01.76 01.86 01.94 04.44 04.35 04.34 04.28 04.29 04.15 04.07 04.78 -9999.00 -9999.0 -9999.0 -9999.0 -9999.0 -9999.0 -9999.0 -9999.0 -9999.0 -9999.0 -9999.0 -9999.0 -9999.0 -9999.0 -9999.0 -9999.0 -9999.0 -9999.0 -9999.0 -9999.0 -9999.0 -9999.0 -9999.0 -9999.0 -9999.0 -9999.0 -9999.0 -9999.0 -9999.0 -9999.0 -9999.0 -9999.0 -9999.0 -9999.0 -9999.0
01.19 00.57 00.51 00.48 00.28 02.01 02.26 02.32 02.33 02.32 02.34 01.96 02.01 02.12 02.33 01.41 01.37 02.10 02.12 00.80 00.65 00.65 00.28 01.27 01.85 01.93 01.99 05.06 03.87 03.79 03.51 02.80 01.90 02.08 -9999.00 -9999.0 -9999.0 -9999.0 -9999.0 -9999.0 -9999.0 -9999.0 -9999.0 -9999.0 -9999.0 -9999.0 -9999.0 -9999.0 -9999.0 -9999.0 -9999.0 -9999.0 -9999.0 -9999.0 -9999.0 -9999.0 -9999.0 -9999.0 -9999.0 -9999.0 -9999.0 -9999.0 -9999.0 -9999.0 -9999.0 -9999.0 -9999.0 -9999.0 -9999.0
01.14 00.57 00.53 00.46 00.06 02.11 02.26 02.31 02.30 02.28 01.90 01.92 01.96 02.05 02.39 01.58 01.31 01.96 01.93 00.61 00.54 00.44 00.76 00.70 01.84 01.92 01.98 05.36 04.88 03.41 03.08 05.79 02.39 02.34 -9999.00 -9999.0 -9999.0 -9999.0 -9999.0 -9999.0 -9999.0 -9999.0 -9999.0 -9999.0 -9999.0 -9999.0 -9999.0 -9999.0 -9999.0 -9999.0 -9999.0 -9999.0 -9999.0 -9999.0 -9999.0 -9999.0 -9999.0 -9999.0 -9999.0 -9999.0 -9999.0 -9999.0 -9999.0 -9999.0 -9999.0 -9999.0 -9999.0 -9999.0 -9999.0
01.10 00.52 00.46 00.46 00.39 02.19 02.25 02.29 02.27 02.09 01.87 01.88 01.90 01.97 01.94 01.08 01.37 01.44 00.72 00.58 00.40 00.73 01.07 01.14 01.15 01.41 03.09 05.21 05.05 05.30 04.18 04.84 02.38 02.34 -9999.00 -9999.0 -9999.0 -9999.0 -9999.0 -9999.0 -9999.0 -9999.0 -9999.0 -9999.0 -9999.0 -9999.0 -9999.0 -9999.0 -9999.0 -9999.0 -9999.0 -9999.0 -9999.0 -9999.0 -9999.0 -9999.0 -9999.0 -9999.0 -9999.0 -9999.0 -9999.0 -9999.0 -9999.0 -9999.0 -9999.0 -9999.0 -9999.0 -9999.0 -9999.0
00.72 00.50 00.46 00.46 00.46 02.18 02.23 02.26 02.25 01.87 01.85 01.83 01.84 01.85 01.92 01.24 01.33 00.68 00.63 00.44 00.61 02.80 04.97 05.12 05.21 05.55 05.50 04.94 04.31 04.75 02.66 03.54 02.35 02.34 -9999.00 -9999.0 -9999.0 -9999.0 -9999.0 -9999.0 -9999.0 -9999.0 -9999.0 -9999.0 -9999.0 -9999.0 -9999.0 -9999.0 -9999.0 -9999.0 -9999.0 -9999.0 -9999.0 -9999.0 -9999.0 -9999.0 -9999.0 -9999.0 -9999.0 -9999.0 -9999.0 -9999.0 -9999.0 -9999.0 -9999.0 -9999.0 -9999.0 -9999.0 -9999.0
00.64 00.38 00.48 00.47 00.53 02.32 02.22 02.23 02.23 01.88 01.84 01.80 01.76 01.66 00.58 00.84 00.62 00.45 00.59 00.71 00.80 05.26 05.35 05.41 05.49 05.53 05.48 05.48 05.17 06.03 03.55 03.80 03.51 02.40 -9999.00 -9999.0 -9999.0 -9999.0 -9999.0 -9999.0 -9999.0 -9999.0 -9999.0 -9999.0 -9999.0 -9999.0 -9999.0 -9999.0 -9999.0 -9999.0 -9999.0 -9999.0 -9999.0 -9999.0 -9999.0 -9999.0 -9999.0 -9999.0 -9999.0 -9999.0 -9999.0 -9999.0 -9999.0 -9999.0 -9999.0 -9999.0 -9999.0 -9999.0 -9999.0
00.67 00.47 00.48 00.50 00.48 00.98 00.76 02.23 02.00 01.88 01.83 01.78 01.70 01.23 00.87 02.57 03.00 01.78 01.88 01.96 05.15 05.31 05.38 05.45 05.40 05.31 03.00 01.62 01.87 02.86 03.30 03.80 03.76 02.99 -9999.00 -9999.0 -9999.0 -9999.0 -9999.0 -9999.0 -9999.0 -9999.0 -9999.0 -9999.0 -9999.0 -9999.0 -9999.0 -9999.0 -9999.0 -9999.0 -9999.0 -9999.0 -9999.0 -9999.0 -9999.0 -9999.0 -9999.0 -9999.0 -9999.0 -9999.0 -9999.0 -9999.0 -9999.0 -9999.0 -9999.0 -9999.0 -9999.0 -9999.0 -9999.0
00.69 00.58 00.61 00.54 00.49 00.43 00.74 02.23 01.89 01.91 01.84 01.78 01.66 00.74 01.31 03.21 03.39 01.80 01.89 01.99 05.24 05.31 05.33 05.27 04.78 04.03 03.30 01.54 01.62 03.00 02.96 03.59 03.80 03.50 -9999.00 -9999.0 -9999.0 -9999.0 -9999.0 -9999.0 -9999.0 -9999.0 -9999.0 -9999.0 -9999.0 -9999.0 -9999.0 -9999.0 -9999.0 -9999.0 -9999.0 -9999.0 -9999.0 -9999.0 -9999.0 -9999.0 -9999.0 -9999.0 -9999.0 -9999.0 -9999.0 -9999.0 -9999.0 -9999.0 -9999.0 -9999.0 -9999.0 -9999.0 -9999.0
01.14 00.65 00.45 00.32 00.50 00.42 00.76 02.29 02.04 01.62 01.86 01.81 01.68 00.74 01.54 03.63 03.86 01.82 01.92 02.01 02.54 05.15 05.02 04.79 05.03 04.71 03.48 01.78 03.48 03.70 02.63 03.16 03.85 03.10 -9999.00 -9999.0 -9999.0 -9999.0 -9999.0 -9999.0 -9999.0 -9999.0 -9999.0 -9999.0 -9999.0 -9999.0 -9999.0 -9999.0 -9999.0 -9999.0 -9999.0 -9999.0 -9999.0 -9999.0 -9999.0 -9999.0 -9999.0 -9999.0 -9999.0 -9999.0 -9999.0 -9999.0 -9999.0 -9999.0 -9999.0 -9999.0 -9999.0 -9999.0 -9999.0
-9999.0 -9999.0 -9999.0 -9999.0 -9999.0 01.98 01.97 00.98 01.24 00.69 01.90 01.86 01.79 01.20 00.93 01.05 00.58 01.80 01.84 01.90 02.47 05.26 05.13 04.72 04.26 01.73 02.00 01.99 02.86 03.54 03.96 02.60 05.85 05.83 -9999.00 -9999.0 -9999.0 -9999.0 -9999.0 -9999.0 -9999.0 -9999.0 -9999.0 -9999.0 -9999.0 -9999.0 -9999.0 -9999.0 -9999.0 -9999.0 -9999.0 -9999.0 -9999.0 -9999.0 -9999.0 -9999.0 -9999.0 -9999.0 -9999.0 -9999.0 -9999.0 -9999.0 -9999.0 -9999.0 -9999.0 -9999.0 -9999.0 -9999.0 -9999.0
-9999.0 -9999.0 -9999.0 -9999.0 -9999.0 02.40 02.95 01.35 01.19 00.65 01.96 01.95 01.94 01.94 02.30 01.04 00.50 01.79 01.66 01.99 02.19 04.75 04.55 04.08 03.18 01.86 01.97 02.01 02.39 02.86 04.51 03.41 05.80 05.68 -9999.0 -9999.0 -9999.0 -9999.0 -9999.0 -9999.0 -9999.0 -9999.0 -9999.0 -9999.0 -9999.0 -9999.0 -9999.0 -9999.0 -9999.0 -9999.0 -9999.0 -9999.0 -9999.0 -9999.0 -9999.0 -9999.0 -9999.0 -9999.0 -9999.0 -9999.0 -9999.0 -9999.0 -9999.0 -9999.0 -9999.0 -9999.0 -9999.0 -9999.0 -9999.0
01.50 01.76 -9999.0 -9999.0 -9999.0 02.66 03.34 02.34 00.72 00.72 02.02 02.03 02.07 02.24 02.94 01.19 00.62 00.59 00.60 00.67 02.28 02.73 01.13 01.16 00.68 01.87 01.99 02.01 02.33 02.34 05.69 05.72 05.81 05.67 -9999.0 -9999.0 -9999.0 -9999.0 -9999.0 -9999.0 -9999.0 -9999.0 -9999.0 -9999.0 -9999.0 -9999.0 -9999.0 -9999.0 -9999.0 -9999.0 -9999.0 -9999.0 -9999.0 -9999.0 -9999.0 -9999.0 -9999.0 -9999.0 -9999.0 -9999.0 -9999.0 -9999.0 -9999.0 -9999.0 -9999.0 -9999.0 -9999.0 -9999.0 -9999.0
01.42 01.41 -9999.0 -9999.0 -9999.0 02.83 03.35 01.53 00.71 00.74 02.09 02.13 02.18 02.45 03.19 01.35 01.51 00.89 00.77 00.73 02.32 02.16 01.34 00.85 00.68 01.88 02.00 02.00 02.06 02.29 05.06 05.43 05.60 05.65 -9999.0 -9999.0 -9999.0 -9999.0 -9999.0 -9999.0 -9999.0 -9999.0 -9999.0 -9999.0 -9999.0 -9999.0 -9999.0 -9999.0 -9999.0 -9999.0 -9999.0 -9999.0 -9999.0 -9999.0 -9999.0 -9999.0 -9999.0 -9999.0 -9999.0 -9999.0 -9999.0 -9999.0 -9999.0 -9999.0 -9999.0 -9999.0 -9999.0 -9999.0 -9999.0
01.18 01.03 -9999.0 -9999.0 -9999.0 02.91 03.71 01.28 00.71 00.78 02.15 02.20 02.29 02.59 03.20 02.42 01.55 01.28 00.75 00.31 02.28 02.26 01.21 00.61 00.84 01.88 01.94 01.89 01.65 01.76 03.67 04.92 05.29 -9999.00 -9999.0 -9999.0 -9999.0 -9999.0 -9999.0 -9999.0 -9999.0 -9999.0 -9999.0 -9999.0 -9999.0 -9999.0 -9999.0 -9999.0 -9999.0 -9999.0 -9999.0 -9999.0 -9999.0 -9999.0 -9999.0 -9999.0 -9999.0 -9999.0 -9999.0 -9999.0 -9999.0 -9999.0 -9999.0 -9999.0 -9999.0 -9999.0 -9999.0 -9999.0 -9999.0
00.72 00.56 01.02 00.38 01.26 02.87 03.56 01.19 00.71 00.85 01.05 00.75 02.36 02.66 03.06 01.45 01.56 01.97 00.66 00.61 00.83 00.76 01.91 02.04 02.02 01.83 01.86 01.86 01.76 02.32 02.17 02.34 05.25 -9999.00 -9999.0 -9999.0 -9999.0 -9999.0 -9999.0 -9999.0 -9999.0 -9999.0 -9999.0 -9999.0 -9999.0 -9999.0 -9999.0 -9999.0 -9999.0 -9999.0 -9999.0 -9999.0 -9999.0 -9999.0 -9999.0 -9999.0 -9999.0 -9999.0 -9999.0 -9999.0 -9999.0 -9999.0 -9999.0 -9999.0 -9999.0 -9999.0 -9999.0 -9999.0 -9999.0
00.72 00.54 00.88 00.54 01.73 02.72 03.51 00.48 00.51 00.84 01.07 00.77 02.45 02.75 02.89 01.47 01.58 02.21 00.82 00.75 00.80 00.59 01.90 02.02 01.81 00.81 01.84 01.86 01.86 02.23 02.41 02.44 05.24 -9999.00 -9999.0 -9999.0 -9999.0 -9999.0 -9999.0 -9999.0 -9999.0 -9999.0 -9999.0 -9999.0 -9999.0 -9999.0 -9999.0 -9999.0 -9999.0 -9999.0 -9999.0 -9999.0 -9999.0 -9999.0 -9999.0 -9999.0 -9999.0 -9999.0 -9999.0 -9999.0 -9999.0 -9999.0 -9999.0 -9999.0 -9999.0 -9999.0 -9999.0 -9999.0 -9999.0
00.75 00.50 01.06 00.28 00.84 02.12 02.17 00.55 00.39 00.77 00.91 00.78 02.45 02.79 03.33 04.33 03.43 02.22 02.16 00.95 00.62 00.64 01.88 02.00 04.27 05.10 04.13 01.90 01.85 02.16 02.19 02.25 05.16 -9999.00 -9999.0 -9999.0 -9999.0 -9999.0 -9999.0 -9999.0 -9999.0 -9999.0 -9999.0 -9999.0 -9999.0 -9999.0 -9999.0 -9999.0 -9999.0 -9999.0 -9999.0 -9999.0 -9999.0 -9999.0 -9999.0 -9999.0 -9999.0 -9999.0 -9999.0 -9999.0 -9999.0 -9999.0 -9999.0 -9999.0 -9999.0 -9999.0 -9999.0 -9999.0 -9999.0
00.78 00.62 01.11 00.93 00.35 00.84 01.42 00.58 00.51 00.28 00.72 00.78 02.67 02.83 03.09 03.89 04.44 02.57 02.38 00.74 00.59 00.69 01.93 02.09 04.94 05.09 03.66 01.91 01.78 02.01 02.16 02.13 04.37 -9999.00 -9999.0 -9999.0 -9999.0 -9999.0 -9999.0 -9999.0 -9999.0 -9999.0 -9999.0 -9999.0 -9999.0 -9999.0 -9999.0 -9999.0 -9999.0 -9999.0 -9999.0 -9999.0 -9999.0 -9999.0 -9999.0 -9999.0 -9999.0 -9999.0 -9999.0 -9999.0 -9999.0 -9999.0 -9999.0 -9999.0 -9999.0 -9999.0 -9999.0 -9999.0 -9999.0
00.76 00.69 01.14 01.10 00.95 00.31 00.82 00.48 00.71 00.45 00.67 00.79 02.96 03.34 03.38 03.53 04.69 02.24 02.35 00.73 00.58 00.73 02.04 02.17 01.98 05.21 03.89 01.88 01.76 01.93 01.76 01.86 03.96 -9999.00 -9999.0 -9999.0 -9999.0 -9999.0 -9999.0 -9999.0 -9999.0 -9999.0 -9999.0 -9999.0 -9999.0 -9999.0 -9999.0 -9999.0 -9999.0 -9999.0 -9999.0 -9999.0 -9999.0 -9999.0 -9999.0 -9999.0 -9999.0 -9999.0 -9999.0 -9999.0 -9999.0 -9999.0 -9999.0 -9999.0 -9999.0 -9999.0 -9999.0 -9999.0 -9999.0
00.71 00.84 00.71 00.58 00.56 00.47 00.42 00.57 00.69 00.47 00.56 00.82 01.19 01.44 01.44 01.36 01.54 01.95 02.18 00.73 00.63 00.50 00.65 00.81 00.85 02.28 01.39 01.84 01.71 01.80 01.67 01.47 01.53 -9999.00 -9999.0 -9999.0 -9999.0 -9999.0 -9999.0 -9999.0 -9999.0 -9999.0 -9999.0 -9999.0 -9999.0 -9999.0 -9999.0 -9999.0 -9999.0 -9999.0 -9999.0 -9999.0 -9999.0 -9999.0 -9999.0 -9999.0 -9999.0 -9999.0 -9999.0 -9999.0 -9999.0 -9999.0 -9999.0 -9999.0 -9999.0 -9999.0 -9999.0 -9999.0 -9999.0
00.69 00.83 00.93 00.96 01.07 00.63 00.58 00.63 00.79 00.49 00.31 00.84 01.14 01.25 01.47 01.41 01.34 01.59 01.80 00.76 00.67 00.70 00.74 00.62 00.58 00.83 00.76 01.74 01.67 01.66 01.89 01.61 01.59 -9999.00 -9999.0 -9999.0 -9999.0 -9999.0 -9999.0 -9999.0 -9999.0 -9999.0 -9999.0 -9999.0 -9999.0 -9999.0 -9999.0 -9999.0 -9999.0 -9999.0 -9999.0 -9999.0 -9999.0 -9999.0 -9999.0 -9999.0 -9999.0 -9999.0 -9999.0 -9999.0 -9999.0 -9999.0 -9999.0 -9999.0 -9999.0 -9999.0 -9999.0 -9999.0 -9999.0
00.78 00.73 00.76 00.94 01.00 01.38 01.11 00.79 00.77 00.56 00.46 00.16 01.13 01.24 01.34 01.36 01.26 01.34 01.50 00.76 00.83 00.81 00.89 00.90 00.68 00.66 00.64 00.79 01.64 01.62 01.85 01.97 01.57 01.56 -9999.00 -9999.0 -9999.0 -9999.0 -9999.0 -9999.0 -9999.0 -9999.0 -9999.0 -9999.0 -9999.0 -9999.0 -9999.0 -9999.0 -9999.0 -9999.0 -9999.0 -9999.0 -9999.0 -9999.0 -9999.0 -9999.0 -9999.0 -9999.0 -9999.0 -9999.0 -9999.0 -9999.0 -9999.0 -9999.0 -9999.0 -9999.0 -9999.0 -9999.0 -9999.0
