tests/Case_5_FlameLength.asc
NCOLS 354
NROWS 235
XLLCORNER 2900300.000000
YLLCORNER 2159500.000000
CELLSIZE 100.000000
NODATA_VALUE -9999.0
[rows 93 to 123 of 235, columns 68 to 135 of 354]
00.47 00.47 00.41 00.52 00.59 00.46 00.46 00.45 00.43 00.34 00.36 00.42 00.57 00.43 00.30 00.58 00.88 01.49 01.49 01.64 01.42 00.78 00.85 01.04 00.82 00.96 00.95 -9999.00 -9999.0 -9999.0 -9999.0 -9999.0 -9999.0 -9999.0 -9999.0 -9999.0 -9999.0 -9999.0 -9999.0 -9999.0 -9999.0 -9999.0 -9999.0 -9999.0 -9999.0 -9999.0 -9999.0 -9999.0 -9999.0 -9999.0 -9999.0 -9999.0 -9999.0 -9999.0 -9999.0 -9999.0 -9999.0 -9999.0 -9999.0 -9999.0 -9999.0 -9999.0 -9999.0 -9999.0 -9999.0 -9999.0 -9999.0 -9999.0
00.61 00.51 00.45 00.46 00.59 00.58 00.53 00.43 00.35 00.37 00.41 00.47 00.58 00.46 00.42 00.21 00.61 00.83 01.19 01.43 00.93 00.86 00.98 01.23 00.80 00.92 00.90 00.82 -9999.00 -9999.0 -9999.0 -9999.0 -9999.0 -9999.0 -9999.0 -9999.0 -9999.0 -9999.0 -9999.0 -9999.0 -9999.0 -9999.0 -9999.0 -9999.0 -9999.0 -9999.0 -9999.0 -9999.0 -9999.0 -9999.0 -9999.0 -9999.0 -9999.0 -9999.0 -9999.0 -9999.0 -9999.0 -9999.0 -9999.0 -9999.0 -9999.0 -9999.0 -9999.0 -9999.0 -9999.0 -9999.0 -9999.0 -9999.0
00.73 00.57 00.44 00.37 00.51 00.61 00.53 00.43 00.35 00.42 00.41 00.45 00.52 00.38 00.29 00.25 00.25 00.24 00.42 00.86 00.95 00.85 01.02 01.38 03.57 03.37 03.91 00.79 00.70 -9999.00 -9999.0 -9999.0 -9999.0 -9999.0 -9999.0 -9999.0 -9999.0 -9999.0 -9999.0 -9999.0 -9999.0 -9999.0 -9999.0 -9999.0 -9999.0 -9999.0 -9999.0 -9999.0 -9999.0 -9999.0 -9999.0 -9999.0 -9999.0 -9999.0 -9999.0 -9999.0 -9999.0 -9999.0 -9999.0 -9999.0 -9999.0 -9999.0 -9999.0 -9999.0 -9999.0 -9999.0 -9999.0 -9999.0
00.70 00.69 00.49 00.39 00.42 00.50 00.53 00.47 00.37 00.40 00.40 00.30 00.33 00.39 00.41 00.40 00.35 00.28 00.09 00.90 00.96 00.84 00.87 00.96 04.59 04.00 03.22 00.85 00.71 00.68 -9999.00 -9999.0 -9999.0 -9999.0 -9999.0 -9999.0 -9999.0 -9999.0 -9999.0 -9999.0 -9999.0 -9999.0 -9999.0 -9999.0 -9999.0 -9999.0 -9999.0 -9999.0 -9999.0 -9999.0 -9999.0 -9999.0 -9999.0 -9999.0 -9999.0 -9999.0 -9999.0 -9999.0 -9999.0 -9999.0 -9999.0 -9999.0 -9999.0 -9999.0 -9999.0 -9999.0 -9999.0 -9999.0
00.67 00.74 00.59 00.46 00.43 00.42 00.45 00.39 00.32 00.32 00.38 00.34 01.89 02.40 00.54 00.56 00.40 00.32 00.27 02.74 03.21 03.11 03.04 04.01 06.17 05.59 04.52 02.71 03.12 03.23 -9999.00 -9999.0 -9999.0 -9999.0 -9999.0 -9999.0 -9999.0 -9999.0 -9999.0 -9999.0 -9999.0 -9999.0 -9999.0 -9999.0 -9999.0 -9999.0 -9999.0 -9999.0 -9999.0 -9999.0 -9999.0 -9999.0 -9999.0 -9999.0 -9999.0 -9999.0 -9999.0 -9999.0 -9999.0 -9999.0 -9999.0 -9999.0 -9999.0 -9999.0 -9999.0 -9999.0 -9999.0 -9999.0
00.40 00.56 00.53 00.42 00.48 00.37 00.33 00.38 00.35 00.34 00.35 00.36 02.44 02.28 00.45 00.33 00.31 00.36 00.26 02.86 03.31 03.13 03.52 04.23 05.50 03.54 03.68 03.51 03.26 03.71 -9999.00 -9999.0 -9999.0 -9999.0 -9999.0 -9999.0 -9999.0 -9999.0 -9999.0 -9999.0 -9999.0 -9999.0 -9999.0 -9999.0 -9999.0 -9999.0 -9999.0 -9999.0 -9999.0 -9999.0 -9999.0 -9999.0 -9999.0 -9999.0 -9999.0 -9999.0 -9999.0 -9999.0 -9999.0 -9999.0 -9999.0 -9999.0 -9999.0 -9999.0 -9999.0 -9999.0 -9999.0 -9999.0
00.30 00.54 00.47 00.39 00.34 00.38 00.38 00.42 00.40 00.38 00.36 00.36 02.55 02.17 00.26 00.26 00.25 00.28 00.25 02.76 03.13 03.01 03.46 03.62 03.57 05.27 04.21 04.26 04.33 04.17 03.81 -9999.0 -9999.0 -9999.0 -9999.0 -9999.0 -9999.0 -9999.0 -9999.0 -9999.0 -9999.0 -9999.0 -9999.0 -9999.0 -9999.0 -9999.0 -9999.0 -9999.0 -9999.0 -9999.0 -9999.0 -9999.0 -9999.0 -9999.0 -9999.0 -9999.0 -9999.0 -9999.0 -9999.0 -9999.0 -9999.0 -9999.0 -9999.0 -9999.0 -9999.0 -9999.0 -9999.0 -9999.0
00.30 00.46 00.47 00.39 00.43 00.46 00.47 00.49 00.49 00.47 00.43 00.32 02.55 02.38 01.95 02.00 00.41 01.64 02.25 02.76 02.77 02.90 03.14 03.18 03.61 05.71 04.62 04.75 04.96 04.51 03.56 -9999.00 -9999.0 -9999.0 -9999.0 -9999.0 -9999.0 -9999.0 -9999.0 -9999.0 -9999.0 -9999.0 -9999.0 -9999.0 -9999.0 -9999.0 -9999.0 -9999.0 -9999.0 -9999.0 -9999.0 -9999.0 -9999.0 -9999.0 -9999.0 -9999.0 -9999.0 -9999.0 -9999.0 -9999.0 -9999.0 -9999.0 -9999.0 -9999.0 -9999.0 -9999.0 -9999.0 -9999.0
00.37 00.61 00.48 00.40 00.42 00.47 00.49 00.51 00.48 00.47 00.43 00.31 02.77 02.58 01.88 00.84 00.13 01.82 02.59 02.57 02.70 02.78 03.08 03.14 03.58 05.43 05.13 05.00 04.68 04.21 03.17 01.95 -9999.0 -9999.0 -9999.0 -9999.0 -9999.0 -9999.0 -9999.0 -9999.0 -9999.0 -9999.0 -9999.0 -9999.0 -9999.0 -9999.0 -9999.0 -9999.0 -9999.0 -9999.0 -9999.0 -9999.0 -9999.0 -9999.0 -9999.0 -9999.0 -9999.0 -9999.0 -9999.0 -9999.0 -9999.0 -9999.0 -9999.0 -9999.0 -9999.0 -9999.0 -9999.0 -9999.0
00.46 00.60 00.52 00.36 00.39 00.44 00.47 03.50 03.08 03.43 03.40 03.21 02.85 02.48 01.96 00.89 00.33 01.43 02.46 02.54 02.58 02.84 03.17 03.02 03.12 04.00 03.57 03.36 03.08 03.11 03.02 02.84 -9999.00 -9999.00 -9999.0 -9999.0 -9999.0 -9999.0 -9999.0 -9999.0 -9999.0 -9999.0 -9999.0 -9999.0 -9999.0 -9999.0 -9999.0 -9999.0 -9999.0 -9999.0 -9999.0 -9999.0 -9999.0 -9999.0 -9999.0 -9999.0 -9999.0 -9999.0 -9999.0 -9999.0 -9999.0 -9999.0 -9999.0 -9999.0 -9999.0 -9999.0 -9999.0 -9999.0
00.40 00.61 00.56 00.32 00.40 00.44 00.38 02.70 03.35 03.65 03.03 02.93 02.70 02.28 01.87 01.00 00.52 00.76 02.45 02.60 02.73 02.72 02.90 02.95 02.94 03.27 03.47 03.40 02.57 02.74 02.42 02.45 02.44 02.81 -9999.00 -9999.0 -9999.0 -9999.0 -9999.0 -9999.0 -9999.0 -9999.0 -9999.0 -9999.0 -9999.0 -9999.0 -9999.0 -9999.0 -9999.0 -9999.0 -9999.0 -9999.0 -9999.0 -9999.0 -9999.0 -9999.0 -9999.0 -9999.0 -9999.0 -9999.0 -9999.0 -9999.0 -9999.0 -9999.0 -9999.0 -9999.0 -9999.0 -9999.0
00.37 00.58 00.62 00.34 00.36 00.43 00.40 02.01 02.17 02.13 02.14 02.48 02.15 01.99 01.91 01.60 00.68 00.72 02.24 02.60 02.77 02.72 02.69 02.63 02.62 03.04 03.25 03.38 03.24 03.22 03.26 02.46 02.72 02.94 02.96 -9999.00 -9999.0 -9999.0 -9999.0 -9999.0 -9999.0 -9999.0 -9999.0 -9999.0 -9999.0 -9999.0 -9999.0 -9999.0 -9999.0 -9999.0 -9999.0 -9999.0 -9999.0 -9999.0 -9999.0 -9999.0 -9999.0 -9999.0 -9999.0 -9999.0 -9999.0 -9999.0 -9999.0 -9999.0 -9999.0 -9999.0 -9999.0 -9999.0
00.41 00.59 04.60 04.23 02.22 02.96 03.14 02.64 02.30 02.11 02.01 01.89 01.94 02.11 02.08 01.79 01.51 00.31 01.71 02.54 02.73 02.99 00.22 00.15 02.86 03.20 03.44 03.68 03.60 03.30 02.90 02.66 02.90 03.06 03.05 02.88 -9999.00 -9999.0 -9999.0 -9999.0 -9999.0 -9999.0 -9999.0 -9999.0 -9999.0 -9999.0 -9999.0 -9999.0 -9999.0 -9999.0 -9999.0 -9999.0 -9999.0 -9999.0 -9999.0 -9999.0 -9999.0 -9999.0 -9999.0 -9999.0 -9999.0 -9999.0 -9999.0 -9999.0 -9999.0 -9999.0 -9999.0 -9999.0
00.41 00.53 04.95 05.40 02.77 02.47 03.03 02.83 02.54 02.39 02.30 02.21 02.25 02.07 02.14 01.99 01.70 00.76 00.65 01.99 02.64 03.53 00.22 00.25 02.92 03.31 03.52 03.74 03.92 03.29 02.86 02.99 02.61 02.64 02.61 02.48 02.63 -9999.00 -9999.00 -9999.0 -9999.0 -9999.0 -9999.0 -9999.0 -9999.0 -9999.0 -9999.0 -9999.0 -9999.0 -9999.0 -9999.0 -9999.0 -9999.0 -9999.0 -9999.0 -9999.0 -9999.0 -9999.0 -9999.0 -9999.0 -9999.0 -9999.0 -9999.0 -9999.0 -9999.0 -9999.0 -9999.0 -9999.0
02.47 02.55 02.05 03.62 03.33 02.60 02.72 02.90 02.55 02.57 02.63 02.42 02.25 02.11 02.32 02.04 01.97 01.99 00.92 00.25 00.23 00.24 00.28 00.29 00.23 00.03 00.26 00.33 00.54 02.98 02.96 02.54 00.70 00.67 00.69 00.72 00.65 02.61 02.84 -9999.00 -9999.00 -9999.00 -9999.00 -9999.00 00.69 00.69 00.68 -9999.00 -9999.00 -9999.00 -9999.0 -9999.0 -9999.0 -9999.0 -9999.0 -9999.0 -9999.0 -9999.0 -9999.0 -9999.0 -9999.0 -9999.0 -9999.0 -9999.0 -9999.0 -9999.0 -9999.0 -9999.0
02.41 02.18 01.96 02.20 02.88 03.36 02.93 02.76 02.42 02.56 02.57 02.68 02.32 02.38 02.51 02.60 02.49 02.33 01.98 00.27 00.32 00.28 00.29 00.28 00.29 00.29 00.27 00.24 00.21 02.75 02.98 03.52 00.60 00.35 00.29 00.28 00.58 02.76 03.01 03.03 03.01 02.21 00.58 00.68 00.57 00.56 00.67 03.48 03.47 02.84 02.46 -9999.00 -9999.00 -9999.0 -9999.0 -9999.0 -9999.0 -9999.0 -9999.0 -9999.0 -9999.0 -9999.0 -9999.0 -9999.0 -9999.0 -9999.0 -9999.0 -9999.0
02.31 02.50 02.30 02.57 02.87 03.61 04.48 03.74 02.77 02.37 02.32 02.28 02.23 02.53 02.61 02.68 02.50 02.16 02.01 00.31 00.31 00.31 00.30 00.30 00.31 00.31 00.32 00.36 00.27 02.60 02.88 03.61 00.35 00.32 00.17 00.13 00.54 02.82 02.74 02.73 02.70 03.13 00.89 00.95 00.64 00.52 00.69 03.62 03.40 02.67 02.55 02.75 02.69 02.65 00.36 00.33 -9999.00 -9999.00 -9999.00 -9999.0 -9999.0 -9999.0 -9999.0 -9999.0 -9999.0 -9999.0 -9999.0 -9999.0
-9999.0 -9999.0 -9999.0 01.25 02.71 03.32 04.63 04.93 02.94 02.72 02.48 02.42 02.11 01.93 02.04 02.02 01.92 02.04 02.50 02.02 01.97 02.01 00.38 00.38 00.60 00.56 00.48 00.48 00.37 00.17 00.27 00.29 00.28 00.09 00.44 00.31 00.33 03.06 03.35 03.40 03.28 02.93 02.42 00.93 00.62 00.23 00.59 00.65 00.64 00.64 00.72 00.60 00.62 00.64 00.65 00.63 00.62 00.62 00.59 00.56 -9999.00 -9999.0 -9999.0 -9999.0 -9999.0 -9999.0 -9999.0 -9999.0
-9999.0 -9999.0 -9999.0 -9999.0 02.61 02.99 03.44 03.35 02.96 03.66 02.84 02.83 02.80 02.77 02.30 02.20 02.40 02.39 02.28 02.08 01.96 03.26 00.42 00.45 00.66 00.51 00.49 00.54 00.50 00.46 00.41 00.40 00.41 00.44 00.55 00.15 00.23 02.99 03.31 03.43 03.41 03.64 01.20 00.71 00.34 00.17 00.23 00.33 00.29 00.26 00.26 00.39 00.44 00.51 00.49 00.49 00.47 00.50 00.59 00.60 00.61 -9999.00 -9999.00 -9999.00 -9999.00 -9999.00 -9999.00 -9999.00
-9999.0 -9999.0 -9999.0 02.05 02.43 02.62 02.85 00.35 00.41 03.34 02.69 03.05 03.53 03.96 03.24 02.50 02.46 02.21 02.05 00.38 00.37 00.39 00.68 00.61 00.33 00.35 00.41 00.37 00.38 00.36 00.36 00.34 00.66 00.59 00.51 00.22 00.21 00.35 00.54 00.53 00.52 00.51 00.41 00.32 00.25 00.25 00.25 00.21 00.10 00.09 00.11 00.11 00.09 00.11 00.11 00.11 00.21 00.20 00.06 00.22 00.24 00.77 00.52 00.55 00.54 00.54 -9999.00 -9999.00
-9999.0 -9999.0 01.42 02.41 02.49 02.51 02.68 00.26 00.38 02.32 02.67 03.18 03.20 04.34 04.50 03.04 02.97 02.80 02.89 00.37 00.44 00.44 00.68 00.66 00.32 00.28 00.30 00.31 00.30 00.32 00.33 00.37 00.67 00.62 00.52 00.48 00.26 00.12 00.24 00.26 00.26 00.19 00.15 00.11 00.22 00.54 00.52 00.50 00.45 00.48 00.51 00.50 00.49 00.44 00.43 00.41 00.45 00.53 00.51 00.26 00.23 00.63 00.51 00.52 00.56 00.54 00.51 00.83
-9999.0 -9999.0 -9999.0 02.18 02.56 02.60 02.64 -9999.0 00.36 02.34 02.77 02.79 02.98 03.37 03.83 03.56 03.16 02.99 03.03 00.82 00.44 00.42 00.64 00.63 00.24 00.16 00.31 00.34 00.38 00.45 00.45 00.43 00.65 00.57 00.40 00.53 00.50 00.43 00.39 00.39 00.39 00.40 00.40 00.45 00.49 00.61 00.66 00.69 00.62 00.56 00.58 00.59 00.61 00.70 00.78 00.73 00.59 00.55 00.51 00.22 00.21 00.58 00.46 00.51 00.53 00.49 00.47 00.83
-9999.0 -9999.0 -9999.0 -9999.0 -9999.0 -9999.0 -9999.0 -9999.0 00.19 00.29 00.36 00.32 00.33 00.38 00.57 00.61 00.44 00.39 00.36 00.67 00.64 00.62 00.63 00.62 00.52 -9999.0 00.50 00.57 00.61 00.53 00.47 00.43 00.60 00.58 00.46 00.59 00.66 00.34 00.30 00.31 00.31 00.32 00.31 00.32 00.35 00.41 00.46 00.84 00.74 00.48 00.52 00.52 00.51 00.60 00.62 00.68 00.60 00.49 00.52 00.43 00.13 00.41 00.35 00.36 00.44 00.43 00.45 00.52
-9999.0 -9999.0 -9999.0 -9999.0 -9999.0 -9999.0 -9999.0 -9999.0 -9999.0 00.25 00.34 00.32 00.32 00.35 00.45 00.45 00.42 00.39 00.37 00.68 00.67 00.58 00.55 00.50 -9999.0 -9999.0 -9999.0 00.49 00.53 00.44 00.39 00.40 00.63 00.58 00.53 00.69 00.81 00.43 00.33 00.31 00.30 00.32 00.31 00.31 00.32 00.33 00.38 00.74 00.62 00.29 -9999.0 -9999.0 00.20 00.47 00.51 00.35 00.41 00.50 00.49 00.50 00.18 00.23 00.37 00.37 00.36 00.39 00.32 00.34
-9999.0 -9999.0 -9999.0 -9999.0 -9999.0 -9999.0 -9999.0 -9999.0 -9999.0 -9999.0 00.22 00.27 00.32 00.33 00.43 00.41 00.41 00.35 00.36 00.67 00.62 00.46 -9999.0 -9999.0 -9999.0 -9999.0 -9999.0 -9999.0 00.50 00.58 00.60 00.64 00.64 00.52 00.48 00.62 00.84 00.87 00.63 00.36 00.31 00.31 00.36 00.35 00.37 00.36 00.36 00.59 00.30 -9999.0 -9999.0 -9999.0 -9999.0 00.30 00.47 00.57 00.55 00.48 00.45 00.50 00.42 00.09 00.25 00.26 00.44 00.46 00.26 00.21
-9999.0 -9999.0 -9999.0 -9999.0 -9999.0 -9999.0 -9999.0 -9999.0 -9999.0 -9999.0 -9999.0 -9999.0 00.12 00.31 00.34 00.36 00.33 00.34 00.38 00.63 00.52 -9999.0 -9999.0 -9999.0 -9999.0 -9999.0 -9999.0 -9999.0 -9999.0 00.49 00.53 00.55 00.55 00.38 00.07 00.62 00.71 00.77 00.80 00.63 00.32 00.33 00.36 00.36 00.38 00.41 00.38 00.28 -9999.0 -9999.0 -9999.0 -9999.0 -9999.0 -9999.0 00.39 00.48 00.47 00.48 00.50 00.51 00.54 00.23 00.19 00.16 00.11 00.14 00.15 00.23
-9999.0 -9999.0 -9999.0 -9999.0 -9999.0 -9999.0 -9999.0 -9999.0 -9999.0 -9999.0 -9999.0 -9999.0 -9999.0 00.19 00.30 00.27 00.20 00.21 -9999.0 -9999.0 -9999.0 -9999.0 -9999.0 -9999.0 -9999.0 -9999.0 -9999.0 -9999.0 -9999.0 -9999.0 -9999.0 -9999.0 -9999.0 -9999.0 -9999.0 00.47 00.57 00.59 00.77 00.44 00.30 00.18 00.26 00.32 00.33 00.30 00.08 -9999.0 -9999.0 -9999.0 -9999.0 -9999.0 -9999.0 -9999.0 00.23 00.33 00.34 00.36 00.41 00.53 00.59 00.57 00.53 00.50 00.44 00.46 00.33 00.47
-9999.0 -9999.0 -9999.0 -9999.0 -9999.0 -9999.0 -9999.0 -9999.0 -9999.0 -9999.0 -9999.0 -9999.0 -9999.0 -9999.0 -9999.0 -9999.0 -9999.0 -9999.0 -9999.0 -9999.0 -9999.0 -9999.0 -9999.0 -9999.0 -9999.0 -9999.0 -9999.0 -9999.0 -9999.0 -9999.0 -9999.0 -9999.0 -9999.0 -9999.0 -9999.0 -9999.0 00.27 00.54 00.60 -9999.0 -9999.0 -9999.0 -9999.0 -9999.0 -9999.0 -9999.0 -9999.0 -9999.0 -9999.0 -9999.0 -9999.0 -9999.0 -9999.0 -9999.0 -9999.0 -9999.0 -9999.0 00.23 00.24 00.46 00.52 00.57 00.52 00.54 00.53 00.58 00.53 00.52
-9999.0 -9999.0 -9999.0 -9999.0 -9999.0 -9999.0 -9999.0 -9999.0 -9999.0 -9999.0 -9999.0 -9999.0 -9999.0 -9999.0 -9999.0 -9999.0 -9999.0 -9999.0 -9999.0 -9999.0 -9999.0 -9999.0 -9999.0 -9999.0 -9999.0 -9999.0 -9999.0 -9999.0 -9999.0 -9999.0 -9999.0 -9999.0 -9999.0 -9999.0 -9999.0 -9999.0 -9999.0 -9999.0 -9999.0 -9999.0 -9999.0 -9999.0 -9999.0 -9999.0 -9999.0 -9999.0 -9999.0 -9999.0 -9999.0 -9999.0 -9999.0 -9999.0 -9999.0 -9999.0 -9999.0 -9999.0 -9999.0 -9999.0 -9999.0 00.24 00.49 00.56 00.65 00.66 00.55 00.58 00.66 00.74
-9999.0 -9999.0 -9999.0 -9999.0 -9999.0 -9999.0 -9999.0 -9999.0 -9999.0 -9999.0 -9999.0 -9999.0 -9999.0 -9999.0 -9999.0 -9999.0 -9999.0 -9999.0 -9999.0 -9999.0 -9999.0 -9999.0 -9999.0 -9999.0 -9999.0 -9999.0 -9999.0 -9999.0 -9999.0 -9999.0 -9999.0 -9999.0 -9999.0 -9999.0 -9999.0 -9999.0 -9999.0 -9999.0 -9999.0 -9999.0 -9999.0 -9999.0 -9999.0 -9999.0 -9999.0 -9999.0 -9999.0 -9999.0 -9999.0 -9999.0 -9999.0 -9999.0 -9999.0 -9999.0 -9999.0 -9999.0 -9999.0 -9999.0 -9999.0 -9999.0 00.26 00.58 00.82 00.66 00.56 00.64 00.87 00.79
-9999.0 -9999.0 -9999.0 -9999.0 -9999.0 -9999.0 -9999.0 -9999.0 -9999.0 -9999.0 -9999.0 -9999.0 -9999.0 -9999.0 -9999.0 -9999.0 -9999.0 -9999.0 -9999.0 -9999.0 -9999.0 -9999.0 -9999.0 -9999.0 -9999.0 -9999.0 -9999.0 -9999.0 -9999.0 -9999.0 -9999.0 -9999.0 -9999.0 -9999.0 -9999.0 -9999.0 -9999.0 -9999.0 -9999.0 -9999.0 -9999.0 -9999.0 -9999.0 -9999.0 -9999.0 -9999.0 -9999.0 -9999.0 -9999.0 -9999.0 -9999.0 -9999.0 -9999.0 -9999.0 -9999.0 -9999.0 -9999.0 -9999.0 -9999.0 -9999.0 -9999.0 00.33 00.37 00.34 00.38 00.70 00.90 00.73
