tests/Case_4_ReactionIntensity.asc
NCOLS 245
NROWS 163
XLLCORNER 4208400.000000
YLLCORNER 1880200.000000
CELLSIZE 100.000000
NODATA_VALUE -9999.0
[rows 29 to 57 of 163, columns 128 to 191 of 245]
-9999.0 -9999.0 -9999.0 -9999.0 -9999.0 -9999.0 00318.002 00484.146 00175.272 00367.323 00599.675 00456.468 00151.676 00470.931 00223.289 01592.398 00429.734 00814.824 01515.137 00498.187 00263.523 00894.402 01816.417 00318.820 00309.171 00334.596 00113.784 -9999.0 -9999.0 -9999.0 -9999.0 -9999.0 -9999.0 -9999.0 -9999.0 -9999.0 -9999.0 -9999.0 -9999.0 -9999.0 -9999.0 -9999.0 -9999.0 -9999.0 -9999.0 -9999.0 -9999.0 -9999.0 -9999.0 -9999.0 -9999.0 -9999.0 -9999.0 -9999.0 -9999.0 -9999.0 -9999.0 -9999.0 -9999.0 -9999.0 -9999.0 -9999.0 -9999.0 -9999.0
-9999.0 -9999.0 -9999.0 -9999.0 -9999.0 -9999.0 00149.872 00235.436 00472.106 00538.181 00158.657 01038.966 01116.260 01856.895 00216.290 01959.843 00124.433 00124.718 00131.827 00209.310 01952.211 01699.910 00950.824 00425.643 00525.172 00294.372 00333.652 -9999.0 -9999.0 -9999.0 -9999.0 -9999.0 -9999.0 -9999.0 -9999.0 -9999.0 -9999.0 -9999.0 -9999.0 -9999.0 -9999.0 -9999.0 -9999.0 -9999.0 -9999.0 -9999.0 -9999.0 -9999.0 -9999.0 -9999.0 -9999.0 -9999.0 -9999.0 -9999.0 -9999.0 -9999.0 -9999.0 -9999.0 -9999.0 -9999.0 -9999.0 -9999.0 -9999.0 -9999.0
-9999.0 -9999.0 -9999.0 -9999.0 -9999.0 -9999.0 00523.885 00229.867 00368.675 00276.887 00301.556 00186.971 00612.965 00122.738 00103.509 00092.715 00072.004 00078.479 00086.221 00132.813 00153.290 00802.974 00751.605 01818.339 00689.795 00414.303 00200.830 00211.074 00279.613 -9999.0 -9999.0 -9999.0 -9999.0 -9999.0 -9999.0 -9999.0 -9999.0 -9999.0 -9999.0 -9999.0 -9999.0 -9999.0 -9999.0 -9999.0 -9999.0 -9999.0 -9999.0 -9999.0 -9999.0 -9999.0 -9999.0 -9999.0 -9999.0 -9999.0 -9999.0 -9999.0 -9999.0 -9999.0 -9999.0 -9999.0 -9999.0 -9999.0 -9999.0 -9999.0
-9999.0 -9999.0 -9999.0 -9999.0 -9999.0 -9999.0 -9999.0 -9999.0 00521.350 00532.925 00242.192 -9999.0 -9999.0 00120.201 01655.711 00777.080 01703.384 00872.082 01536.441 00578.059 00108.625 00125.878 01363.805 00773.735 00513.009 01902.035 00219.425 00584.119 00524.502 00100.919 -9999.0 -9999.0 -9999.0 -9999.0 -9999.0 -9999.0 -9999.0 -9999.0 -9999.0 -9999.0 -9999.0 -9999.0 -9999.0 -9999.0 -9999.0 -9999.0 -9999.0 -9999.0 -9999.0 -9999.0 -9999.0 -9999.0 -9999.0 -9999.0 -9999.0 -9999.0 -9999.0 -9999.0 -9999.0 -9999.0 -9999.0 -9999.0 -9999.0 -9999.0
-9999.0 -9999.0 -9999.0 -9999.0 -9999.0 -9999.0 -9999.0 -9999.0 00259.635 00570.674 00279.860 -9999.0 -9999.0 01413.334 00154.443 00211.573 00397.914 00431.816 01360.342 00945.009 00347.597 00079.097 00122.587 01334.584 00582.778 01300.984 00846.168 00569.476 00158.950 00255.332 00407.805 -9999.0 -9999.0 -9999.0 -9999.0 -9999.0 -9999.0 -9999.0 -9999.0 -9999.0 -9999.0 -9999.0 -9999.0 -9999.0 -9999.0 -9999.0 -9999.0 -9999.0 -9999.0 -9999.0 -9999.0 -9999.0 -9999.0 -9999.0 -9999.0 -9999.0 -9999.0 -9999.0 -9999.0 -9999.0 -9999.0 -9999.0 -9999.0 -9999.0
-9999.0 -9999.0 -9999.0 -9999.0 -9999.0 -9999.0 -9999.0 -9999.0 00223.777 00160.733 00328.078 -9999.0 -9999.0 01229.161 01047.463 01482.989 01340.107 00839.102 00160.134 00437.528 02052.784 01055.317 00704.719 00117.416 00544.676 01571.448 00581.549 01901.000 00411.515 00532.356 00131.760 -9999.0 -9999.0 -9999.0 -9999.0 -9999.0 -9999.0 -9999.0 -9999.0 -9999.0 -9999.0 -9999.0 -9999.0 -9999.0 -9999.0 -9999.0 -9999.0 -9999.0 -9999.0 -9999.0 -9999.0 -9999.0 -9999.0 -9999.0 -9999.0 -9999.0 -9999.0 -9999.0 -9999.0 -9999.0 -9999.0 -9999.0 -9999.0 -9999.0
-9999.0 -9999.0 -9999.0 -9999.0 -9999.0 -9999.0 -9999.0 -9999.0 -9999.0 -9999.0 -9999.0 -9999.0 -9999.0 00158.865 01299.662 01196.680 00505.795 01668.738 00874.060 00979.480 01062.471 01922.101 00722.899 00072.171 00122.424 00707.021 00303.476 01098.944 01281.525 00255.996 00575.744 00447.910 -9999.0 -9999.0 -9999.0 -9999.0 -9999.0 -9999.0 -9999.0 -9999.0 -9999.0 -9999.0 -9999.0 -9999.0 -9999.0 -9999.0 -9999.0 -9999.0 -9999.0 -9999.0 -9999.0 -9999.0 -9999.0 -9999.0 -9999.0 -9999.0 -9999.0 -9999.0 -9999.0 -9999.0 -9999.0 -9999.0 -9999.0 -9999.0
-9999.0 -9999.0 -9999.0 -9999.0 -9999.0 -9999.0 -9999.0 -9999.0 -9999.0 -9999.0 -9999.0 -9999.0 -9999.0 00309.719 01026.700 00213.595 01198.705 01924.023 00498.032 00993.865 00261.367 01529.462 00317.474 00309.701 00103.294 00126.005 00577.669 01227.682 01322.520 00444.378 00165.292 00297.435 -9999.0 -9999.0 -9999.0 -9999.0 -9999.0 -9999.0 -9999.0 -9999.0 -9999.0 -9999.0 -9999.0 -9999.0 -9999.0 -9999.0 -9999.0 -9999.0 -9999.0 -9999.0 -9999.0 -9999.0 -9999.0 -9999.0 -9999.0 -9999.0 -9999.0 -9999.0 -9999.0 -9999.0 -9999.0 -9999.0 -9999.0 -9999.0
-9999.0 -9999.0 -9999.0 -9999.0 -9999.0 -9999.0 -9999.0 -9999.0 00262.998 00542.062 01987.070 01820.908 01225.778 01553.530 00514.809 01296.883 01898.617 00411.692 00890.690 01308.381 00723.991 00564.854 00342.306 00655.898 00722.129 00122.637 01774.780 00367.926 00738.049 01617.140 00150.586 00269.943 -9999.0 -9999.0 -9999.0 -9999.0 -9999.0 -9999.0 -9999.0 -9999.0 -9999.0 -9999.0 -9999.0 -9999.0 -9999.0 -9999.0 -9999.0 -9999.0 -9999.0 -9999.0 -9999.0 -9999.0 -9999.0 -9999.0 -9999.0 -9999.0 -9999.0 -9999.0 -9999.0 -9999.0 -9999.0 -9999.0 -9999.0 -9999.0
-9999.0 -9999.0 -9999.0 -9999.0 -9999.0 -9999.0 -9999.0 -9999.0 01685.398 00587.625 00479.925 01895.098 01252.065 01027.723 02023.687 00549.974 00921.044 01262.639 01591.740 01900.611 00193.831 00207.195 00798.818 01026.678 00325.177 00105.553 00145.485 00534.069 00899.633 01380.523 00118.447 00259.715 00397.630 00199.879 -9999.0 -9999.0 -9999.0 -9999.0 -9999.0 -9999.0 -9999.0 -9999.0 -9999.0 -9999.0 -9999.0 -9999.0 -9999.0 -9999.0 -9999.0 -9999.0 -9999.0 -9999.0 -9999.0 -9999.0 -9999.0 -9999.0 -9999.0 -9999.0 -9999.0 -9999.0 -9999.0 -9999.0 -9999.0 -9999.0
-9999.0 -9999.0 -9999.0 -9999.0 -9999.0 -9999.0 -9999.0 -9999.0 01643.481 00658.686 01493.324 00584.361 01037.081 00989.056 01469.958 01875.351 00094.249 00272.406 00454.640 00667.955 00897.625 00951.845 00389.571 01442.648 01572.898 00100.609 00124.763 01848.085 00188.807 00996.254 00461.806 00539.143 00198.610 00430.356 00577.604 00365.551 -9999.0 -9999.0 -9999.0 -9999.0 -9999.0 00242.861 00394.163 00149.579 00234.544 00327.997 -9999.0 -9999.0 -9999.0 -9999.0 -9999.0 -9999.0 -9999.0 -9999.0 -9999.0 -9999.0 -9999.0 -9999.0 -9999.0 -9999.0 -9999.0 -9999.0 -9999.0 -9999.0
-9999.0 -9999.0 -9999.0 -9999.0 -9999.0 -9999.0 -9999.0 -9999.0 01729.807 00759.247 00454.728 00185.171 01027.806 00799.557 00446.042 01471.091 01707.009 01821.067 01958.762 00129.045 00443.599 00596.380 00437.589 00450.683 01283.235 01832.757 00114.038 00219.827 01328.603 00839.028 01660.054 01886.860 00149.732 00154.494 00429.959 00306.532 00265.596 00319.006 00290.413 00192.561 00300.193 00419.527 00561.237 00103.727 00182.200 00241.022 00293.355 -9999.0 -9999.0 -9999.0 -9999.0 -9999.0 -9999.0 -9999.0 -9999.0 -9999.0 -9999.0 -9999.0 -9999.0 -9999.0 -9999.0 -9999.0 -9999.0 -9999.0
00161.390 00161.415 -9999.0 -9999.0 -9999.0 -9999.0 -9999.0 -9999.0 00579.524 00205.526 00602.316 00279.191 01629.485 00659.429 01182.449 01739.087 00134.210 00347.675 00590.218 00804.467 01012.711 01214.468 00423.316 01072.695 01452.500 00478.481 00102.180 00124.287 00352.206 01996.268 01698.399 00603.129 01777.287 00455.141 00481.464 00219.814 00274.069 00332.500 00224.569 00396.095 00418.159 00504.612 00413.192 00491.211 00146.551 00219.042 00271.071 00270.512 -9999.0 -9999.0 -9999.0 -9999.0 -9999.0 -9999.0 -9999.0 -9999.0 -9999.0 -9999.0 -9999.0 -9999.0 -9999.0 -9999.0 -9999.0 -9999.0
00161.128 00160.983 00161.058 00161.137 00161.060 00161.151 00407.387 00632.550 00230.573 00646.642 01078.185 00458.786 00564.140 00259.357 00708.824 00881.574 01013.944 01034.452 01071.441 01099.982 01148.556 00269.130 00345.930 00199.146 00578.190 01776.968 00476.731 00077.797 00110.127 00127.771 00305.870 01662.682 00181.550 01836.217 01178.527 00118.606 00313.472 00350.136 00492.885 00220.258 00406.223 00172.422 00174.089 00471.115 00555.891 00444.804 00382.522 00391.178 -9999.0 -9999.0 -9999.0 -9999.0 -9999.0 -9999.0 -9999.0 -9999.0 -9999.0 -9999.0 -9999.0 -9999.0 -9999.0 -9999.0 -9999.0 -9999.0
00160.565 00160.629 00160.453 00160.573 00160.501 00160.809 00161.034 00168.103 00285.463 00254.532 01366.655 01532.333 00567.133 01804.759 01965.910 01997.175 02025.658 01902.568 01778.220 01658.113 01571.794 01533.485 00712.190 00493.825 00264.130 00513.285 00750.341 00252.906 00079.707 00108.606 00124.958 00135.529 00205.199 01951.142 01610.804 01707.181 01407.578 01171.231 00368.028 00934.663 00680.870 00271.988 00743.137 01074.363 00490.851 00188.384 00266.582 00149.564 -9999.0 -9999.0 -9999.0 -9999.0 -9999.0 -9999.0 -9999.0 -9999.0 -9999.0 -9999.0 -9999.0 -9999.0 -9999.0 -9999.0 -9999.0 -9999.0
00316.130 00544.694 00252.132 00474.465 00174.470 00411.873 00160.866 00161.102 00317.263 00372.281 01512.352 02056.843 00218.981 00419.199 00401.118 00347.211 00291.140 00168.349 02047.902 01916.168 01818.474 02022.558 01541.436 00402.819 00380.920 00147.330 01501.051 00401.956 00302.299 00095.990 00082.960 00110.188 00126.847 01119.967 00720.195 00967.329 01699.497 00454.499 00321.393 00357.085 00586.405 00757.119 00493.703 00219.938 00347.630 00132.977 00334.274 00455.267 -9999.0 -9999.0 -9999.0 -9999.0 -9999.0 -9999.0 -9999.0 -9999.0 -9999.0 -9999.0 -9999.0 -9999.0 -9999.0 -9999.0 -9999.0 -9999.0
00224.895 00454.173 00165.858 00398.499 00263.397 00643.922 00160.355 00161.142 00188.650 00484.392 00183.194 02050.228 00569.787 01407.796 01119.551 00993.686 01607.919 01301.815 00899.674 00538.486 00410.885 01396.805 01452.462 01553.454 01095.364 01110.056 00116.436 01531.554 01469.389 01238.848 00478.374 00067.281 00104.018 00122.429 00123.941 00806.638 01067.791 02083.533 01096.506 00610.831 01423.221 00324.687 00492.332 00538.542 00202.122 00255.274 00517.579 00423.550 -9999.0 -9999.0 -9999.0 -9999.0 -9999.0 -9999.0 -9999.0 -9999.0 -9999.0 -9999.0 -9999.0 -9999.0 -9999.0 -9999.0 -9999.0 -9999.0
00581.080 00298.995 00533.058 00253.176 00173.428 00479.623 00371.822 00160.865 00292.081 00493.992 00309.324 01534.367 00197.809 01601.683 01915.539 01505.038 01144.322 01165.745 00636.492 01637.519 01443.516 00917.748 00295.877 01078.762 01530.663 01873.775 01004.735 01071.370 00125.648 01618.731 00923.580 00826.202 00335.941 00240.235 00095.525 00108.677 00119.629 00123.604 00139.200 01626.778 01088.782 00550.623 01497.806 00945.633 00316.222 00433.079 00545.560 -9999.0 -9999.0 -9999.0 -9999.0 -9999.0 -9999.0 -9999.0 -9999.0 -9999.0 -9999.0 -9999.0 -9999.0 -9999.0 -9999.0 -9999.0 -9999.0 -9999.0
00272.188 00175.761 00256.999 00159.521 00224.405 00477.730 00337.496 00160.672 00161.348 00189.568 01937.492 00240.165 00423.822 02019.886 01305.575 00741.989 01479.095 00375.202 01574.874 01719.340 01792.852 01980.548 01048.526 01660.887 01199.505 00560.927 00772.630 00520.009 00732.170 00305.697 00718.017 00464.028 00663.850 00735.760 00393.292 01258.489 00079.772 00102.281 00106.373 00128.611 02055.961 00727.022 00866.195 02065.264 00457.131 00271.576 00314.050 00440.344 -9999.0 -9999.0 -9999.0 -9999.0 -9999.0 -9999.0 -9999.0 -9999.0 -9999.0 -9999.0 -9999.0 -9999.0 -9999.0 -9999.0 -9999.0 -9999.0
-9999.0 -9999.0 -9999.0 -9999.0 -9999.0 -9999.000 00366.382 00160.534 00237.338 00552.145 00435.247 00163.574 00574.947 00729.652 00878.833 00695.558 02155.513 01830.051 01257.136 01864.319 00481.324 00248.980 00456.799 00940.278 01197.773 01362.105 01284.236 00653.837 01665.443 00721.270 00262.652 00205.892 01612.765 00993.980 01927.679 00327.095 01714.761 00516.409 00123.219 00138.833 01000.561 01649.216 00951.674 01840.658 00152.464 00471.288 00593.051 00546.758 00511.453 -9999.0 -9999.0 -9999.0 -9999.0 -9999.0 -9999.0 -9999.0 -9999.0 -9999.0 -9999.0 -9999.0 -9999.0 -9999.0 -9999.0 -9999.0
-9999.0 -9999.0 -9999.0 -9999.0 -9999.0 -9999.0 00266.776 00160.899 00499.570 00547.741 02227.686 00450.087 00347.643 00163.764 00708.686 00305.136 01978.047 00331.546 01438.750 00751.288 00807.935 00487.756 00396.657 01784.327 00755.074 00272.748 00325.725 01928.561 00907.808 01693.356 00337.808 00336.441 01073.206 00318.261 01020.679 00425.565 00458.185 00951.305 00099.192 00127.186 01777.281 01426.725 02099.268 01296.329 01729.483 00264.404 00394.513 00510.224 00436.349 -9999.0 -9999.0 -9999.0 -9999.0 -9999.0 -9999.0 -9999.0 -9999.0 -9999.0 -9999.0 -9999.0 -9999.0 -9999.0 -9999.0 -9999.0
-9999.0 -9999.0 -9999.0 -9999.0 -9999.0 -9999.000 -9999.000 00161.343 00175.698 00697.334 02227.444 01279.882 00585.075 00460.150 00653.805 00591.929 00473.247 02221.897 01444.771 01998.205 00988.344 01528.154 00779.433 01790.195 01200.018 00462.350 01668.351 00720.093 01479.155 02097.347 00985.444 01743.571 00222.101 01409.637 00141.396 01044.598 00359.556 00291.979 00112.498 00107.722 00128.980 00576.057 01544.017 02091.078 01646.851 00872.456 00238.272 00588.804 00500.002 00215.026 -9999.0 -9999.0 -9999.0 -9999.0 -9999.0 -9999.0 -9999.0 -9999.0 -9999.0 -9999.0 -9999.0 -9999.0 -9999.0 -9999.0
-9999.0 -9999.0 -9999.0 -9999.0 -9999.000 -9999.000 00161.261 00390.878 00426.169 00692.926 00223.290 01113.585 01351.015 01466.168 01842.947 00441.552 00686.927 00580.272 00463.204 00666.166 01052.625 01160.124 01892.166 00939.733 01795.140 01863.766 01782.967 01563.771 01199.791 01493.574 01739.216 01579.190 00517.215 02062.178 00572.446 00332.838 00471.921 00296.039 01795.835 00100.520 00127.570 01438.889 00632.234 02011.242 01421.711 01986.179 00182.504 00575.784 00429.443 00197.217 -9999.0 -9999.0 -9999.0 -9999.0 -9999.0 -9999.0 -9999.0 -9999.0 -9999.0 -9999.0 -9999.0 -9999.0 -9999.0 -9999.0
-9999.0 -9999.0 -9999.0 -9999.000 -9999.000 00160.562 00160.878 00161.300 00193.002 00536.818 00262.316 00268.331 01012.982 01302.165 01659.874 00847.032 00319.189 01767.216 01961.001 00370.729 00542.728 01848.702 01893.882 00408.190 01243.594 02011.013 00365.092 00743.988 01404.393 01983.398 01026.550 01045.951 00428.749 01260.176 00898.691 01909.963 00543.655 00478.916 00056.955 00270.515 00110.556 00124.560 01903.684 01779.369 01405.606 00678.651 01011.472 00437.763 00197.394 00195.949 -9999.0 -9999.0 -9999.0 -9999.0 -9999.0 -9999.0 -9999.0 -9999.0 -9999.0 -9999.0 -9999.0 -9999.0 -9999.0 -9999.0
-9999.0 -9999.0 -9999.0 00242.876 00502.411 00554.437 00369.482 00161.015 00161.310 00576.208 00650.799 01675.428 00626.701 01118.410 01706.251 01190.207 00615.078 01793.361 01700.902 01166.282 00487.431 00404.417 01319.636 00626.689 01934.014 01475.291 01923.196 01905.324 01990.806 00844.762 01882.848 01496.047 00667.374 00143.919 00726.925 00832.611 00935.569 00281.252 00326.232 00827.007 00118.742 00114.002 00138.907 00307.556 01853.316 01201.227 01392.542 00146.322 00256.112 00170.610 -9999.0 -9999.0 -9999.0 -9999.0 -9999.0 -9999.0 -9999.0 -9999.0 -9999.0 -9999.0 -9999.0 -9999.0 -9999.0 -9999.0
-9999.0 -9999.0 -9999.0 -9999.000 00512.824 00611.499 00249.885 00160.477 00160.997 00618.464 00417.630 00495.104 00167.886 00575.930 00648.469 00389.446 00256.241 01818.659 02234.623 01660.233 00938.993 00650.070 00300.589 00645.487 02070.682 00537.182 01402.365 01026.684 00963.847 01716.459 01143.826 01554.524 01776.424 01097.602 00292.810 00438.156 01289.774 00456.555 00504.904 00345.170 01199.721 00106.758 00126.366 00992.130 01060.722 02074.114 00524.727 00556.168 00460.373 00273.081 -9999.0 -9999.0 -9999.0 -9999.0 -9999.0 -9999.0 -9999.0 -9999.0 -9999.0 -9999.0 -9999.0 -9999.0 -9999.0 -9999.0
-9999.0 -9999.0 -9999.0 -9999.000 00366.825 00490.102 00639.985 00170.059 00160.796 00199.802 00673.657 00687.466 00530.801 00280.915 00487.671 00373.072 00485.182 01230.003 00162.565 00407.613 00218.789 01084.449 00315.093 00248.589 02108.928 01567.995 00478.659 00480.327 01460.748 00796.174 00735.686 01821.984 00882.719 01759.988 00510.104 00263.016 00988.427 01451.805 00163.767 00242.333 01347.020 00112.221 00128.902 01771.406 01265.846 00464.930 00166.555 00457.316 -9999.0 -9999.0 -9999.0 -9999.0 -9999.0 -9999.0 -9999.0 -9999.0 -9999.0 -9999.0 -9999.0 -9999.0 -9999.0 -9999.0 -9999.0 -9999.0
-9999.0 -9999.0 -9999.0 -9999.0 -9999.000 -9999.000 00515.677 00337.247 00160.969 00613.707 00501.121 00480.630 00502.240 00211.733 00461.063 00351.420 00227.753 00569.125 00223.172 01297.616 00587.942 00835.831 00375.189 00310.690 00214.597 01769.693 00654.074 01452.530 01992.532 00770.195 01321.055 01194.400 01863.498 00345.585 00692.490 01743.118 01993.117 01398.565 00159.328 00329.067 00737.643 00129.956 00136.668 01870.112 00296.921 01845.998 00818.820 01187.925 -9999.0 -9999.0 -9999.0 -9999.0 -9999.0 -9999.0 -9999.0 -9999.0 -9999.0 -9999.0 -9999.0 -9999.0 -9999.0 -9999.0 -9999.0 -9999.0
-9999.0 -9999.0 -9999.0 -9999.0 -9999.0 -9999.0 -9999.000 00420.536 00651.155 01471.546 00420.128 00181.331 00234.287 00330.781 00337.663 00329.688 00212.143 00573.676 00290.703 00613.545 00583.207 00186.665 02167.123 00433.117 00277.410 00613.214 01808.978 00482.181 01009.829 01334.724 01734.183 00153.996 00494.420 00690.511 01325.710 01340.195 00425.961 01919.822 01228.464 00207.083 00676.542 00112.196 00128.441 00132.519 01418.720 02061.403 00568.841 00417.591 -9999.0 -9999.0 -9999.0 -9999.0 -9999.0 -9999.0 -9999.0 -9999.0 -9999.0 -9999.0 -9999.0 -9999.0 -9999.0 -9999.0 -9999.0 -9999.0
