tests/Case_5_Intensity.asc
NCOLS 354
NROWS 235
XLLCORNER 2900300.000000
YLLCORNER 2159500.000000
CELLSIZE 100.000000
NODATA_VALUE -9999.0
[rows 29 to 57 of 235, columns 130 to 194 of 354]
-9999.0 00018.114 00033.842 00024.901 00027.097 00016.694 00019.374 00027.719 00041.640 00031.985 00025.773 00028.911 00032.012 00031.765 00032.009 00023.651 00026.563 00018.987 00020.133 00035.090 01653.212 01515.112 00087.890 00098.545 00105.122 00105.083 00112.931 00114.334 00124.537 00101.668 00033.624 00058.689 00054.562 00066.768 00069.646 00165.931 00149.817 00050.663 00066.370 00046.022 00030.643 00004.982 01027.187 01197.392 01331.247 -9999.0 -9999.0 -9999.0 -9999.0 -9999.0 -9999.0 -9999.0 -9999.0 -9999.0 -9999.0 -9999.0 -9999.0 -9999.0 -9999.0 -9999.0 -9999.0 -9999.0 -9999.0 -9999.0 -9999.0
-9999.0 00029.064 00037.390 00028.993 00029.592 00019.831 00019.748 00040.440 00051.830 00037.439 00021.276 00030.289 00031.421 00022.004 00030.692 00029.981 00027.535 00016.534 00017.239 00056.104 01537.046 01370.484 00095.201 00105.719 00093.568 00117.088 00123.982 00128.883 00114.000 00087.296 00110.578 00085.997 00052.360 00072.475 00082.704 00196.435 00158.090 00110.864 00135.828 00183.572 02112.426 01505.497 00993.304 01456.426 01409.297 01263.767 01062.658 -9999.0 -9999.0 -9999.0 -9999.0 -9999.0 -9999.0 -9999.0 -9999.0 -9999.0 -9999.0 -9999.0 -9999.0 -9999.0 -9999.0 -9999.0 -9999.0 -9999.0 -9999.0
00006.599 00026.455 00034.692 00029.960 00025.165 00018.855 00022.928 00035.570 00056.816 00041.676 00020.411 00034.798 00038.144 00020.909 00029.632 00034.192 00028.655 00020.961 00016.222 00023.781 01179.333 01656.008 00105.158 00102.230 00116.217 00131.409 00127.576 00132.792 00077.268 00102.918 00176.168 00085.255 00048.887 00072.106 00096.533 00261.792 00124.808 00091.515 00090.738 00098.342 01030.506 01744.882 01846.415 01927.109 01918.804 01681.857 01460.573 -9999.0 -9999.0 -9999.0 -9999.0 -9999.0 -9999.0 -9999.0 -9999.0 -9999.0 -9999.0 -9999.0 -9999.0 -9999.0 -9999.0 -9999.0 -9999.0 -9999.0 -9999.0
00017.534 00024.655 00026.932 00028.873 00021.409 00019.323 00031.394 00039.115 00069.027 00046.450 00024.089 00033.622 00031.465 00018.402 00025.631 00034.431 00024.778 00017.659 00015.700 00026.449 00025.169 00017.646 00107.800 00096.430 00120.014 00132.862 00129.370 00116.008 00057.899 00114.611 00131.755 00089.973 00057.821 00067.908 00088.564 00131.197 00115.043 00152.057 00099.334 00115.187 00181.290 00149.520 02747.422 02441.291 02341.978 01974.929 00859.556 00909.408 00910.349 00887.566 00821.221 00914.014 01065.108 01143.746 01127.718 00723.938 -9999.0 -9999.0 -9999.0 -9999.0 -9999.0 -9999.0 -9999.0 -9999.0 -9999.0
00021.755 00018.807 00019.963 00024.482 00026.190 00022.625 00031.476 00038.318 00086.243 00044.632 00019.524 00029.075 00021.053 00015.837 00020.705 00027.535 00024.517 00010.455 00014.818 00022.692 00023.922 00020.802 00094.177 00108.286 00145.062 00148.394 00131.178 00088.210 00152.785 00301.985 00204.616 00094.082 00046.185 00061.206 00080.322 00108.801 00164.108 00280.162 00176.393 00083.957 00096.773 00107.775 03687.145 03470.172 02603.264 01339.535 00905.692 00837.490 00777.141 00773.362 00877.506 01115.160 01427.679 01286.585 01083.858 00691.616 -9999.0 -9999.0 -9999.0 -9999.0 -9999.0 -9999.0 -9999.0 -9999.0 -9999.0
00024.508 00019.881 00021.393 00027.132 00030.048 00020.794 00027.700 00037.145 00053.280 00034.219 00026.158 00025.597 00017.055 00018.318 00015.464 00014.145 00018.120 00011.055 00018.245 00005.334 00018.850 00016.166 00089.768 00055.398 00120.037 00129.409 00105.534 00054.577 00128.825 00155.651 00166.478 00143.275 00048.378 00056.123 00061.992 00075.428 00103.421 00299.012 00300.378 00139.826 00091.885 00084.160 01280.803 02518.203 02165.848 00474.554 00881.331 00872.011 00923.476 00972.758 01080.858 01144.892 01480.480 01903.554 01758.031 01466.078 00701.463 -9999.0 -9999.0 -9999.0 -9999.0 -9999.0 -9999.0 -9999.0 -9999.0
00029.780 00023.663 00021.215 00021.793 00022.174 00018.227 00028.141 00091.994 00123.653 00094.509 00094.442 00088.810 00071.935 00071.342 00035.701 00045.737 00103.260 00292.899 00381.663 00330.701 00260.075 00213.387 00134.850 00032.037 00092.075 00104.294 00062.096 00148.577 00124.816 00188.227 00174.463 00121.657 00039.391 00043.455 00041.758 00041.507 00055.590 00246.705 00331.949 00264.842 00116.640 00084.175 00016.225 00013.340 00008.769 00013.213 00020.054 00741.326 01101.472 01244.873 01420.367 01420.701 01441.273 01805.302 01835.504 01613.990 01123.609 -9999.0 -9999.0 -9999.0 -9999.0 -9999.0 -9999.0 -9999.0 -9999.0
00020.709 00020.988 00020.438 00019.344 00018.816 00019.497 00030.321 00100.806 00129.341 00105.777 00082.242 00082.384 00066.893 00038.241 00068.967 00111.202 00263.287 00395.995 00395.978 00314.860 00233.617 00200.466 00180.807 00057.160 00071.736 00063.965 00097.021 00117.548 00163.311 00213.097 00108.069 00082.275 00044.227 00048.148 00070.833 00059.763 00098.865 00208.032 00331.609 00290.672 00118.885 00082.500 00042.786 00031.866 00029.771 00020.123 00022.673 01015.738 01181.367 01360.137 01359.512 01361.321 01401.883 02131.256 01870.322 01535.376 01204.609 -9999.0 -9999.0 -9999.0 -9999.0 -9999.0 -9999.0 -9999.0 -9999.0
00021.366 00020.868 00020.690 00022.548 00018.724 00018.450 00035.495 00103.522 00169.016 00116.615 00070.534 00088.340 00051.290 00097.017 00136.849 00290.563 00459.376 00392.194 00313.772 00243.965 00204.016 00425.238 00214.124 00070.190 00040.972 00064.513 00083.748 00146.895 00170.916 00144.667 00100.383 00115.302 00095.167 00083.052 00127.163 00195.451 00241.744 00243.829 00284.412 00144.547 00079.489 00138.515 00153.686 00133.310 00122.802 00032.383 00039.585 00039.140 00027.272 00020.303 00021.217 00020.123 00008.153 -9999.0 -9999.0 -9999.0 -9999.0 -9999.0 -9999.0 -9999.0 -9999.0 -9999.0 -9999.0 -9999.0 -9999.0
00027.052 00022.371 00021.462 00021.051 00014.412 00006.296 00020.833 00093.663 00154.913 00116.037 00091.817 00055.366 00090.996 00121.156 00164.076 00436.714 00517.030 00390.956 00259.575 00181.567 00144.534 00287.844 00166.804 00090.596 00017.247 00036.250 00088.301 00145.949 00066.486 00075.920 00129.770 00182.377 00205.443 00103.878 00064.551 00052.458 00068.786 00081.484 00106.093 00107.047 00146.210 00199.736 00207.611 00199.218 00186.227 00064.189 00064.131 00071.295 00032.928 00027.283 00024.086 00022.306 00022.534 00020.097 00007.124 -9999.0 -9999.0 -9999.0 -9999.0 -9999.0 -9999.0 -9999.0 -9999.0 -9999.0 -9999.0
00021.555 00018.730 00014.481 00008.282 00011.380 00025.683 00012.051 00015.843 00069.278 00049.376 00025.688 00036.008 00192.318 00113.383 00164.749 00427.998 00457.335 00320.232 00207.860 00143.092 00081.713 00108.619 00117.626 00122.140 00125.033 00063.131 00075.845 00031.495 00062.169 00099.862 00218.463 00297.497 00293.446 00284.448 00194.797 00198.645 00299.587 00271.766 00168.179 00181.263 00348.742 00485.245 00389.178 00297.962 00177.107 00085.549 00065.512 00032.226 00052.273 00058.786 00042.284 00030.629 00029.425 00030.444 00025.484 00017.564 -9999.0 -9999.0 -9999.0 -9999.0 -9999.0 -9999.0 -9999.0 -9999.0 -9999.0
00027.277 00015.059 00003.925 00018.261 00025.664 00034.371 00019.560 00060.724 00020.550 00074.515 00074.187 00069.266 00112.355 00184.306 00132.071 00303.973 00478.475 00235.128 00136.324 00104.040 00026.266 00033.375 00097.919 00131.559 00189.721 00134.615 00213.987 00164.927 00054.249 00079.558 00176.000 00231.331 00242.975 00241.664 00237.435 00215.365 00269.214 00277.184 00236.850 00185.940 00680.649 00686.967 00505.974 00293.191 00200.672 00142.401 00112.802 00025.837 00037.138 00054.568 00046.254 00038.052 00037.249 00040.343 00041.432 00035.038 00026.338 -9999.0 -9999.0 -9999.0 -9999.0 -9999.0 -9999.0 -9999.0 -9999.0
00020.049 00008.457 00018.389 00025.601 00028.939 00034.817 00049.353 00100.248 00046.477 00080.912 00121.936 00125.153 00134.810 00128.738 00083.635 00146.893 00215.348 00127.499 00098.562 00101.585 00042.979 00045.731 00097.437 00076.664 00093.195 00208.216 00248.361 00111.330 00002.853 00093.216 00164.809 00173.492 00188.011 00208.456 00190.532 00202.365 00257.541 00267.347 00242.114 00239.182 00855.573 00546.439 00410.667 00211.540 00189.651 00181.970 00126.747 00036.360 00039.087 00050.465 00050.737 00039.545 00041.655 00048.147 00045.022 00040.296 00031.941 00003.993 -9999.0 -9999.0 -9999.0 -9999.0 -9999.0 -9999.0 -9999.0
00015.578 00013.556 00023.432 00028.375 00029.779 00023.883 00028.251 00077.430 00084.900 00112.752 00153.810 00187.598 00172.464 00119.614 00120.260 00120.450 00079.895 00034.783 00052.947 00046.354 00035.148 00078.245 00055.509 00044.083 00033.451 00136.633 00141.685 00088.599 00024.828 00060.053 00074.093 00096.273 00121.672 00151.829 00160.523 00169.620 00199.790 00204.231 00213.019 00293.122 00528.041 00298.331 00257.556 00233.269 00210.572 00266.646 00220.944 00089.088 00046.810 00063.510 00054.977 00043.089 00053.110 00055.065 00039.376 00035.961 00030.462 00019.827 00013.989 00003.858 -9999.0 -9999.0 -9999.0 -9999.0 -9999.0
00009.119 00022.936 00025.255 00027.246 00028.574 00028.833 00026.497 00117.060 00108.989 00121.511 00133.217 00147.429 00127.373 00115.540 00067.309 00081.024 00081.055 00066.081 00068.965 00039.619 00031.647 00071.903 00062.158 00045.349 00042.621 00142.506 00163.454 00118.860 00024.994 00062.352 00058.794 00073.967 00058.837 00070.014 00084.962 00098.086 00116.310 00125.986 00131.383 00200.863 00284.938 00244.003 00317.178 00196.730 00269.320 00344.072 00263.631 00065.811 00061.249 00067.315 00047.928 00043.659 00064.150 00076.198 00043.603 00034.024 00032.755 00035.866 00036.483 00029.525 00029.861 00020.068 -9999.0 -9999.0 -9999.0
00019.959 00026.293 00025.010 00024.539 00038.189 00054.965 00035.632 00105.017 00131.139 00156.462 00145.998 00154.138 00141.343 00128.577 00111.017 00096.551 00113.271 00075.293 00065.544 00039.182 00036.686 00040.134 00062.555 00041.191 00039.674 00147.048 00168.190 00074.749 00062.425 00060.009 00091.399 00095.155 00095.819 00090.576 00144.528 00139.400 00126.871 00135.106 00054.110 00049.432 00070.645 00210.289 00497.012 00189.007 00235.858 00282.307 00160.338 00072.218 00054.207 00067.187 00052.029 00073.201 00065.546 00067.813 00037.333 00040.570 00042.062 00049.275 00064.232 00062.848 00054.376 00045.798 00022.240 -9999.0 -9999.0
00023.738 00025.894 00030.352 00040.322 00047.986 00053.476 00094.097 00336.964 00471.089 00393.810 00281.982 00193.426 00210.224 00162.878 00235.335 00024.680 00065.110 00088.087 00105.319 00049.030 00033.882 00031.562 00061.726 00048.000 00042.703 00042.515 00036.992 00063.183 00011.767 00018.257 00118.660 00112.063 00113.865 00120.169 00134.753 00134.041 00106.273 00111.146 00111.441 00105.305 00908.261 00617.762 00155.620 00129.921 00239.426 00230.052 00108.698 00086.581 00108.352 00138.590 00167.519 00134.958 00035.946 00029.792 00035.199 00051.106 00042.364 00038.620 00039.134 00036.858 00042.524 00043.754 00040.918 00034.529 00028.564
00023.261 00043.637 00078.890 00073.035 00042.294 00043.488 00191.297 00294.898 00511.761 00549.288 00461.681 00349.904 00271.692 00189.219 00150.274 00033.733 00067.649 00103.764 00109.263 00053.388 00033.953 00039.000 00027.805 00079.508 00058.670 00055.986 00068.768 00047.110 00026.996 00022.548 00057.028 00068.796 00107.826 00114.117 00161.403 00174.507 00100.795 00112.719 00107.769 00111.903 01392.720 01155.779 00052.292 00109.190 00266.881 00403.103 00179.991 00088.115 00084.034 00097.202 00116.389 00100.382 00023.968 00028.335 00028.506 00034.177 00033.291 00032.893 00033.600 00028.854 00033.304 00045.671 00048.852 00053.245 00044.205
00107.108 00271.258 00324.828 00334.750 00230.261 00173.670 00349.807 00239.288 00233.571 00233.570 00235.997 00359.881 -9999.000 -9999.000 -9999.000 -9999.000 00072.954 00088.620 00107.960 00098.340 00116.202 00084.718 00198.694 00226.338 00215.847 00199.522 00196.904 00162.508 00223.635 00081.339 00013.087 00064.693 00072.185 00083.490 00099.639 00076.972 00073.484 00087.487 00099.133 00110.096 01279.021 01367.458 01054.474 00505.102 03122.841 00676.988 00581.945 00268.543 00207.165 00144.236 00100.903 00096.576 00025.747 00030.775 00033.074 00036.897 00034.941 00044.842 00054.772 00034.079 00028.244 00050.035 00062.329 00050.884 00022.170
00193.362 00295.342 00330.427 00279.641 00235.036 00302.993 00323.724 00229.385 00240.411 00220.042 -9999.000 -9999.0 -9999.0 -9999.0 -9999.0 -9999.0 -9999.000 -9999.000 00108.638 00116.083 00159.793 00086.836 00146.062 00236.754 00221.222 00222.366 00216.343 00210.948 00214.512 00120.606 00021.477 00084.540 00109.503 00121.691 00155.691 00084.530 00076.377 00069.324 00076.821 00093.429 01302.695 01836.645 01430.500 00801.572 01805.131 00607.868 00440.824 00306.104 00321.194 00240.153 00156.658 00096.146 00024.365 00035.701 00057.056 00057.155 00044.162 00057.985 00068.212 00033.395 00029.688 00041.335 00051.171 00040.066 00018.005
00263.461 00322.918 00288.434 00186.530 00213.618 00218.854 00334.451 00254.304 -9999.000 -9999.0 -9999.0 -9999.0 -9999.0 -9999.0 -9999.0 -9999.0 -9999.0 -9999.0 -9999.000 -9999.000 00208.960 00081.388 00158.572 00170.132 00136.604 00150.141 00191.499 00170.247 00142.141 00037.388 00060.962 00103.174 00150.449 00153.757 00088.859 00080.804 00065.761 00052.849 00048.452 00054.682 01238.038 02351.455 01557.107 01170.615 00618.542 00200.652 00228.597 00266.767 00256.725 00284.480 00205.389 00086.389 00039.746 00045.415 00054.959 00058.043 00048.189 00064.908 00066.487 00038.954 00030.299 00033.845 00045.281 00043.660 00034.803
00378.171 00297.197 00220.185 00216.571 00179.756 00143.667 00221.522 -9999.000 -9999.0 -9999.0 -9999.0 -9999.0 -9999.0 -9999.0 -9999.0 -9999.0 -9999.0 -9999.0 -9999.0 -9999.0 00251.627 00108.160 00060.609 00063.180 00126.785 00106.386 00089.483 00069.215 00048.822 00021.971 00107.519 00113.331 00162.191 00163.957 00096.644 00082.104 00057.899 00805.315 00435.849 00120.927 00041.145 00098.551 01279.852 01187.713 00697.964 00223.474 00424.774 00373.700 00352.344 00263.087 00233.293 00101.777 00046.203 00051.224 00042.713 00044.815 00051.183 00076.842 00057.049 00036.453 00033.373 00033.981 00040.926 00047.151 00049.258
00492.145 00326.152 00192.795 00173.289 00227.180 00116.534 -9999.000 -9999.0 -9999.0 -9999.0 -9999.0 -9999.0 -9999.0 -9999.0 -9999.0 -9999.0 -9999.0 -9999.0 -9999.0 -9999.0 -9999.000 00330.990 00183.309 00123.945 00134.785 00134.081 00108.516 00100.632 00105.844 00076.575 00016.316 00061.969 00081.247 00085.086 00104.650 00077.916 00048.207 00302.030 00062.739 00065.749 00091.854 00028.884 01153.541 01232.082 00497.517 00248.233 00384.643 00328.057 00170.905 00203.175 00211.124 00094.292 00058.320 00028.950 00032.999 00031.652 00047.805 00063.094 00043.187 00047.694 00064.722 00046.443 00041.884 00052.452 00047.234
00376.712 00365.071 00092.879 00062.732 00070.864 -9999.000 -9999.0 -9999.0 -9999.0 -9999.0 -9999.0 -9999.0 -9999.0 -9999.0 -9999.0 -9999.0 -9999.0 -9999.0 -9999.0 -9999.0 -9999.0 -9999.000 00217.714 00206.225 00180.983 00123.852 00181.058 00147.538 00158.399 00121.141 00066.492 00036.570 00079.892 00092.107 00147.419 00065.189 00040.867 00064.636 00083.292 00178.837 00300.886 00340.049 00084.124 00077.600 00047.815 00136.906 00100.424 00126.022 00156.124 00189.024 00185.948 00114.989 00045.847 00037.094 00039.307 00091.737 00127.637 00219.627 00148.438 00136.314 00059.864 00035.355 00031.387 00033.766 00030.614
-9999.000 -9999.0 -9999.0 -9999.0 -9999.0 -9999.0 -9999.0 -9999.0 -9999.0 -9999.0 -9999.0 -9999.0 -9999.0 -9999.0 -9999.0 -9999.0 -9999.0 -9999.0 -9999.0 -9999.0 -9999.0 -9999.0 -9999.000 00165.149 00202.355 00190.121 00085.156 00184.626 00202.569 00169.314 00106.741 00030.232 00089.967 00104.713 00099.041 00066.198 00043.620 00090.471 00191.945 00232.516 00194.161 00935.565 00045.582 00045.473 00088.338 00072.402 00080.564 00116.801 00165.355 00168.769 00146.444 00177.503 00138.924 00111.594 00065.272 00114.271 00122.799 00332.505 00245.146 00219.748 00070.447 00044.400 00034.333 00035.344 00032.750
-9999.0 -9999.0 -9999.0 -9999.0 -9999.0 -9999.0 -9999.0 -9999.0 -9999.0 -9999.0 -9999.0 -9999.0 -9999.0 -9999.0 -9999.0 -9999.0 -9999.0 -9999.0 -9999.0 -9999.0 -9999.0 -9999.0 -9999.0 -9999.000 00149.272 00163.799 00113.265 00216.027 00246.624 00252.285 00145.220 00083.747 00029.782 00034.832 00082.356 00071.728 00048.140 00093.221 00292.914 00663.339 01464.468 01056.458 00049.697 00036.199 00035.193 00049.437 00070.214 00153.955 00198.055 00148.812 00120.461 00185.764 00110.567 00108.078 00082.440 00125.218 00124.850 00317.459 00303.228 00222.746 00074.423 00057.618 00051.853 00034.861 00032.214
-9999.0 -9999.0 -9999.0 -9999.0 -9999.0 -9999.0 -9999.0 -9999.0 -9999.0 -9999.0 -9999.0 -9999.0 -9999.0 -9999.0 -9999.0 -9999.0 -9999.0 -9999.0 -9999.0 -9999.0 -9999.0 -9999.0 -9999.0 -9999.0 -9999.000 00165.030 00146.489 00177.312 00201.005 00243.421 00041.512 00034.055 00027.634 00008.960 00010.630 00025.377 00020.825 00019.930 00018.817 00012.931 00467.824 00791.768 00927.790 01207.940 01311.506 01232.044 00374.182 00088.269 00212.028 00085.239 00034.007 00059.389 00067.116 00051.244 00043.646 00078.507 00114.955 00215.142 00206.719 00170.951 00080.633 00048.569 00042.490 00038.124 00033.992
-9999.0 -9999.0 -9999.0 -9999.0 -9999.0 -9999.0 -9999.0 -9999.0 -9999.0 -9999.0 -9999.0 -9999.0 -9999.0 -9999.0 -9999.0 -9999.0 -9999.0 -9999.0 -9999.0 -9999.0 -9999.0 -9999.0 -9999.0 -9999.0 -9999.0 00188.252 00157.179 00073.105 00142.474 00121.219 00056.018 00061.859 00049.162 00035.181 00020.234 00001.854 00026.093 00016.240 00018.379 00022.019 00795.080 00990.721 01090.147 01134.266 01226.354 01244.771 01309.569 00038.432 00072.602 00092.062 00027.080 00039.827 00022.679 00022.615 00028.323 00127.877 00211.297 00213.370 00156.419 00137.002 00039.869 00038.053 00037.258 00039.904 00041.166
-9999.0 -9999.0 -9999.0 -9999.0 -9999.0 -9999.0 -9999.0 -9999.0 -9999.0 -9999.0 -9999.0 -9999.0 -9999.0 -9999.0 -9999.0 -9999.0 -9999.0 -9999.0 -9999.0 -9999.0 -9999.0 -9999.0 -9999.0 -9999.0 -9999.0 -9999.000 00143.951 00028.407 00051.431 00053.301 00053.283 00055.717 00054.615 00049.735 00040.524 00020.612 00013.227 01008.751 00893.933 00799.994 01050.913 01212.525 01251.668 01271.895 01356.486 01304.458 01080.406 01260.118 00084.829 00125.403 00015.300 00018.252 00088.407 00125.285 00097.282 00129.587 00255.693 00246.540 00200.005 00176.546 00069.104 00066.537 00054.227 00054.640 00051.206
