tests/Case_4_Intensity.asc
NCOLS 245
NROWS 163
XLLCORNER 4208400.000000
YLLCORNER 1880200.000000
CELLSIZE 100.000000
NODATA_VALUE -9999.0
[rows 58 to 86 of 163, columns 64 to 127 of 245]
-9999.0 -9999.0 -9999.0 -9999.0 -9999.0 -9999.0 -9999.0 -9999.0 00002.870 00085.643 00103.381 00104.843 00091.001 00055.469 00039.186 00020.670 00016.203 00030.053 00025.906 00021.055 00036.726 00085.198 00048.424 00036.465 00041.273 00036.801 00037.622 00062.805 00052.223 00043.766 00026.695 00064.344 00105.931 00099.098 00095.905 00093.986 00175.751 00187.067 00220.072 00253.820 00287.828 00344.862 00329.697 -9999.000 -9999.0 -9999.0 -9999.0 -9999.0 -9999.0 -9999.0 -9999.0 -9999.0 -9999.0 -9999.0 -9999.0 -9999.0 -9999.0 -9999.0 -9999.0 -9999.0 -9999.0 -9999.0 -9999.0 -9999.0
-9999.0 -9999.0 -9999.0 -9999.0 -9999.0 -9999.0 -9999.0 -9999.0 00065.675 00094.494 00106.037 00102.516 00056.309 00030.860 00043.946 00053.703 00053.898 00057.816 00062.012 00071.541 00053.726 00029.126 00042.087 00044.499 00039.911 00024.524 00050.695 00062.216 00049.587 00018.092 00057.883 00140.104 00140.714 00129.556 00108.221 00109.271 00096.303 00188.626 00195.650 00212.927 00235.727 00281.669 00328.066 -9999.000 -9999.0 -9999.0 -9999.0 -9999.0 -9999.0 -9999.0 -9999.0 -9999.0 -9999.0 -9999.0 -9999.0 -9999.0 -9999.0 -9999.0 -9999.0 -9999.0 -9999.0 -9999.0 -9999.0 -9999.0
-9999.0 -9999.0 -9999.0 -9999.0 -9999.0 -9999.0 -9999.0 00018.984 00089.349 00098.270 00108.827 00062.968 00039.828 00039.330 00045.619 00051.062 00051.918 00058.685 00066.060 00071.205 00093.316 00052.204 00004.527 00039.024 00037.696 00000.482 00059.076 00063.264 00044.678 00029.887 00096.274 00155.083 00166.773 00170.362 00372.894 00401.110 00373.475 00079.734 00214.746 00243.014 00186.440 00202.104 00098.230 -9999.0 -9999.0 -9999.0 -9999.0 -9999.0 -9999.0 -9999.0 -9999.0 -9999.0 -9999.0 -9999.0 -9999.0 -9999.0 -9999.0 -9999.0 -9999.0 -9999.0 -9999.0 -9999.0 -9999.0 -9999.0
-9999.0 -9999.0 -9999.0 -9999.0 -9999.0 -9999.0 -9999.0 00064.432 00103.616 00110.686 00105.669 00055.672 00013.070 00041.787 00040.345 00034.321 00032.916 00046.826 00060.963 00079.554 00056.028 00056.883 00062.511 00041.779 00036.084 00031.894 00060.713 00051.809 00039.216 00045.617 00153.652 00166.092 00176.678 00223.103 00338.700 00654.060 00371.971 00249.280 00283.638 00308.806 00338.006 00205.110 00122.453 -9999.0 -9999.0 -9999.0 -9999.0 -9999.0 -9999.0 -9999.0 -9999.0 -9999.0 -9999.0 -9999.0 -9999.0 -9999.0 -9999.0 -9999.0 -9999.0 -9999.0 -9999.0 -9999.0 -9999.0 -9999.0
-9999.0 -9999.0 -9999.0 -9999.0 -9999.0 -9999.0 -9999.0 00060.197 00091.287 00108.790 00105.761 00050.654 00028.279 00040.633 00028.371 00078.280 00368.752 00036.796 00062.370 00050.150 00051.737 00060.727 00064.323 00043.542 00034.720 00043.123 00062.232 00050.836 00027.619 00053.796 00158.691 00171.100 00181.117 00277.014 00482.152 05555.194 05201.122 00220.764 00310.734 00280.647 00319.340 00292.475 -9999.000 -9999.0 -9999.0 -9999.0 -9999.0 -9999.0 -9999.0 -9999.0 -9999.0 -9999.0 -9999.0 -9999.0 -9999.0 -9999.0 -9999.0 -9999.0 -9999.0 -9999.0 -9999.0 -9999.0 -9999.0 -9999.0
-9999.0 -9999.0 -9999.0 -9999.0 -9999.0 -9999.0 00057.831 00079.149 00078.232 00081.380 00046.611 00034.187 00024.002 00040.679 00032.089 00645.893 00977.080 00023.400 00036.686 00035.378 00039.549 00047.651 00054.958 00058.577 00031.573 00049.624 00062.124 00049.861 00008.865 00056.787 00163.897 00176.802 00188.490 00265.196 00288.919 05407.981 05406.739 00251.908 00384.554 00256.595 00273.921 00314.436 -9999.000 -9999.0 -9999.0 -9999.0 -9999.0 -9999.0 -9999.0 -9999.0 -9999.0 -9999.0 -9999.0 -9999.0 -9999.0 -9999.0 -9999.0 -9999.0 -9999.0 -9999.0 -9999.0 -9999.0 -9999.0 -9999.0
-9999.0 -9999.0 -9999.0 -9999.0 -9999.0 00063.982 00080.363 00080.459 00078.854 00053.333 00029.202 00040.963 00047.399 00041.195 00033.148 00883.977 00763.580 00043.695 00050.277 00060.030 00059.524 00036.674 00043.489 00057.168 00029.068 00052.564 00062.341 00049.075 00021.252 00058.286 00168.208 00181.304 00193.065 00239.796 00267.402 04935.740 05336.006 00380.669 00383.187 00331.610 00258.823 00260.206 -9999.000 -9999.0 -9999.0 -9999.0 -9999.0 -9999.0 -9999.0 -9999.0 -9999.0 -9999.0 -9999.0 -9999.0 -9999.0 -9999.0 -9999.0 -9999.0 -9999.0 -9999.0 -9999.0 -9999.0 -9999.0 -9999.0
-9999.0 -9999.0 -9999.0 -9999.0 00019.263 00089.102 00090.205 00092.755 00052.835 00028.496 00041.482 00044.746 00046.809 00046.880 00026.059 00939.807 00996.060 01030.305 01273.441 01501.241 00428.923 00090.085 00036.123 00045.267 00029.881 00051.401 00062.933 00050.485 00011.155 00057.632 00169.420 00182.915 00194.450 00206.254 00218.822 03961.690 05038.639 00387.291 00382.476 00384.341 00304.661 00243.614 -9999.0 -9999.0 -9999.0 -9999.0 -9999.0 -9999.0 -9999.0 -9999.0 -9999.0 -9999.0 -9999.0 -9999.0 -9999.0 -9999.0 -9999.0 -9999.0 -9999.0 -9999.0 -9999.0 -9999.0 -9999.0 -9999.0
-9999.0 -9999.0 -9999.0 -9999.0 00063.352 00088.453 00093.429 00095.640 00049.800 00033.374 00042.413 00042.726 00026.013 00020.423 00016.349 00987.181 01163.660 01220.465 01287.535 01419.134 00700.824 00147.498 00097.162 00030.575 00031.311 00051.990 00064.365 00052.799 00017.058 00056.849 00167.716 00180.206 00188.975 00185.528 00169.172 01652.608 03690.994 00798.248 01868.608 00490.690 00301.300 -9999.000 -9999.0 -9999.0 -9999.0 -9999.0 -9999.0 -9999.0 -9999.0 -9999.0 -9999.0 -9999.0 -9999.0 -9999.0 -9999.0 -9999.0 -9999.0 -9999.0 -9999.0 -9999.0 -9999.0 -9999.0 -9999.0 -9999.0
-9999.0 -9999.0 -9999.0 00048.618 00089.963 00085.305 00085.278 00044.514 00025.947 00042.895 00043.489 00034.249 00899.716 00940.933 00979.222 01142.187 01174.256 01233.226 01303.276 01480.130 00439.623 00161.151 00099.687 00072.475 00012.242 00051.992 00064.467 00046.953 00020.969 00054.459 00119.764 00160.953 00157.287 00158.867 00215.622 00229.371 00253.522 04335.260 05194.867 04674.869 00282.900 -9999.0 -9999.0 -9999.0 -9999.0 -9999.0 -9999.0 -9999.0 -9999.0 -9999.0 -9999.0 -9999.0 -9999.0 -9999.0 -9999.0 -9999.0 -9999.0 -9999.0 -9999.0 -9999.0 -9999.0 -9999.0 -9999.0 -9999.000
-9999.0 -9999.0 -9999.0 00080.540 00090.016 00093.611 00053.696 00034.882 00041.920 00046.795 00044.005 00025.820 00941.202 00958.907 01106.259 01144.920 01177.093 01226.224 01312.556 01507.689 00341.618 00159.330 00153.700 00107.600 00061.633 00060.453 00058.426 00037.398 00048.860 00129.457 00134.494 00140.967 00145.951 00352.690 00332.675 00197.953 00210.668 03751.976 04382.696 03978.623 -9999.000 -9999.0 -9999.0 -9999.0 -9999.0 -9999.0 -9999.0 -9999.0 -9999.0 -9999.0 -9999.0 -9999.0 -9999.0 -9999.0 -9999.0 -9999.0 -9999.0 -9999.0 -9999.0 -9999.0 -9999.0 -9999.0 -9999.0 -9999.000
-9999.0 -9999.0 00064.774 00069.765 00077.695 00091.904 00053.410 00010.622 00040.715 00037.689 00029.770 00018.697 00965.138 01083.054 01103.546 01141.631 01176.629 01217.829 01319.650 01556.489 00541.256 00166.833 00161.380 00152.710 00102.045 00061.814 00051.055 00016.625 00059.386 00148.908 00156.432 00159.465 00417.906 00305.752 00314.854 01355.426 00190.656 02775.357 04088.483 03928.694 -9999.0 -9999.0 -9999.0 -9999.0 -9999.0 -9999.0 -9999.0 -9999.0 -9999.0 -9999.0 -9999.0 -9999.0 -9999.0 -9999.0 -9999.0 -9999.0 -9999.0 -9999.0 -9999.0 -9999.0 -9999.0 -9999.0 -9999.0 -9999.0
-9999.0 -9999.0 00015.771 00021.767 00024.684 00024.866 00022.298 00033.407 00040.446 00026.936 00819.637 00946.653 01081.616 01090.654 01094.687 01130.583 01168.785 01213.873 01265.659 01207.867 00723.214 00168.165 00166.086 00157.837 00144.469 00062.798 00049.931 00023.101 00151.583 00162.804 00173.471 00636.031 02669.800 02503.837 02868.728 02742.767 02792.676 02333.311 03155.052 -9999.000 -9999.0 -9999.0 -9999.0 -9999.0 -9999.0 -9999.0 -9999.0 -9999.0 -9999.0 -9999.0 -9999.0 -9999.0 -9999.0 -9999.0 -9999.0 -9999.0 -9999.0 -9999.0 -9999.0 -9999.0 -9999.0 -9999.0 -9999.0 -9999.0
-9999.0 -9999.0 00018.856 00025.339 00027.314 00026.162 00008.738 00037.863 00040.287 00019.057 00910.750 00995.896 01086.741 01096.282 01088.996 01113.075 01157.602 00948.812 01005.154 01132.792 00275.730 00161.921 00160.917 00161.677 00068.584 00066.685 00050.108 00026.525 00156.454 00169.495 00180.190 02059.144 02290.982 02291.743 02257.398 02251.076 02174.185 02118.284 02431.795 -9999.000 -9999.0 -9999.0 -9999.0 -9999.0 -9999.0 -9999.0 -9999.0 -9999.0 -9999.0 -9999.0 -9999.0 -9999.0 -9999.0 -9999.0 -9999.0 -9999.0 -9999.0 -9999.0 -9999.0 -9999.0 -9999.0 -9999.0 -9999.0 -9999.0
-9999.0 -9999.0 00017.942 00024.081 00026.502 00098.868 00040.889 00039.276 00039.927 00015.361 00927.316 01051.282 01080.008 01090.457 01087.393 01093.674 00914.762 00936.014 00984.885 01082.497 00272.635 00115.188 00177.116 00177.470 00067.659 00054.061 00051.264 00011.505 00112.161 00167.255 00177.804 00187.180 02666.233 02039.179 02000.067 01849.799 01432.698 00181.536 00196.858 -9999.000 -9999.0 -9999.0 -9999.0 -9999.0 -9999.0 -9999.0 -9999.0 -9999.0 -9999.0 -9999.0 -9999.0 -9999.0 -9999.0 -9999.0 -9999.0 -9999.0 -9999.0 -9999.0 -9999.0 -9999.0 -9999.0 -9999.0 -9999.0 -9999.0
-9999.0 -9999.0 00010.086 00020.640 00024.241 00094.792 00042.726 00041.823 00038.780 00000.037 00973.272 01053.492 01080.307 01076.498 01065.574 00888.307 00894.057 00907.600 00948.227 01098.879 00376.200 00108.889 00164.672 00162.236 00050.691 00039.999 00025.274 00059.614 00059.483 00164.752 00176.514 00185.712 02820.584 02570.184 01795.838 01623.872 03056.335 00228.424 00221.053 -9999.000 -9999.0 -9999.0 -9999.0 -9999.0 -9999.0 -9999.0 -9999.0 -9999.0 -9999.0 -9999.0 -9999.0 -9999.0 -9999.0 -9999.0 -9999.0 -9999.0 -9999.0 -9999.0 -9999.0 -9999.0 -9999.0 -9999.0 -9999.0 -9999.0
-9999.0 -9999.0 00010.905 00015.779 00025.138 00091.205 00037.012 00036.799 00037.884 00019.289 01014.326 01049.195 01069.543 01062.846 00979.163 00871.245 00871.012 00875.195 00898.806 00808.045 00080.805 00111.687 00120.423 00060.053 00045.631 00021.129 00063.947 00094.905 00101.798 00103.783 00129.114 01031.887 02738.404 02656.349 02791.671 02201.752 02355.433 00228.116 00221.295 -9999.000 -9999.0 -9999.0 -9999.0 -9999.0 -9999.0 -9999.0 -9999.0 -9999.0 -9999.0 -9999.0 -9999.0 -9999.0 -9999.0 -9999.0 -9999.0 -9999.0 -9999.0 -9999.0 -9999.0 -9999.0 -9999.0 -9999.0 -9999.0 -9999.0
-9999.0 -9999.0 -9999.0 -9999.0 -9999.0 00059.326 00033.924 00037.967 00038.111 00025.772 01014.677 01038.536 01055.169 01050.589 00874.148 00858.663 00846.534 00837.576 00822.236 00770.543 00092.157 00107.219 00055.173 00048.551 00027.394 00050.748 00953.854 02505.336 02603.901 02678.867 02873.646 02852.065 02577.138 02265.818 02495.764 00255.048 00339.834 00225.245 00222.714 -9999.000 -9999.0 -9999.0 -9999.0 -9999.0 -9999.0 -9999.0 -9999.0 -9999.0 -9999.0 -9999.0 -9999.0 -9999.0 -9999.0 -9999.0 -9999.0 -9999.0 -9999.0 -9999.0 -9999.0 -9999.0 -9999.0 -9999.0 -9999.0 -9999.0
-9999.0 -9999.0 -9999.0 -9999.0 -9999.0 00052.125 00020.790 00039.625 00037.946 00032.649 01078.699 01039.123 01044.108 01041.294 00879.286 00853.361 00825.769 00791.372 00702.687 00103.632 00051.419 00043.159 00025.389 00040.847 00060.294 00084.362 02623.525 02692.426 02749.158 02820.542 02858.150 02845.437 02872.696 02719.866 02788.000 00340.531 00365.697 00336.911 00228.854 -9999.000 -9999.0 -9999.0 -9999.0 -9999.0 -9999.0 -9999.0 -9999.0 -9999.0 -9999.0 -9999.0 -9999.0 -9999.0 -9999.0 -9999.0 -9999.0 -9999.0 -9999.0 -9999.0 -9999.0 -9999.0 -9999.0 -9999.0 -9999.0 -9999.0
-9999.0 -9999.0 -9999.0 -9999.0 -9999.0 00054.836 00028.060 00039.987 00041.112 00023.540 00073.618 00061.106 01042.240 00936.971 00877.490 00849.226 00815.692 00748.824 00398.355 00115.660 00991.867 01312.844 00817.133 00886.046 00943.729 02541.316 02649.545 02710.647 02766.764 02770.956 02739.477 01236.790 00152.136 00177.083 00274.004 00317.344 00364.647 00360.063 00284.325 -9999.000 -9999.0 -9999.0 -9999.0 -9999.0 -9999.0 -9999.0 -9999.0 -9999.0 -9999.0 -9999.0 -9999.0 -9999.0 -9999.0 -9999.0 -9999.0 -9999.0 -9999.0 -9999.0 -9999.0 -9999.0 -9999.0 -9999.0 -9999.0 -9999.0
-9999.0 -9999.0 -9999.0 -9999.0 -9999.0 00057.354 00040.920 00049.009 00045.311 00038.780 00022.201 00059.881 01042.659 00884.803 00887.556 00850.108 00810.456 00716.353 00148.853 00224.015 01282.004 01484.692 00826.603 00888.589 00955.644 02576.615 02643.232 02679.160 02663.735 02432.591 02055.976 01678.086 00144.577 00155.059 00288.393 00284.433 00342.760 00361.816 00330.604 -9999.000 -9999.0 -9999.0 -9999.0 -9999.0 -9999.0 -9999.0 -9999.0 -9999.0 -9999.0 -9999.0 -9999.0 -9999.0 -9999.0 -9999.0 -9999.0 -9999.0 -9999.0 -9999.0 -9999.0 -9999.0 -9999.0 -9999.0 -9999.0 -9999.0
-9999.0 -9999.0 -9999.0 -9999.0 -9999.0 00095.033 00050.587 00027.106 00026.394 00040.959 00020.574 00061.149 01074.238 00955.470 00686.807 00859.440 00821.704 00718.304 00139.088 00269.713 01228.825 01685.215 00830.919 00896.027 00956.230 01240.009 02550.707 02512.122 02418.524 02567.749 02390.497 01472.832 00169.467 00333.793 00355.386 00251.651 00301.312 00284.558 00290.540 -9999.000 -9999.0 -9999.0 -9999.0 -9999.0 -9999.0 -9999.0 -9999.0 -9999.0 -9999.0 -9999.0 -9999.0 -9999.0 -9999.0 -9999.0 -9999.0 -9999.0 -9999.0 -9999.0 -9999.0 -9999.0 -9999.0 -9999.0 -9999.0 -9999.0
-9999.0 -9999.0 -9999.0 -9999.0 -9999.0 -9999.0 -9999.0 -9999.0 -9999.0 -9999.0 00885.970 00841.960 00080.048 00163.141 00055.878 00876.764 00846.086 00776.752 00350.502 00128.669 00064.670 00036.342 00809.773 00855.154 00903.545 01205.628 02610.506 02568.187 02374.865 02149.373 00158.120 00217.586 00190.670 00275.271 00339.219 00378.612 00246.932 00102.852 00101.229 -9999.000 -9999.0 -9999.0 -9999.0 -9999.0 -9999.0 -9999.0 -9999.0 -9999.0 -9999.0 -9999.0 -9999.0 -9999.0 -9999.0 -9999.0 -9999.0 -9999.0 -9999.0 -9999.0 -9999.0 -9999.0 -9999.0 -9999.0 -9999.0 -9999.0
-9999.0 -9999.0 -9999.0 -9999.0 -9999.0 -9999.0 -9999.0 -9999.0 -9999.0 -9999.0 01109.140 01369.977 00146.579 00095.650 00053.299 00907.234 00890.828 00864.211 00776.935 00772.523 00063.106 00035.010 00797.265 00731.946 00943.292 01059.116 02336.798 02251.430 02030.917 01546.755 00169.857 00184.566 00192.500 00229.516 00273.219 00269.323 00309.429 00101.764 00098.529 -9999.0 -9999.0 -9999.0 -9999.0 -9999.0 -9999.0 -9999.0 -9999.0 -9999.0 -9999.0 -9999.0 -9999.0 -9999.0 -9999.0 -9999.0 -9999.0 -9999.0 -9999.0 -9999.0 -9999.0 -9999.0 -9999.0 -9999.0 -9999.0 -9999.0
-9999.0 -9999.0 00780.185 00757.543 00683.581 00708.193 00828.248 -9999.0 -9999.0 -9999.0 01226.004 01544.079 00546.453 00057.149 00058.608 00935.794 00936.065 00940.974 00979.161 01246.082 00082.410 00047.563 00032.849 00030.954 00050.893 01087.170 01318.790 00129.732 00103.156 00060.501 00170.908 00187.012 00192.732 00223.866 00223.668 00100.560 00100.719 00101.891 00098.227 -9999.0 -9999.0 -9999.0 -9999.0 -9999.0 -9999.0 -9999.0 -9999.0 -9999.0 -9999.0 -9999.0 -9999.0 -9999.0 -9999.0 -9999.0 -9999.0 -9999.0 -9999.0 -9999.0 -9999.0 -9999.0 -9999.0 -9999.0 -9999.0 -9999.0
-9999.0 -9999.0 00796.648 00628.196 00651.401 00669.581 00663.012 -9999.0 -9999.0 -9999.0 01291.575 01541.513 00107.384 00055.933 00060.899 00971.468 00985.571 00999.792 01109.931 01429.111 00100.649 00122.586 00070.938 00056.854 00036.192 01093.740 00856.970 00114.466 00068.168 00059.525 00171.732 00186.760 00190.661 00197.924 00219.302 00089.451 00095.524 00098.060 00097.927 -9999.0 -9999.0 -9999.0 -9999.0 -9999.0 -9999.0 -9999.0 -9999.0 -9999.0 -9999.0 -9999.0 -9999.0 -9999.0 -9999.0 -9999.0 -9999.0 -9999.0 -9999.0 -9999.0 -9999.0 -9999.0 -9999.0 -9999.0 -9999.0 -9999.0
-9999.0 -9999.0 00809.159 00635.456 00639.275 00519.982 00384.055 -9999.0 -9999.0 -9999.0 01308.607 01678.547 00072.415 00055.560 00064.140 01000.295 01021.499 01055.573 01189.506 01448.421 00774.280 00127.038 00107.385 00061.720 00013.885 01057.618 00925.116 00092.842 00039.520 00173.139 00170.119 00180.160 00179.499 00158.438 00168.450 00064.923 00112.812 00092.703 -9999.000 -9999.0 -9999.0 -9999.0 -9999.0 -9999.0 -9999.0 -9999.0 -9999.0 -9999.0 -9999.0 -9999.0 -9999.0 -9999.0 -9999.0 -9999.0 -9999.0 -9999.0 -9999.0 -9999.0 -9999.0 -9999.0 -9999.0 -9999.0 -9999.0 -9999.0
00392.228 00791.001 00857.358 00683.603 00726.047 00010.450 00006.372 00442.090 00040.244 00424.779 01255.090 01590.924 00160.825 00052.103 00069.089 00085.886 00060.403 01097.121 01228.579 01412.859 00117.353 00129.402 00165.545 00055.067 00044.979 00040.372 00050.808 00885.730 00960.188 00957.552 00164.033 00170.271 00174.225 00168.519 00222.875 00207.691 00222.178 00091.961 -9999.000 -9999.0 -9999.0 -9999.0 -9999.0 -9999.0 -9999.0 -9999.0 -9999.0 -9999.0 -9999.0 -9999.0 -9999.0 -9999.0 -9999.0 -9999.0 -9999.0 -9999.0 -9999.0 -9999.0 -9999.0 -9999.0 -9999.0 -9999.0 -9999.0 -9999.0
00214.025 00818.495 00900.519 00974.072 00634.755 00010.515 00005.912 00333.165 00072.913 00547.976 01109.589 01488.389 00028.628 00026.400 00065.854 00086.566 00062.813 01141.663 01275.327 01256.894 00121.068 00132.464 00186.097 00069.156 00060.958 00060.528 00025.858 00891.183 00961.491 00734.710 00071.382 00167.321 00174.110 00178.310 00214.723 00231.243 00231.557 00091.661 -9999.000 -9999.0 -9999.0 -9999.0 -9999.0 -9999.0 -9999.0 -9999.0 -9999.0 -9999.0 -9999.0 -9999.0 -9999.0 -9999.0 -9999.0 -9999.0 -9999.0 -9999.0 -9999.0 -9999.0 -9999.0 -9999.0 -9999.0 -9999.0 -9999.0 -9999.0
