tests/Case_4_HeatPerUnitArea.asc
NCOLS 245
NROWS 163
XLLCORNER 4208400.000000
YLLCORNER 1880200.000000
CELLSIZE 100.000000
NODATA_VALUE -9999.0
[rows 116 to 144 of 163, columns 128 to 191 of 245]
01116.012 01080.407 01073.631 05532.250 05542.218 05587.895 05595.407 05579.018 05538.050 05475.729 05367.352 05296.368 05248.456 04782.948 03311.534 04897.517 05088.199 04329.866 01866.204 00830.628 00874.654 00870.313 00897.692 00891.111 00866.719 00846.148 04859.594 02536.307 04929.611 05196.997 05217.316 05224.983 05100.194 04648.730 03745.496 05044.010 05167.852 04918.162 -9999.0 -9999.0 -9999.0 -9999.0 -9999.0 -9999.0 -9999.0 -9999.0 -9999.0 -9999.0 -9999.0 -9999.0 -9999.0 -9999.0 -9999.0 -9999.0 -9999.0 -9999.0 -9999.0 -9999.0 -9999.0 -9999.0 -9999.0 -9999.0 -9999.0 -9999.0
05837.557 01412.551 01055.823 05513.640 05414.928 05379.368 05371.765 05329.222 05381.692 05297.904 05205.396 05071.120 04804.348 03897.003 04140.870 04975.875 05066.876 05124.794 01443.915 00864.711 00858.632 00877.416 00889.789 05167.468 05134.905 04990.684 04360.653 02358.216 04984.531 05187.201 05220.159 05215.201 05155.249 04942.878 03344.427 04902.381 05160.804 04998.098 -9999.0 -9999.0 -9999.0 -9999.0 -9999.0 -9999.0 -9999.0 -9999.0 -9999.0 -9999.0 -9999.0 -9999.0 -9999.0 -9999.0 -9999.0 -9999.0 -9999.0 -9999.0 -9999.0 -9999.0 -9999.0 -9999.0 -9999.0 -9999.0 -9999.0 -9999.0
05241.993 01101.440 01038.234 05398.531 05263.215 05215.634 05121.589 05187.819 05105.012 04851.735 04277.522 03080.370 03469.506 04421.874 04806.792 04999.854 05060.230 05119.631 00857.083 00865.201 00854.925 00896.756 00892.066 04215.946 05020.753 04145.494 02527.948 04742.484 05134.843 05203.585 05221.214 05205.783 05195.670 05010.810 04143.338 04542.259 05129.106 05126.235 04649.605 -9999.0 -9999.0 -9999.0 -9999.0 -9999.0 -9999.0 -9999.0 -9999.0 -9999.0 -9999.0 -9999.0 -9999.0 -9999.0 -9999.0 -9999.0 -9999.0 -9999.0 -9999.0 -9999.0 -9999.0 -9999.0 -9999.0 -9999.0 -9999.0 -9999.0
04405.679 01030.397 01028.699 04599.193 05194.733 04739.794 04047.635 03969.168 03707.593 01905.865 03617.115 04261.332 04744.220 04944.905 05070.154 05059.886 05094.205 05123.327 00851.507 00842.380 00888.924 00888.648 00886.374 05088.558 04803.333 03041.033 04708.114 05111.344 05206.000 05204.483 05209.101 05200.657 05187.879 05043.506 04507.528 01992.342 04846.474 05092.815 05100.708 05031.276 04913.825 04365.143 03152.229 -9999.0 -9999.0 -9999.0 -9999.0 -9999.0 -9999.0 -9999.0 -9999.0 -9999.0 -9999.0 -9999.0 -9999.0 -9999.0 -9999.0 -9999.0 -9999.0 -9999.0 -9999.0 -9999.0 -9999.0 -9999.0
27998.522 29596.078 24047.270 16461.862 05146.710 04503.270 03776.250 03996.445 04157.493 04394.821 08139.500 25827.147 24877.896 04938.518 05072.359 05114.613 01497.403 01297.130 00850.462 00857.033 00863.975 05127.945 05041.851 04710.510 02564.808 04108.702 05014.945 05176.179 05194.168 05198.045 05177.978 05175.982 05107.185 04989.127 04226.869 02798.653 04474.391 05014.150 28138.957 28266.223 28182.374 27290.804 27648.944 26709.044 19482.874 -9999.0 -9999.0 -9999.0 -9999.0 -9999.0 -9999.0 -9999.0 -9999.0 -9999.0 -9999.0 -9999.0 -9999.0 -9999.0 -9999.0 -9999.0 -9999.0 -9999.0 -9999.0 -9999.0
29214.226 29335.540 29256.775 14498.537 05088.420 04122.290 03851.998 04861.856 04931.711 04870.214 04919.229 27761.460 27783.083 04934.981 05051.350 04834.633 01434.526 00844.239 01502.437 00874.354 00811.836 04806.359 04632.428 02379.322 04537.599 05111.977 05197.265 05218.205 05214.780 05191.767 05173.037 05110.279 05041.630 04886.035 04536.464 03404.735 04719.958 04903.849 28137.279 28255.914 28217.757 28056.864 27716.659 26893.631 24855.400 09913.897 -9999.0 -9999.0 -9999.0 -9999.0 -9999.0 -9999.0 -9999.0 -9999.0 -9999.0 -9999.0 -9999.0 -9999.0 -9999.0 -9999.0 -9999.0 -9999.0 -9999.0 -9999.0
28626.529 22457.597 05228.278 05145.439 04838.639 02263.612 04316.394 04894.539 27271.393 28090.855 28135.368 27904.499 27897.149 25462.299 27996.878 28070.817 05089.917 04731.614 05140.936 05131.775 05034.061 04771.239 03260.064 04538.623 05073.402 05182.563 05221.778 05204.009 05166.564 05149.737 05148.248 05023.532 04992.825 04757.484 03284.248 04723.063 04804.143 04893.312 28050.062 28116.950 28172.170 28118.290 27878.212 27467.073 26225.285 21313.541 -9999.0 -9999.0 -9999.0 -9999.0 -9999.0 -9999.0 -9999.0 -9999.0 -9999.0 -9999.0 -9999.0 -9999.0 -9999.0 -9999.0 -9999.0 -9999.0 -9999.0 -9999.0
28308.247 04810.132 04583.465 04105.965 02888.693 03648.921 04597.405 04991.599 27897.266 27911.872 27994.187 27985.925 28136.177 28119.186 28093.259 28175.226 05116.242 05141.484 05149.236 05131.843 04991.540 04062.217 02774.183 05010.862 05193.772 05226.155 05216.729 05163.692 05065.671 04955.582 04922.896 04920.440 04595.533 02720.877 04487.753 04953.235 04996.590 09958.174 28000.180 28109.995 28066.699 28005.824 27821.905 27475.904 25887.469 17756.613 -9999.0 -9999.0 -9999.0 -9999.0 -9999.0 -9999.0 -9999.0 -9999.0 -9999.0 -9999.0 -9999.0 -9999.0 -9999.0 -9999.0 -9999.0 -9999.0 -9999.0 -9999.0
27901.459 08963.750 02934.619 03676.783 04204.777 04233.762 04530.259 04711.050 24920.490 27603.074 27738.819 27780.045 27916.222 28101.635 28206.321 28277.370 05151.594 05181.497 05180.721 05151.145 05000.996 03658.514 03978.354 05029.511 05211.172 05220.432 05173.669 05093.827 04902.648 04452.389 03514.272 02619.965 03460.065 04570.410 04901.434 05032.496 05002.011 05004.837 28095.543 28081.905 28028.090 27985.181 27802.840 27536.598 27114.702 24143.940 -9999.0 -9999.0 -9999.0 -9999.0 -9999.0 -9999.0 -9999.0 -9999.0 -9999.0 -9999.0 -9999.0 -9999.0 -9999.0 -9999.0 -9999.0 -9999.0 -9999.0 -9999.0
27800.152 03887.415 03933.824 24123.859 20170.514 23530.416 25910.950 27127.180 26996.954 27431.953 27636.096 27781.747 27925.718 28089.516 28061.215 28224.530 05147.613 05183.077 05200.649 05177.217 05038.708 03621.941 03924.006 05065.630 05213.583 05217.514 05175.834 05087.226 04836.651 03512.790 03802.898 04837.888 04946.475 05008.855 05054.554 05093.075 04994.937 04987.292 28075.290 28060.016 28097.256 27972.692 27789.125 27543.075 27246.226 24886.911 05158.770 -9999.0 -9999.0 -9999.0 -9999.0 -9999.0 -9999.0 -9999.0 -9999.0 -9999.0 -9999.0 -9999.0 -9999.0 -9999.0 -9999.0 -9999.0 -9999.0 -9999.0
27352.199 06103.472 03561.303 05637.576 10867.689 22850.315 25343.907 26449.699 27234.533 27463.060 27588.026 27804.448 27900.508 28013.951 26567.305 27100.398 05163.956 05198.112 05193.518 05146.145 04943.301 02873.881 04757.177 05119.462 05221.942 05207.365 05158.506 05077.903 04869.140 03834.488 04620.552 05060.780 05128.645 05103.660 05098.370 05102.824 04964.596 04943.096 28094.938 27992.821 28042.874 27882.149 27731.715 27523.268 27050.079 23958.650 -9999.0 -9999.0 -9999.0 -9999.0 -9999.0 -9999.0 -9999.0 -9999.0 -9999.0 -9999.0 -9999.0 -9999.0 -9999.0 -9999.0 -9999.0 -9999.0 -9999.0 -9999.0
03976.620 24027.807 21576.854 01090.078 07179.074 13536.182 23170.686 25842.376 26966.015 27473.368 27606.857 27738.040 27876.681 15293.291 05105.719 05178.399 05190.092 05189.064 05166.592 05087.378 04598.667 02305.043 04952.245 05184.412 05210.928 05204.034 05153.087 05059.802 04856.561 03490.554 04732.158 05120.056 05138.085 05062.936 05062.521 05053.654 04865.900 04759.077 04858.220 05348.361 10233.263 04157.813 03844.120 02565.550 -9999.0 -9999.0 -9999.0 -9999.0 -9999.0 -9999.0 -9999.0 -9999.0 -9999.0 -9999.0 -9999.0 -9999.0 -9999.0 -9999.0 -9999.0 -9999.0 -9999.0 -9999.0 -9999.0 -9999.0
04087.724 25318.409 22519.689 08841.822 05076.757 10728.888 21828.049 26014.965 27010.105 27515.007 27571.308 27656.275 27856.697 05047.627 05167.032 05168.679 05150.144 05123.366 05081.746 04909.596 03980.064 04049.046 05135.435 05211.247 05207.681 05192.827 05154.639 05067.105 04854.686 02798.556 04837.285 05144.103 04952.876 04879.607 04904.647 04874.477 04162.751 03665.839 03763.534 01747.526 -9999.0 -9999.0 -9999.0 -9999.0 -9999.0 -9999.0 -9999.0 -9999.0 -9999.0 -9999.0 -9999.0 -9999.0 -9999.0 -9999.0 -9999.0 -9999.0 -9999.0 -9999.0 -9999.0 -9999.0 -9999.0 -9999.0 -9999.0 -9999.0
04125.188 23602.951 15608.862 04224.141 06501.822 10613.383 23872.211 26396.394 27063.704 27341.006 27446.423 27612.966 27884.991 05056.229 05171.417 05168.438 05119.660 04970.823 04596.406 04212.137 02197.057 04978.645 05189.891 05198.176 05197.077 05179.043 05129.818 04955.944 04425.410 02993.323 04954.529 05147.699 05023.421 03489.640 04155.977 03494.807 -9999.0 -9999.0 -9999.0 -9999.0 -9999.0 -9999.0 -9999.0 -9999.0 -9999.0 -9999.0 -9999.0 -9999.0 -9999.0 -9999.0 -9999.0 -9999.0 -9999.0 -9999.0 -9999.0 -9999.0 -9999.0 -9999.0 -9999.0 -9999.0 -9999.0 -9999.0 -9999.0 -9999.0
26624.698 22991.544 08957.643 03938.241 08338.403 16664.757 26298.164 26715.969 26959.586 27168.256 27422.786 27720.972 27851.104 05064.718 05163.644 05146.942 05090.630 04900.373 04198.708 02134.148 04976.172 05141.356 05184.388 05194.467 05184.878 05151.524 05000.774 04537.867 02509.312 04762.175 05091.622 05167.403 04991.663 03496.822 -9999.0 -9999.0 -9999.0 -9999.0 -9999.0 -9999.0 -9999.0 -9999.0 -9999.0 -9999.0 -9999.0 -9999.0 -9999.0 -9999.0 -9999.0 -9999.0 -9999.0 -9999.0 -9999.0 -9999.0 -9999.0 -9999.0 -9999.0 -9999.0 -9999.0 -9999.0 -9999.0 -9999.0 -9999.0 -9999.0
26816.438 24637.038 11803.418 04699.806 10512.521 19037.245 25832.098 26880.768 26983.789 27385.962 27658.470 27780.006 27831.727 25169.341 05135.814 05134.061 05069.646 04896.357 04116.012 02346.364 05114.091 05208.193 05199.735 05193.485 05184.265 05107.879 04881.012 03756.133 04464.209 05081.994 05157.208 05096.300 04831.344 -9999.0 -9999.0 -9999.0 -9999.0 -9999.0 -9999.0 -9999.0 -9999.0 -9999.0 -9999.0 -9999.0 -9999.0 -9999.0 -9999.0 -9999.0 -9999.0 -9999.0 -9999.0 -9999.0 -9999.0 -9999.0 -9999.0 -9999.0 -9999.0 -9999.0 -9999.0 -9999.0 -9999.0 -9999.0 -9999.0 -9999.0
26103.422 23692.302 13595.067 04109.370 09953.195 20527.313 25995.239 26684.402 27118.113 27426.577 27705.709 27839.653 27887.164 05038.185 05104.334 05079.849 04970.838 04817.320 04143.547 01252.622 05080.366 05171.288 05226.327 05208.555 05101.357 04853.141 03659.838 03971.845 04987.216 05149.538 05176.000 04986.283 04269.140 -9999.0 -9999.0 -9999.0 -9999.0 -9999.0 -9999.0 -9999.0 -9999.0 -9999.0 -9999.0 -9999.0 -9999.0 -9999.0 -9999.0 -9999.0 -9999.0 -9999.0 -9999.0 -9999.0 -9999.0 -9999.0 -9999.0 -9999.0 -9999.0 -9999.0 -9999.0 -9999.0 -9999.0 -9999.0 -9999.0 -9999.0
24830.601 20945.786 08366.238 05050.200 11296.702 21264.945 26087.895 26680.074 27160.815 27452.560 27687.284 27819.670 27907.722 23529.548 05103.136 05107.144 04958.015 04420.745 03112.916 04544.527 05108.324 05217.467 05228.161 05168.712 04944.015 03488.307 04421.172 05001.746 05149.574 05183.840 05120.431 04199.277 -9999.0 -9999.0 -9999.0 -9999.0 -9999.0 -9999.0 -9999.0 -9999.0 -9999.0 -9999.0 -9999.0 -9999.0 -9999.0 -9999.0 -9999.0 -9999.0 -9999.0 -9999.0 -9999.0 -9999.0 -9999.0 -9999.0 -9999.0 -9999.0 -9999.0 -9999.0 -9999.0 -9999.0 -9999.0 -9999.0 -9999.0 -9999.0
22270.583 13461.378 02363.826 07522.915 13694.416 23173.543 26302.371 26871.514 27249.395 27498.705 27698.860 27826.590 27891.477 05030.428 05126.546 05099.126 04970.709 04570.635 02759.014 04928.198 05209.788 05226.849 05175.521 05052.908 04805.372 02536.558 04773.104 05102.184 05151.151 05094.070 04377.619 -9999.0 -9999.0 -9999.0 -9999.0 -9999.0 -9999.0 -9999.0 -9999.0 -9999.0 -9999.0 -9999.0 -9999.0 -9999.0 -9999.0 -9999.0 -9999.0 -9999.0 -9999.0 -9999.0 -9999.0 -9999.0 -9999.0 -9999.0 -9999.0 -9999.0 -9999.0 -9999.0 -9999.0 -9999.0 -9999.0 -9999.0 -9999.0 -9999.0
14875.009 05832.807 05625.386 10891.730 18006.362 26275.906 26445.988 27023.153 27404.799 27555.028 27727.652 27820.567 27818.378 26000.885 05084.253 05034.967 05008.730 04412.966 02503.483 04888.593 05196.263 05229.267 05193.271 05049.965 04615.804 02483.965 04697.826 05059.704 05146.725 04961.567 -9999.0 -9999.0 -9999.0 -9999.0 -9999.0 -9999.0 -9999.0 -9999.0 -9999.0 -9999.0 -9999.0 -9999.0 -9999.0 -9999.0 -9999.0 -9999.0 -9999.0 -9999.0 -9999.0 -9999.0 -9999.0 -9999.0 -9999.0 -9999.0 -9999.0 -9999.0 -9999.0 -9999.0 -9999.0 -9999.0 -9999.0 -9999.0 -9999.0 -9999.0
06417.138 04902.042 09750.093 15663.327 22775.861 25144.766 26801.760 27248.869 27503.124 27631.248 27695.604 27665.713 27747.735 04980.961 05098.631 05112.384 04990.403 04580.558 03818.970 03847.988 05018.167 05215.015 05219.990 05139.205 04975.431 04411.747 03797.155 04828.621 05076.771 05146.669 04804.519 -9999.0 -9999.0 -9999.0 -9999.0 -9999.0 -9999.0 -9999.0 -9999.0 -9999.0 -9999.0 -9999.0 -9999.0 -9999.0 -9999.0 -9999.0 -9999.0 -9999.0 -9999.0 -9999.0 -9999.0 -9999.0 -9999.0 -9999.0 -9999.0 -9999.0 -9999.0 -9999.0 -9999.0 -9999.0 -9999.0 -9999.0 -9999.0 -9999.0
05789.116 10059.648 14880.371 22540.283 25340.820 25889.793 26876.650 27494.971 27610.481 27729.835 27811.131 27745.956 05032.655 05086.169 05127.880 05141.303 05085.599 04825.409 04581.803 02253.847 04728.310 05164.139 05220.267 05170.628 04977.950 04648.201 02569.010 04520.209 05015.566 05169.922 05001.669 -9999.0 -9999.0 -9999.0 -9999.0 -9999.0 -9999.0 -9999.0 -9999.0 -9999.0 -9999.0 -9999.0 -9999.0 -9999.0 -9999.0 -9999.0 -9999.0 -9999.0 -9999.0 -9999.0 -9999.0 -9999.0 -9999.0 -9999.0 -9999.0 -9999.0 -9999.0 -9999.0 -9999.0 -9999.0 -9999.0 -9999.0 -9999.0 -9999.0
12876.490 17599.592 23427.612 25908.322 26052.295 26549.301 27166.736 27508.642 27693.333 27802.863 27867.773 26608.350 05111.388 05172.901 05184.153 05189.958 05150.370 05020.625 04851.515 03303.551 04792.747 05138.476 05221.792 05187.358 05054.508 04588.270 01790.350 04760.979 05067.158 05179.390 05118.245 -9999.0 -9999.0 -9999.0 -9999.0 -9999.0 -9999.0 -9999.0 -9999.0 -9999.0 -9999.0 -9999.0 -9999.0 -9999.0 -9999.0 -9999.0 -9999.0 -9999.0 -9999.0 -9999.0 -9999.0 -9999.0 -9999.0 -9999.0 -9999.0 -9999.0 -9999.0 -9999.0 -9999.0 -9999.0 -9999.0 -9999.0 -9999.0 -9999.0
21940.817 24631.866 26207.252 26524.221 26719.126 26998.949 27380.370 27584.840 27768.770 27870.626 27928.778 23331.232 05139.032 05191.324 05200.374 05196.307 05163.372 05078.253 04544.105 02379.625 04747.213 05138.462 05218.156 05169.307 05098.705 04855.589 03785.570 04419.196 05062.095 05168.590 04995.216 -9999.0 -9999.0 -9999.0 -9999.0 -9999.0 -9999.0 -9999.0 -9999.0 -9999.0 -9999.0 -9999.0 -9999.0 -9999.0 -9999.0 -9999.0 -9999.0 -9999.0 -9999.0 -9999.0 -9999.0 -9999.0 -9999.0 -9999.0 -9999.0 -9999.0 -9999.0 -9999.0 -9999.0 -9999.0 -9999.0 -9999.0 -9999.0 -9999.0
26249.400 26280.170 26781.513 27089.807 27261.818 27280.830 27471.498 27726.294 27847.563 27914.865 27982.364 05101.626 05176.900 05188.852 05180.182 05154.711 05042.164 04513.851 02738.221 04390.850 04993.698 05156.918 05186.430 05177.416 05135.905 05025.852 04537.675 03797.695 05059.399 05142.029 04916.927 -9999.0 -9999.0 -9999.0 -9999.0 -9999.0 -9999.0 -9999.0 -9999.0 -9999.0 -9999.0 -9999.0 -9999.0 -9999.0 -9999.0 -9999.0 -9999.0 -9999.0 -9999.0 -9999.0 -9999.0 -9999.0 -9999.0 -9999.0 -9999.0 -9999.0 -9999.0 -9999.0 -9999.0 -9999.0 -9999.0 -9999.0 -9999.0 -9999.0
26745.159 26990.807 27208.063 27497.848 27489.379 27487.162 27676.407 27832.072 27905.489 27964.340 28040.705 05120.401 05182.647 05170.196 05122.285 05069.339 04792.278 03059.188 04435.665 04979.864 05133.160 05168.855 05176.489 05175.502 05146.392 05074.953 04694.296 02486.211 05036.735 05145.686 04810.826 -9999.0 -9999.0 -9999.0 -9999.0 -9999.0 -9999.0 -9999.0 -9999.0 -9999.0 -9999.0 -9999.0 -9999.0 -9999.0 -9999.0 -9999.0 -9999.0 -9999.0 -9999.0 -9999.0 -9999.0 -9999.0 -9999.0 -9999.0 -9999.0 -9999.0 -9999.0 -9999.0 -9999.0 -9999.0 -9999.0 -9999.0 -9999.0 -9999.0
27285.725 27475.976 27485.208 27581.079 27619.046 27679.047 27838.709 27886.597 27941.992 28013.270 28111.252 05115.860 05164.260 05152.474 05109.047 04995.845 04655.276 02434.805 04934.132 05152.239 05170.443 05182.796 05192.438 05201.123 05146.663 05027.093 04247.749 04236.076 05088.130 05163.374 04785.375 -9999.0 -9999.0 -9999.0 -9999.0 -9999.0 -9999.0 -9999.0 -9999.0 -9999.0 -9999.0 -9999.0 -9999.0 -9999.0 -9999.0 -9999.0 -9999.0 -9999.0 -9999.0 -9999.0 -9999.0 -9999.0 -9999.0 -9999.0 -9999.0 -9999.0 -9999.0 -9999.0 -9999.0 -9999.0 -9999.0 -9999.0 -9999.0 -9999.0
27575.982 27642.571 27688.876 27742.956 27800.528 27876.398 27898.005 27942.576 27988.023 28067.555 28112.090 05113.637 05152.226 05140.256 05090.226 04984.065 04517.902 02556.094 04814.589 05093.310 05167.897 05191.945 05179.760 05156.694 05045.453 04742.358 02380.155 04959.174 05150.599 05155.314 04463.125 -9999.0 -9999.0 -9999.0 -9999.0 -9999.0 -9999.0 -9999.0 -9999.0 -9999.0 -9999.0 -9999.0 -9999.0 -9999.0 -9999.0 -9999.0 -9999.0 -9999.0 -9999.0 -9999.0 -9999.0 -9999.0 -9999.0 -9999.0 -9999.0 -9999.0 -9999.0 -9999.0 -9999.0 -9999.0 -9999.0 -9999.0 -9999.0 -9999.0
27753.715 27810.856 27862.590 27890.558 27917.839 27960.122 27915.428 27975.745 28045.560 28107.007 28154.917 05138.267 05127.890 05106.771 05057.414 04932.080 04187.759 01575.515 04930.018 05080.401 05159.223 05195.286 05205.466 05108.755 04706.860 03217.544 04657.377 05094.452 05149.846 05037.926 02951.629 -9999.0 -9999.0 -9999.0 -9999.0 -9999.0 -9999.0 -9999.0 -9999.0 -9999.0 -9999.0 -9999.0 -9999.0 -9999.0 -9999.0 -9999.0 -9999.0 -9999.0 -9999.0 -9999.0 -9999.0 -9999.0 -9999.0 -9999.0 -9999.0 -9999.0 -9999.0 -9999.0 -9999.0 -9999.0 -9999.0 -9999.0 -9999.0 -9999.0
