tests/Case_9_Intensity.asc
NCOLS 226
NROWS 150
XLLCORNER 2938400.000000
YLLCORNER 2059400.000000
CELLSIZE 100.000000
NODATA_VALUE -9999.0
[rows 29 to 57 of 150, columns 67 to 133 of 226]
01884.094 01616.436 01137.905 01208.667 01235.117 01196.285 01065.844 01001.243 01017.319 00027.727 00025.132 00025.403 00039.805 00079.181 00086.930 00062.043 00040.704 00047.982 00034.733 00030.209 00026.683 00024.100 00020.792 00021.433 00025.182 00024.262 00022.857 00022.517 00021.767 00025.566 00025.512 00021.559 00022.733 00026.646 00100.947 00083.390 00046.102 00050.474 00057.561 00064.548 00074.634 00055.486 00060.365 00090.397 -9999.0 -9999.0 -9999.0 -9999.0 -9999.0 -9999.0 -9999.0 -9999.0 -9999.0 -9999.0 -9999.0 -9999.0 -9999.0 -9999.0 -9999.0 -9999.0 -9999.0 -9999.0 -9999.0 -9999.0 -9999.0 -9999.0 -9999.0
01973.387 01324.829 01137.116 01302.089 01660.010 02478.727 02278.516 01364.603 01369.455 00023.473 00024.380 00025.206 00028.576 00080.766 00060.262 00041.720 00032.588 00028.455 00039.078 00031.166 00025.430 00018.594 00004.558 00004.034 00011.975 00009.775 00011.740 00012.368 00012.709 00016.288 00018.730 00082.736 00021.722 00027.967 00085.069 00071.713 00075.213 00119.180 00161.004 00147.054 00126.642 00087.664 00045.530 00133.354 -9999.0 -9999.0 -9999.0 -9999.0 -9999.0 -9999.0 -9999.0 -9999.0 -9999.0 -9999.0 -9999.0 -9999.0 -9999.0 -9999.0 -9999.0 -9999.0 -9999.0 -9999.0 -9999.0 -9999.0 -9999.0 -9999.0 -9999.0
01087.972 01122.201 01465.698 02193.107 00214.066 00233.494 00268.115 00281.493 00133.580 00030.457 00025.728 00026.877 00030.172 00032.699 00032.341 00030.150 00028.050 00029.806 00025.714 00035.993 00031.372 00010.710 00918.673 00798.391 00592.988 00086.713 00069.960 00475.316 00899.149 00930.069 00978.967 01010.365 -9999.000 01087.194 00026.788 00033.791 00037.103 00115.528 00198.408 00194.077 00149.619 00091.876 00029.909 00071.910 00090.026 00105.694 00136.462 -9999.0 -9999.0 -9999.0 -9999.0 -9999.0 -9999.0 -9999.0 -9999.0 -9999.0 -9999.0 -9999.0 -9999.0 -9999.0 -9999.0 -9999.0 -9999.0 -9999.0 -9999.0 -9999.0 -9999.0
01218.679 01589.724 02018.722 02658.224 00100.319 00102.348 00099.115 00119.896 00156.462 00038.228 00028.852 00024.569 00022.429 00022.170 00023.573 00024.878 00025.355 00035.811 00021.823 00022.678 00036.030 00012.251 00927.981 00876.757 00831.648 00679.770 00419.474 00024.701 00162.525 -9999.000 -9999.000 -9999.000 -9999.000 -9999.000 00235.960 00029.393 00037.930 00105.137 00149.947 00195.312 00143.872 00044.899 00059.979 00021.766 00065.397 00082.708 00100.560 -9999.0 -9999.0 -9999.0 -9999.0 -9999.0 -9999.0 -9999.0 -9999.0 -9999.0 -9999.0 -9999.0 -9999.0 -9999.0 -9999.0 -9999.0 -9999.0 -9999.0 -9999.0 -9999.0 -9999.0
01554.542 02209.466 02172.634 01852.066 00050.028 00127.767 00106.304 00068.274 00129.177 00044.665 00033.439 00021.485 00012.230 00012.731 00019.663 00025.678 00026.336 00019.664 00003.231 00009.279 00015.458 00280.017 01033.984 00936.313 00907.395 00843.532 00793.419 00592.939 01325.626 -9999.000 -9999.000 -9999.000 -9999.000 -9999.000 -9999.000 -9999.000 00021.537 00063.569 00072.798 00110.931 00088.224 00053.332 00096.540 00033.115 00025.091 00034.530 00065.001 -9999.0 -9999.0 -9999.0 -9999.0 -9999.0 -9999.0 -9999.0 -9999.0 -9999.0 -9999.0 -9999.0 -9999.0 -9999.0 -9999.0 -9999.0 -9999.0 -9999.0 -9999.0 -9999.0 -9999.0
01867.678 01832.563 00093.461 00072.594 00128.728 00152.715 00161.358 00065.703 00061.098 00049.012 00033.533 00010.633 01039.589 00961.439 00016.083 00014.144 00005.918 00020.967 00022.601 01159.430 01136.453 01133.091 01011.393 01013.810 00962.721 00907.059 00880.422 00825.885 -9999.000 -9999.000 -9999.000 -9999.000 -9999.000 -9999.000 -9999.000 -9999.000 01144.748 01098.600 01105.742 00102.430 00140.729 00099.899 00063.106 00065.019 00057.080 00023.305 00044.259 00068.759 00093.965 00078.273 -9999.0 -9999.0 -9999.0 -9999.0 -9999.0 -9999.0 -9999.0 -9999.0 -9999.0 -9999.0 -9999.0 -9999.0 -9999.0 -9999.0 -9999.0 -9999.0 -9999.0
01441.184 01076.236 00042.005 00093.538 00144.693 00148.116 00151.595 00052.481 00070.659 00049.963 00015.977 00005.155 01446.553 00981.759 00040.365 00024.583 00024.308 00030.826 00249.911 01231.032 01205.092 01097.677 01083.539 01044.738 01000.106 00982.267 00949.057 01059.718 -9999.000 -9999.000 -9999.000 -9999.000 -9999.000 -9999.000 -9999.000 -9999.000 01161.922 01134.970 01167.348 00087.621 00079.800 00075.673 00071.845 00072.696 00067.485 00062.537 00011.295 00048.546 00077.562 00087.582 -9999.0 -9999.0 -9999.0 -9999.0 -9999.0 -9999.0 -9999.0 -9999.0 -9999.0 -9999.0 -9999.0 -9999.0 -9999.0 -9999.0 -9999.0 -9999.0 -9999.0
00078.263 00061.287 00036.360 00094.002 00105.785 00113.384 00114.221 00190.896 00202.923 00164.504 00065.513 00114.066 00001.217 00360.038 01616.336 01608.046 01364.010 01272.066 01302.018 01313.275 01395.283 01396.886 01148.696 01086.116 01058.574 01014.318 01027.299 -9999.000 -9999.000 -9999.000 -9999.000 -9999.000 -9999.000 -9999.000 -9999.000 -9999.000 01225.127 01204.866 01210.634 01244.878 01293.875 01303.531 00383.333 00093.688 00082.781 00072.370 00042.318 00036.679 00070.920 00072.316 00048.913 -9999.0 -9999.0 -9999.0 -9999.0 -9999.0 -9999.0 -9999.0 -9999.0 -9999.0 -9999.0 -9999.0 -9999.0 -9999.0 -9999.0 -9999.0 -9999.0
00062.496 00042.446 00080.171 00063.664 00080.168 00083.054 00105.413 00180.231 00090.264 00108.096 00153.065 00006.149 00022.128 00029.196 01445.052 01570.973 01594.658 01455.966 01327.628 01207.642 01280.403 01413.916 01137.460 01184.650 01102.300 01063.895 -9999.000 -9999.000 -9999.000 -9999.000 -9999.000 -9999.000 -9999.000 -9999.000 -9999.000 -9999.000 01306.962 01334.157 01350.765 01368.319 01406.202 01428.538 00154.250 00110.948 00085.255 00076.248 00063.318 00064.299 00064.045 00060.276 00048.927 -9999.0 -9999.0 -9999.0 -9999.0 -9999.0 -9999.0 -9999.0 -9999.0 -9999.0 -9999.0 -9999.0 -9999.0 -9999.0 -9999.0 -9999.0 -9999.0
00067.837 00106.308 00117.116 00080.456 00046.053 00054.475 00089.771 00079.262 00119.878 00205.475 00158.320 00086.633 00016.023 00031.935 01209.393 01882.337 01608.032 01401.467 01371.644 01302.001 01494.875 01478.023 01162.045 01295.625 -9999.000 -9999.000 -9999.000 -9999.000 -9999.000 -9999.000 -9999.000 -9999.000 -9999.000 -9999.000 -9999.000 -9999.000 01407.400 01549.652 01543.210 01431.861 01528.390 01265.846 00280.033 00113.008 00103.077 00083.470 00063.576 00040.702 00044.401 00069.231 00061.751 -9999.0 -9999.0 -9999.0 -9999.0 -9999.0 -9999.0 -9999.0 -9999.0 -9999.0 -9999.0 -9999.0 -9999.0 -9999.0 -9999.0 -9999.0 -9999.0
-9999.0 00133.754 00142.414 00128.440 00017.226 00013.194 00023.636 00077.869 00136.951 00178.925 00249.534 00153.117 00006.260 00027.153 01258.514 01914.385 01425.767 01408.822 01421.771 01607.725 01672.519 01399.134 -9999.000 -9999.000 -9999.000 -9999.000 -9999.000 -9999.000 -9999.000 -9999.000 -9999.000 -9999.000 -9999.000 -9999.000 -9999.000 -9999.000 00179.761 01813.501 01336.215 00186.376 00193.627 00204.498 00164.348 00157.767 00141.469 00088.843 00067.229 00016.715 00043.341 00052.282 -9999.0 -9999.0 -9999.0 -9999.0 -9999.0 -9999.0 -9999.0 -9999.0 -9999.0 -9999.0 -9999.0 -9999.0 -9999.0 -9999.0 -9999.0 -9999.0 -9999.0
-9999.0 -9999.0 -9999.0 00152.909 00039.703 00033.264 00019.051 00070.025 00103.505 00176.716 00204.839 -9999.0 00008.085 00195.132 02360.290 01885.102 01007.119 01308.459 01777.884 02084.917 02147.224 01407.976 -9999.000 -9999.000 -9999.000 -9999.000 -9999.000 -9999.000 -9999.000 -9999.000 -9999.000 -9999.000 -9999.000 -9999.000 -9999.000 -9999.000 00224.532 00279.390 00240.425 00230.052 00248.355 00216.730 00220.523 00177.265 00164.660 00081.603 00071.458 00024.737 00050.683 -9999.0 -9999.0 -9999.0 -9999.0 -9999.0 -9999.0 -9999.0 -9999.0 -9999.0 -9999.0 -9999.0 -9999.0 -9999.0 -9999.0 -9999.0 -9999.0 -9999.0 -9999.0
-9999.0 -9999.0 -9999.0 -9999.0 -9999.0 00099.601 00027.238 00063.689 00085.100 00158.625 00142.285 00000.743 00158.848 00198.980 01216.795 00383.125 00189.909 00151.118 00160.279 00200.986 00373.901 00508.616 -9999.000 -9999.000 -9999.000 -9999.000 -9999.000 -9999.000 -9999.000 -9999.000 -9999.000 -9999.000 -9999.000 -9999.000 -9999.000 -9999.000 -9999.000 00354.957 00282.956 00239.246 00292.854 00225.203 00193.165 00117.868 00117.230 00064.219 00045.926 00041.162 00052.552 -9999.0 -9999.0 -9999.0 -9999.0 -9999.0 -9999.0 -9999.0 -9999.0 -9999.0 -9999.0 -9999.0 -9999.0 -9999.0 -9999.0 -9999.0 -9999.0 -9999.0 -9999.0
-9999.0 -9999.0 -9999.0 -9999.0 -9999.0 00074.263 00045.770 00038.908 00074.687 00140.873 00152.592 00003.293 00152.927 00139.723 00067.700 00086.913 00088.692 00101.160 00151.536 00201.069 00241.737 00363.775 -9999.000 -9999.000 -9999.000 -9999.000 -9999.000 -9999.000 -9999.000 -9999.000 -9999.000 -9999.000 -9999.000 -9999.000 -9999.000 -9999.000 -9999.000 00363.357 00322.369 00226.427 00212.347 00139.330 00094.382 00123.506 00069.454 00065.004 00037.919 00067.195 00066.149 -9999.0 -9999.0 -9999.0 -9999.0 -9999.0 -9999.0 -9999.0 -9999.0 -9999.0 -9999.0 -9999.0 -9999.0 -9999.0 -9999.0 -9999.0 -9999.0 -9999.0 -9999.0
-9999.0 -9999.0 -9999.0 -9999.0 -9999.0 00073.907 00045.180 00048.026 00079.474 00180.407 00152.211 00147.987 00078.688 00120.491 00103.106 00118.622 00098.909 00100.563 00126.045 00178.356 00220.404 00349.586 -9999.000 -9999.000 -9999.000 -9999.000 -9999.000 -9999.000 -9999.000 -9999.000 -9999.000 -9999.000 -9999.000 -9999.000 -9999.000 -9999.000 -9999.000 -9999.000 00224.654 00141.468 00109.552 00081.052 00089.709 00049.252 00024.460 00048.350 00088.080 00094.929 00092.255 -9999.0 -9999.0 -9999.0 -9999.0 -9999.0 -9999.0 -9999.0 -9999.0 -9999.0 -9999.0 -9999.0 -9999.0 -9999.0 -9999.0 -9999.0 -9999.0 -9999.0 -9999.0
-9999.0 -9999.0 -9999.0 -9999.0 -9999.0 00064.369 00043.607 00054.914 00111.155 00221.367 00173.695 00185.115 00055.469 00177.501 00290.359 00273.970 00222.483 00115.758 00092.892 00122.434 00204.772 00304.992 -9999.000 -9999.000 -9999.000 -9999.000 -9999.000 -9999.000 -9999.000 -9999.000 -9999.000 -9999.000 -9999.000 -9999.000 -9999.000 -9999.000 -9999.000 -9999.000 00114.283 01359.179 01349.849 01430.848 00715.110 00911.357 00042.222 00102.588 00082.385 00090.764 00082.251 -9999.0 -9999.0 -9999.0 -9999.0 -9999.0 -9999.0 -9999.0 -9999.0 -9999.0 -9999.0 -9999.0 -9999.0 -9999.0 -9999.0 -9999.0 -9999.0 -9999.0 -9999.0
-9999.0 -9999.0 -9999.0 -9999.0 -9999.0 00065.845 00040.717 00055.333 00125.154 00216.400 00199.644 00084.359 00082.203 00197.752 00331.852 00252.324 00199.935 00134.456 00195.685 00098.076 00206.738 00367.422 -9999.000 -9999.000 -9999.000 -9999.000 -9999.000 -9999.000 -9999.000 -9999.000 -9999.000 -9999.000 -9999.000 -9999.000 -9999.000 -9999.000 -9999.000 -9999.000 00192.855 01477.790 01449.687 01067.886 01388.523 01976.971 00017.159 00061.114 00088.863 00106.831 -9999.0 -9999.0 -9999.0 -9999.0 -9999.0 -9999.0 -9999.0 -9999.0 -9999.0 -9999.0 -9999.0 -9999.0 -9999.0 -9999.0 -9999.0 -9999.0 -9999.0 -9999.0 -9999.0
-9999.0 -9999.0 -9999.0 -9999.0 -9999.0 -9999.0 00045.843 00050.144 00116.294 00246.014 00122.487 00093.380 00153.083 00162.944 00324.787 00243.153 00131.929 00101.932 00267.701 00071.971 00182.457 00343.613 -9999.000 -9999.000 -9999.000 -9999.000 -9999.000 -9999.000 -9999.000 -9999.000 -9999.000 -9999.000 -9999.000 -9999.000 -9999.000 -9999.000 -9999.000 -9999.000 02765.774 01925.485 01571.709 01253.230 01824.756 03135.188 02499.457 00063.262 00067.454 00079.410 -9999.0 -9999.0 -9999.0 -9999.0 -9999.0 -9999.0 -9999.0 -9999.0 -9999.0 -9999.0 -9999.0 -9999.0 -9999.0 -9999.0 -9999.0 -9999.0 -9999.0 -9999.0 -9999.0
-9999.0 -9999.0 -9999.0 -9999.0 -9999.0 00081.534 00058.139 00046.654 00114.143 00267.218 00124.711 00118.264 00179.462 00118.363 00191.913 00091.491 00178.921 00245.810 00315.046 00115.026 00115.485 00290.149 -9999.000 -9999.000 -9999.000 -9999.000 -9999.000 -9999.000 -9999.000 -9999.000 -9999.000 -9999.000 -9999.000 -9999.000 -9999.000 -9999.0 -9999.000 02739.301 01993.644 01513.438 01284.254 01683.414 02823.453 02452.217 00081.712 00097.106 00102.409 00087.083 -9999.0 -9999.0 -9999.0 -9999.0 -9999.0 -9999.0 -9999.0 -9999.0 -9999.0 -9999.0 -9999.0 -9999.0 -9999.0 -9999.0 -9999.0 -9999.0 -9999.0 -9999.0 -9999.0
-9999.0 -9999.0 -9999.0 -9999.0 -9999.0 00097.738 00083.362 00018.999 00109.000 00137.713 00200.912 00161.006 00152.925 00150.288 00233.829 00180.187 00122.824 00280.004 00357.324 00214.468 00144.020 00109.106 -9999.000 -9999.000 -9999.000 -9999.000 -9999.000 -9999.000 -9999.000 -9999.000 -9999.000 -9999.000 -9999.000 -9999.000 -9999.000 -9999.000 -9999.000 01831.493 01429.887 00883.321 01458.336 02686.859 03598.391 02485.106 00050.200 00155.374 00126.258 00098.981 -9999.0 -9999.0 -9999.0 -9999.0 -9999.0 -9999.0 -9999.0 -9999.0 -9999.0 -9999.0 -9999.0 -9999.0 -9999.0 -9999.0 -9999.0 -9999.0 -9999.0 -9999.0 -9999.0
-9999.0 -9999.0 -9999.0 -9999.0 -9999.0 -9999.0 00076.936 00044.497 00068.415 00135.812 00251.966 00223.039 00200.355 00149.449 00197.355 00209.290 00152.382 00375.022 00415.324 00489.038 00176.878 00219.896 -9999.000 -9999.000 -9999.000 -9999.000 -9999.000 -9999.000 -9999.000 -9999.000 -9999.000 -9999.0 -9999.000 -9999.000 -9999.000 -9999.000 01430.272 01005.421 01099.832 01477.629 02248.295 03104.114 00069.457 00059.847 00067.612 00094.705 00089.691 00094.669 -9999.0 -9999.0 -9999.0 -9999.0 -9999.0 -9999.0 -9999.0 -9999.0 -9999.0 -9999.0 -9999.0 -9999.0 -9999.0 -9999.0 -9999.0 -9999.0 -9999.0 -9999.0 -9999.0
-9999.0 -9999.0 -9999.0 -9999.0 -9999.0 -9999.0 00091.983 00063.349 00041.969 00097.190 00194.166 00289.886 00162.470 00162.357 00211.696 00253.069 00229.912 00492.147 00510.695 00502.738 00197.650 00244.682 -9999.000 -9999.000 -9999.000 -9999.000 -9999.000 -9999.000 -9999.000 -9999.000 -9999.000 -9999.000 -9999.000 02038.141 02065.250 01314.768 00604.554 01278.734 00506.407 01138.976 01965.642 02745.360 00026.235 00110.026 00059.658 00069.583 00076.777 -9999.0 -9999.0 -9999.0 -9999.0 -9999.0 -9999.0 -9999.0 -9999.0 -9999.0 -9999.0 -9999.0 -9999.0 -9999.0 -9999.0 -9999.0 -9999.0 -9999.0 -9999.0 -9999.0 -9999.0
-9999.0 -9999.0 -9999.0 -9999.0 -9999.0 -9999.0 -9999.0 00076.392 00040.404 00061.765 00098.817 00226.241 00216.374 00160.433 00263.422 00312.995 00309.108 00576.854 00541.361 00674.443 00173.907 00228.623 00186.394 -9999.000 -9999.000 -9999.000 -9999.000 -9999.000 -9999.000 -9999.000 -9999.000 -9999.000 01662.992 01441.007 00880.817 00991.343 00834.458 00944.433 00986.301 01055.989 01040.472 00757.928 00042.094 00067.537 00086.118 -9999.0 -9999.0 -9999.0 -9999.0 -9999.0 -9999.0 -9999.0 -9999.0 -9999.0 -9999.0 -9999.0 -9999.0 -9999.0 -9999.0 -9999.0 -9999.0 -9999.0 -9999.0 -9999.0 -9999.0 -9999.0 -9999.0
-9999.0 -9999.0 -9999.0 -9999.0 -9999.0 -9999.0 -9999.0 -9999.0 00066.385 00044.001 00051.504 00120.026 00154.626 00141.246 00277.522 00381.995 00401.492 00449.017 00476.925 00336.924 00158.175 00186.234 00134.173 -9999.000 -9999.000 -9999.000 -9999.000 -9999.000 -9999.000 -9999.000 -9999.000 -9999.000 01042.954 00949.549 00913.917 01022.579 01223.381 01243.255 01360.171 01485.979 01217.040 01107.638 00049.538 00083.525 00098.076 -9999.0 -9999.0 -9999.0 -9999.0 -9999.0 -9999.0 -9999.0 -9999.0 -9999.0 -9999.0 -9999.0 -9999.0 -9999.0 -9999.0 -9999.0 -9999.0 -9999.0 -9999.0 -9999.0 -9999.0 -9999.0 -9999.0
-9999.0 -9999.0 -9999.0 -9999.0 -9999.0 -9999.0 -9999.0 -9999.0 -9999.0 00079.013 00056.787 00072.552 00098.191 00104.716 00160.131 00306.297 00400.714 00342.593 00176.403 00134.460 00109.160 00065.960 00072.983 00092.669 00248.010 -9999.000 -9999.000 -9999.000 -9999.000 -9999.000 -9999.000 02272.329 01613.984 01510.780 01522.816 01678.749 01659.570 01511.695 01493.575 01444.292 01438.181 01263.303 00032.856 00089.082 00100.522 -9999.0 -9999.0 -9999.0 -9999.0 -9999.0 -9999.0 -9999.0 -9999.0 -9999.0 -9999.0 -9999.0 -9999.0 -9999.0 -9999.0 -9999.0 -9999.0 -9999.0 -9999.0 -9999.0 -9999.0 -9999.0 -9999.0
-9999.0 -9999.0 -9999.0 -9999.0 -9999.0 -9999.0 -9999.0 -9999.0 -9999.0 -9999.0 00084.457 00075.141 00026.537 00070.734 00103.002 00171.557 00183.987 00157.719 00099.231 00103.239 00071.860 00070.732 00075.872 00107.276 00151.594 00245.448 -9999.000 -9999.000 -9999.000 -9999.000 04291.034 03014.471 01965.210 01850.811 01764.755 01918.681 02041.194 01784.505 01774.444 01803.498 01631.445 01235.143 00028.228 00090.022 00097.456 -9999.0 -9999.0 -9999.0 -9999.0 -9999.0 -9999.0 -9999.0 -9999.0 -9999.0 -9999.0 -9999.0 -9999.0 -9999.0 -9999.0 -9999.0 -9999.0 -9999.0 -9999.0 -9999.0 -9999.0 -9999.0 -9999.0
-9999.0 -9999.0 -9999.0 -9999.0 -9999.0 -9999.0 -9999.0 -9999.0 -9999.0 -9999.0 -9999.0 -9999.0 00081.094 00049.405 00071.314 00100.029 00101.231 00083.882 00082.588 00074.654 00069.385 00069.384 00088.445 00121.013 00177.821 00200.455 00166.982 00165.538 00302.554 04337.292 05282.901 03765.008 02323.879 02417.427 02050.988 02515.391 02211.136 01936.072 01935.798 01625.409 01526.095 00931.637 00049.456 00087.530 00099.313 -9999.0 -9999.0 -9999.0 -9999.0 -9999.0 -9999.0 -9999.0 -9999.0 -9999.0 -9999.0 -9999.0 -9999.0 -9999.0 -9999.0 -9999.0 -9999.0 -9999.0 -9999.0 -9999.0 -9999.0 -9999.0 -9999.0
-9999.0 -9999.0 -9999.0 -9999.0 -9999.0 -9999.0 -9999.0 -9999.0 -9999.0 -9999.0 -9999.0 -9999.0 -9999.0 00083.112 00064.610 00059.145 00064.740 00028.426 00012.785 00039.676 00029.909 00024.580 00052.909 00183.137 00391.411 00420.647 00342.915 03158.613 03859.132 04238.266 05734.585 04016.167 00147.159 00779.846 00136.416 00115.027 00102.505 00078.060 00378.095 00025.492 00030.356 00041.988 00064.217 00085.109 00108.007 -9999.0 -9999.0 -9999.0 -9999.0 -9999.0 -9999.0 -9999.0 -9999.0 -9999.0 -9999.0 -9999.0 -9999.0 -9999.0 -9999.0 -9999.0 -9999.0 -9999.0 -9999.0 -9999.0 -9999.0 -9999.0 -9999.0
-9999.0 -9999.0 -9999.0 -9999.0 -9999.0 -9999.0 -9999.0 -9999.0 -9999.0 -9999.0 -9999.0 -9999.0 -9999.0 -9999.0 00101.722 00075.610 00070.016 00071.113 00083.729 00083.718 00100.301 00059.966 00076.165 00166.512 00328.019 00466.580 00679.742 04601.353 02447.612 03876.619 03371.768 01630.978 00072.337 00069.322 00043.267 00000.460 00036.010 00047.763 00057.266 00079.123 00100.677 00086.746 00072.070 00064.342 -9999.0 -9999.0 -9999.0 -9999.0 -9999.0 -9999.0 -9999.0 -9999.0 -9999.0 -9999.0 -9999.0 -9999.0 -9999.0 -9999.0 -9999.0 -9999.0 -9999.0 -9999.0 -9999.0 -9999.0 -9999.0 -9999.0 -9999.0
