tests/Flatland_ArrivalTime.asc
NCOLS 100
NROWS 100
XLLCORNER 20000.000000
YLLCORNER 20000.000000
CELLSIZE 30.000000
NODATA_VALUE -9999.0
[rows 54 to 80 of 100, columns 0 to 60 of 100]
-9999.0 -9999.0 -9999.0 -9999.0 -9999.0 -9999.0 -9999.0 -9999.0 03334.939 03292.892 03252.591 03213.520 03175.774 03139.225 03103.733 03069.263 03035.447 03002.166 02969.077 02935.965 02902.603 01904.822 01862.366 01821.881 01783.066 01745.662 01709.400 01674.321 01640.226 01607.008 01574.280 01541.956 01509.780 01477.582 01444.679 00444.269 00403.990 00365.511 00328.754 00293.162 00258.737 00226.444 00194.839 00165.178 00138.896 00111.405 00104.563 00114.391 00131.273 00153.045 00177.772 00203.245 00234.782 00270.899 00307.836 00345.366 00384.344 00424.907 00466.910 01463.830 01496.774
-9999.0 -9999.0 -9999.0 -9999.0 -9999.0 -9999.0 -9999.0 -9999.0 03352.440 03309.931 03268.769 03229.096 03191.070 03154.438 03118.958 03084.455 03050.853 03017.795 02985.183 02952.667 02920.098 02886.659 01885.934 01844.946 01805.544 01767.446 01730.797 01695.290 01660.753 01627.172 01594.453 01562.390 01530.517 01498.677 01466.886 00472.789 00432.571 00393.534 00356.710 00321.710 00287.687 00254.574 00226.427 00199.098 00173.951 00147.356 00152.078 00159.309 00170.322 00191.452 00214.459 00240.395 00268.057 00297.263 00328.917 00367.931 00407.560 00448.688 01448.720 01481.793 01514.111
-9999.0 -9999.0 -9999.0 -9999.0 -9999.0 -9999.0 -9999.0 -9999.0 -9999.0 03331.225 03289.843 03250.092 03211.582 03174.387 03138.385 03103.435 03069.565 03036.332 03003.627 02971.134 02938.686 02906.204 01910.572 01869.125 01828.991 01790.264 01753.228 01717.410 01682.701 01648.916 01615.962 01583.988 01552.697 01521.496 01490.276 01458.746 00464.128 00425.761 00388.595 00352.544 00320.259 00290.608 00261.740 00236.576 00212.465 00195.598 00199.457 00204.845 00215.002 00232.141 00253.870 00278.308 00305.552 00335.044 00366.193 00398.835 00433.317 00474.133 01469.229 01501.611 01533.575
-9999.0 -9999.0 -9999.0 -9999.0 -9999.0 -9999.0 -9999.0 -9999.0 -9999.0 03354.220 03312.417 03271.902 03232.810 03195.175 03158.619 03123.218 03088.963 03055.620 03022.835 02990.507 02958.265 02925.984 02893.371 01895.025 01854.420 01815.400 01777.591 01741.045 01706.204 01672.529 01639.660 01607.592 01575.985 01545.428 01515.467 01485.486 01455.152 00459.831 00422.807 00390.109 00358.502 00327.848 00301.579 00276.777 00253.272 00245.831 00247.484 00251.736 00262.438 00274.428 00296.826 00319.495 00345.753 00374.676 00405.633 00438.743 00473.927 01464.050 01491.948 01522.383 01554.483
-9999.0 -9999.0 -9999.0 -9999.0 -9999.0 -9999.0 -9999.0 -9999.0 -9999.0 -9999.0 03336.114 03294.923 03255.473 03217.230 03180.259 03144.408 03109.683 03075.837 03042.984 03010.807 02978.903 02947.064 02915.072 02882.116 01881.379 01842.061 01804.175 01767.495 01732.017 01697.573 01664.221 01632.830 01602.039 01571.764 01542.003 01512.331 01482.502 01455.260 00464.392 00430.786 00398.287 00370.589 00343.851 00320.734 00297.196 00296.825 00297.365 00301.687 00311.746 00323.309 00341.561 00364.905 00389.171 00417.571 00448.358 01440.765 01468.077 01495.086 01522.722 01550.518 01578.741
-9999.0 -9999.0 -9999.0 -9999.0 -9999.0 -9999.0 -9999.0 -9999.0 -9999.0 -9999.0 -9999.0 03319.856 03279.383 03240.333 03202.936 03166.805 03131.881 03097.830 03064.682 03032.149 03000.094 02968.510 02937.267 02905.805 01911.364 01871.263 01832.377 01794.790 01759.266 01725.256 01692.332 01660.204 01629.324 01599.003 01569.095 01541.112 01514.562 01488.064 01461.860 00473.610 00444.051 00415.105 00390.592 00366.947 00351.375 00349.544 00349.481 00354.065 00363.015 00375.196 00388.588 00412.536 00437.508 00463.583 01451.276 01476.083 01500.851 01527.029 01553.290 01580.944 01609.048
-9999.0 -9999.0 -9999.0 -9999.0 -9999.0 -9999.0 -9999.0 -9999.0 -9999.0 -9999.0 -9999.0 03346.059 03305.175 03265.645 03227.524 03190.767 03155.022 03120.352 03087.118 03054.807 03023.015 02991.670 02960.497 02929.350 02897.793 01901.429 01862.915 01825.670 01789.652 01754.857 01721.538 01689.249 01657.674 01627.477 01600.148 01573.268 01546.901 01520.979 01495.698 01472.733 01449.199 00464.802 00439.893 00416.137 00407.220 00404.510 00404.201 00408.986 00416.852 00429.285 00443.116 00462.950 01446.450 01467.181 01487.681 01511.228 01535.341 01559.635 01585.927 01612.534 01640.419
-9999.0 -9999.0 -9999.0 -9999.0 -9999.0 -9999.0 -9999.0 -9999.0 -9999.0 -9999.0 -9999.0 -9999.0 03332.204 03291.748 03252.911 03215.860 03180.010 03145.229 03111.509 03078.685 03046.721 03015.224 02984.046 02953.419 02923.286 02892.565 01896.354 01857.994 01821.658 01786.401 01752.345 01719.099 01689.402 01660.818 01632.974 01606.172 01579.942 01554.895 01532.052 01509.245 01488.426 01468.482 01450.015 00469.817 00465.630 00462.401 00461.960 00466.880 00473.514 01444.953 01456.217 01467.741 01486.953 01505.937 01526.235 01546.650 01570.439 01594.727 01619.354 01646.178 01673.819
-9999.0 -9999.0 -9999.0 -9999.0 -9999.0 -9999.0 -9999.0 -9999.0 -9999.0 -9999.0 -9999.0 -9999.0 -9999.0 03320.300 03280.988 03243.055 03206.396 03171.068 03136.806 03103.414 03070.945 03040.032 03009.660 02979.536 02949.479 02919.405 02889.111 01892.837 01855.342 01819.147 01785.594 01754.569 01724.331 01695.025 01667.282 01640.102 01614.723 01591.429 01568.441 01547.198 01527.337 01509.174 01491.637 01479.544 01475.872 01473.254 01472.945 01476.525 01480.554 01490.115 01500.382 01511.645 01526.672 01545.533 01564.713 01585.227 01605.988 01630.636 01655.673 01681.380 01709.104
-9999.0 -9999.0 -9999.0 -9999.0 -9999.0 -9999.0 -9999.0 -9999.0 -9999.0 -9999.0 -9999.0 -9999.0 -9999.0 03350.128 03310.176 03271.434 03233.998 03197.871 03163.267 03130.271 03098.079 03066.756 03035.996 03005.844 02976.295 02946.806 02917.308 02887.053 01890.984 01856.666 01823.509 01791.493 01760.711 01731.439 01702.828 01676.601 01652.269 01628.588 01606.374 01586.190 01567.157 01549.719 01532.687 01525.324 01521.298 01518.903 01518.634 01521.924 01525.912 01534.272 01543.878 01555.281 01566.732 01585.369 01604.340 01624.384 01645.551 01667.548 01693.217 01719.464 01746.683
-9999.0 -9999.0 -9999.0 -9999.0 -9999.0 -9999.0 -9999.0 -9999.0 -9999.0 -9999.0 -9999.0 -9999.0 -9999.0 -9999.0 03340.497 03300.776 03263.513 03227.421 03192.590 03158.751 03125.940 03094.139 03063.470 03033.333 03003.776 02974.432 02945.095 02917.555 02889.827 01897.143 01862.973 01830.509 01799.376 01769.101 01741.674 01715.915 01691.067 01667.360 01646.404 01626.040 01608.060 01591.044 01575.608 01570.705 01566.629 01564.423 01564.163 01567.208 01571.289 01578.479 01587.972 01599.043 01610.799 01626.048 01645.141 01664.890 01686.308 01708.556 01732.158 01759.173 01786.897
-9999.0 -9999.0 -9999.0 -9999.0 -9999.0 -9999.0 -9999.0 -9999.0 -9999.0 -9999.0 -9999.0 -9999.0 -9999.0 -9999.0 -9999.0 03333.831 03295.415 03258.559 03222.747 03188.399 03155.297 03123.150 03091.985 03061.615 03031.734 03003.288 02976.199 02949.190 02922.365 02895.137 01904.952 01871.812 01839.483 01810.695 01783.196 01756.903 01731.372 01709.294 01687.654 01668.327 01650.305 01633.467 01621.868 01616.532 01612.483 01610.423 01610.166 01613.032 01617.206 01623.421 01633.084 01643.702 01655.766 01668.253 01687.547 01707.599 01728.414 01751.524 01775.140 01800.516 01829.213
-9999.0 -9999.0 -9999.0 -9999.0 -9999.0 -9999.0 -9999.0 -9999.0 -9999.0 -9999.0 -9999.0 -9999.0 -9999.0 -9999.0 -9999.0 -9999.0 03328.638 03290.911 03254.862 03219.794 03186.065 03153.363 03121.551 03090.763 03062.628 03034.964 03007.769 02981.025 02954.534 02928.705 02902.739 01914.550 01884.197 01854.795 01826.761 01799.529 01775.729 01752.806 01731.576 01712.065 01694.561 01677.337 01669.244 01663.427 01659.484 01657.557 01657.301 01660.012 01664.274 01669.588 01679.555 01689.887 01702.164 01715.280 01731.586 01752.164 01773.562 01796.088 01820.638 01845.885 01873.413
-9999.0 -9999.0 -9999.0 -9999.0 -9999.0 -9999.0 -9999.0 -9999.0 -9999.0 -9999.0 -9999.0 -9999.0 -9999.0 -9999.0 -9999.0 -9999.0 -9999.0 03325.472 03288.377 03252.792 03218.156 03184.580 03153.650 03124.108 03095.253 03067.319 03039.962 03013.479 02987.627 02961.932 02936.229 02912.859 02888.927 01901.343 01872.337 01846.279 01821.877 01798.507 01777.802 01758.469 01740.568 01724.737 01718.235 01712.073 01708.268 01706.433 01706.170 01708.792 01713.141 01718.099 01727.844 01738.311 01750.729 01764.099 01778.182 01798.849 01820.557 01843.592 01868.232 01894.422 02881.172
-9999.0 -9999.0 -9999.0 -9999.0 -9999.0 -9999.0 -9999.0 -9999.0 -9999.0 -9999.0 -9999.0 -9999.0 -9999.0 -9999.0 -9999.0 -9999.0 -9999.0 -9999.0 03323.724 03286.877 03252.292 03220.031 03188.772 03158.306 03129.144 03100.584 03073.487 03046.978 03020.980 02995.454 02972.210 02949.010 02926.187 02903.420 02881.311 01895.572 01870.110 01847.578 01826.124 01807.099 01788.708 01776.246 01769.193 01763.056 01759.157 01757.459 01757.193 01759.677 01764.028 01769.306 01778.310 01789.132 01801.336 01815.127 01829.905 01847.699 01870.391 01893.764 01918.305 02899.762 02920.573
-9999.0 -9999.0 -9999.0 -9999.0 -9999.0 -9999.0 -9999.0 -9999.0 -9999.0 -9999.0 -9999.0 -9999.0 -9999.0 -9999.0 -9999.0 -9999.0 -9999.0 -9999.0 -9999.0 03324.907 03290.443 03257.239 03225.089 03194.246 03164.251 03135.902 03108.225 03081.296 03055.314 03031.633 03008.229 02985.395 02962.842 02941.405 02921.273 02901.210 02881.641 01899.030 01877.916 01858.201 01839.410 01829.988 01822.564 01816.573 01812.474 01810.887 01810.623 01813.005 01817.411 01822.911 01831.197 01842.454 01854.359 01868.710 01884.055 01899.991 02881.988 02900.822 02919.579 02938.558 02958.971
-9999.0 -9999.0 -9999.0 -9999.0 -9999.0 -9999.0 -9999.0 -9999.0 -9999.0 -9999.0 -9999.0 -9999.0 -9999.0 -9999.0 -9999.0 -9999.0 -9999.0 -9999.0 -9999.0 -9999.0 03330.088 03296.073 03263.231 03231.711 03201.675 03172.527 03144.218 03117.222 03092.569 03068.390 03044.977 03022.117 03000.238 02980.114 02960.228 02940.958 02923.266 02905.956 02889.474 01912.117 01894.967 01886.326 01878.711 01872.748 01868.421 01866.962 01866.713 01868.965 01873.489 01879.298 01886.765 01898.460 01910.593 02883.992 02896.338 02909.063 02923.520 02941.441 02959.269 02978.114 02997.433
-9999.0 -9999.0 -9999.0 -9999.0 -9999.0 -9999.0 -9999.0 -9999.0 -9999.0 -9999.0 -9999.0 -9999.0 -9999.0 -9999.0 -9999.0 -9999.0 -9999.0 -9999.0 -9999.0 -9999.0 -9999.0 03336.814 03303.588 03271.510 03240.622 03210.663 03182.343 03156.307 03130.890 03106.369 03082.674 03059.811 03039.228 03019.023 02999.181 02981.363 02963.741 02947.654 02932.279 02917.447 02906.957 02900.009 02893.903 02889.270 02885.694 02884.665 02884.481 02886.133 02889.858 02894.552 02899.806 02908.924 02918.260 02928.608 02939.981 02952.407 02964.855 02981.774 02999.555 03017.785 03036.856
-9999.0 -9999.0 -9999.0 -9999.0 -9999.0 -9999.0 -9999.0 -9999.0 -9999.0 -9999.0 -9999.0 -9999.0 -9999.0 -9999.0 -9999.0 -9999.0 -9999.0 -9999.0 -9999.0 -9999.0 -9999.0 -9999.0 03345.975 03313.190 03281.204 03251.406 03223.648 03196.738 03170.796 03145.871 03121.541 03100.035 03079.003 03058.629 03039.737 03021.880 03004.999 02989.115 02974.470 02959.838 02952.108 02945.165 02939.620 02935.487 02932.081 02931.266 02931.112 02932.491 02936.027 02940.380 02945.049 02953.425 02962.506 02972.152 02983.474 02995.494 03008.029 03022.326 03040.161 03058.363 03077.467
-9999.0 -9999.0 -9999.0 -9999.0 -9999.0 -9999.0 -9999.0 -9999.0 -9999.0 -9999.0 -9999.0 -9999.0 -9999.0 -9999.0 -9999.0 -9999.0 -9999.0 -9999.0 -9999.0 -9999.0 -9999.0 -9999.0 -9999.0 03356.345 03324.921 03295.229 03266.547 03239.017 03212.623 03186.827 03163.741 03141.484 03120.155 03099.763 03081.250 03063.150 03046.890 03031.411 03016.785 03004.107 02996.987 02990.178 02984.671 02980.833 02977.448 02976.800 02976.667 02977.850 02981.354 02985.560 02990.265 02997.775 03006.687 03016.127 03027.147 03038.868 03051.585 03064.620 03081.751 03100.242 03119.233
-9999.0 -9999.0 -9999.0 -9999.0 -9999.0 -9999.0 -9999.0 -9999.0 -9999.0 -9999.0 -9999.0 -9999.0 -9999.0 -9999.0 -9999.0 -9999.0 -9999.0 -9999.0 -9999.0 -9999.0 -9999.0 -9999.0 -9999.0 -9999.0 -9999.0 03341.125 03311.718 03283.499 03256.075 03231.101 03207.532 03184.878 03162.701 03143.129 03124.076 03106.406 03089.690 03074.571 03059.784 03049.474 03042.077 03035.492 03029.932 03026.335 03022.911 03022.419 03022.302 03023.313 03026.847 03030.953 03035.737 03042.484 03051.466 03061.000 03071.622 03083.319 03096.189 03109.598 03124.751 03143.621 03163.166
-9999.0 -9999.0 -9999.0 -9999.0 -9999.0 -9999.0 -9999.0 -9999.0 -9999.0 -9999.0 -9999.0 -9999.0 -9999.0 -9999.0 -9999.0 -9999.0 -9999.0 -9999.0 -9999.0 -9999.0 -9999.0 -9999.0 -9999.0 -9999.0 -9999.0 -9999.0 03359.001 03329.836 03302.877 03277.697 03253.427 03229.833 03208.429 03188.261 03168.777 03151.204 03134.622 03119.100 03103.973 03095.785 03088.213 03081.716 03076.169 03072.687 03069.378 03068.867 03068.767 03069.610 03073.194 03077.213 03082.117 03088.223 03097.413 03107.044 03117.379 03129.560 03142.334 03156.163 03170.452 03188.960 03208.860
-9999.0 -9999.0 -9999.0 -9999.0 -9999.0 -9999.0 -9999.0 -9999.0 -9999.0 -9999.0 -9999.0 -9999.0 -9999.0 -9999.0 -9999.0 -9999.0 -9999.0 -9999.0 -9999.0 -9999.0 -9999.0 -9999.0 -9999.0 -9999.0 -9999.0 -9999.0 -9999.0 -9999.0 03352.430 03326.367 03301.329 03277.727 03256.207 03235.073 03216.101 03197.800 03181.281 03165.416 03152.081 03143.629 03135.933 03129.580 03124.086 03120.436 03117.209 03116.654 03116.570 03117.253 03120.958 03124.988 03130.114 03135.518 03144.992 03154.828 03165.261 03177.525 03190.471 03204.600 03219.585 03236.057 03256.878
-9999.0 -9999.0 -9999.0 -9999.0 -9999.0 -9999.0 -9999.0 -9999.0 -9999.0 -9999.0 -9999.0 -9999.0 -9999.0 -9999.0 -9999.0 -9999.0 -9999.0 -9999.0 -9999.0 -9999.0 -9999.0 -9999.0 -9999.0 -9999.0 -9999.0 -9999.0 -9999.0 -9999.0 -9999.0 -9999.0 03351.517 03328.505 03306.098 03284.915 03265.392 03247.187 03230.034 03213.855 03202.379 03193.630 03185.628 03179.280 03173.877 03170.065 03166.870 03166.282 03166.218 03166.733 03170.606 03174.624 03179.938 03185.563 03194.670 03204.583 03215.566 03227.568 03240.969 03255.496 03270.832 03286.845 03307.087
-9999.0 -9999.0 -9999.0 -9999.0 -9999.0 -9999.0 -9999.0 -9999.0 -9999.0 -9999.0 -9999.0 -9999.0 -9999.0 -9999.0 -9999.0 -9999.0 -9999.0 -9999.0 -9999.0 -9999.0 -9999.0 -9999.0 -9999.0 -9999.0 -9999.0 -9999.0 -9999.0 -9999.0 -9999.0 -9999.0 -9999.0 -9999.0 03358.157 03337.474 03317.212 03298.754 03281.416 03264.495 03255.021 03245.910 03237.704 03231.187 03225.918 03221.987 03218.875 03218.240 03218.192 03218.550 03222.530 03226.531 03232.009 03237.928 03246.536 03256.989 03268.111 03280.047 03293.965 03308.728 03324.524 03341.391 03359.520
-9999.0 -9999.0 -9999.0 -9999.0 -9999.0 -9999.0 -9999.0 -9999.0 -9999.0 -9999.0 -9999.0 -9999.0 -9999.0 -9999.0 -9999.0 -9999.0 -9999.0 -9999.0 -9999.0 -9999.0 -9999.0 -9999.0 -9999.0 -9999.0 -9999.0 -9999.0 -9999.0 -9999.0 -9999.0 -9999.0 -9999.0 -9999.0 -9999.0 -9999.0 -9999.0 03353.063 03335.278 03320.249 03310.138 03300.715 03292.465 03285.741 03280.534 03276.404 03273.314 03272.630 03272.590 03272.853 03276.949 03281.173 03286.725 03292.829 03300.883 03311.911 03323.342 03335.536 03349.704 -9999.0 -9999.0 -9999.0 -9999.0
-9999.0 -9999.0 -9999.0 -9999.0 -9999.0 -9999.0 -9999.0 -9999.0 -9999.0 -9999.0 -9999.0 -9999.0 -9999.0 -9999.0 -9999.0 -9999.0 -9999.0 -9999.0 -9999.0 -9999.0 -9999.0 -9999.0 -9999.0 -9999.0 -9999.0 -9999.0 -9999.0 -9999.0 -9999.0 -9999.0 -9999.0 -9999.0 -9999.0 -9999.0 -9999.0 -9999.0 -9999.0 -9999.0 -9999.0 03358.261 03350.143 03343.050 03337.910 03333.587 03330.529 03329.793 03329.762 03330.055 03334.140 03338.581 03344.234 03350.638 03357.927 -9999.0 -9999.0 -9999.0 -9999.0 -9999.0 -9999.0 -9999.0 -9999.0
