tests/Flatland_FlameLength.asc
NCOLS 100
NROWS 100
XLLCORNER 20000.000000
YLLCORNER 20000.000000
CELLSIZE 30.000000
NODATA_VALUE -9999.0
[rows 33 to 65 of 100, columns 0 to 72 of 100]
-9999.0 -9999.0 -9999.0 -9999.0 00.53 00.54 00.55 00.57 00.58 00.59 00.60 00.62 00.62 00.63 00.64 00.64 00.64 00.64 00.53 00.54 00.56 00.57 00.59 00.60 00.61 00.62 00.64 00.65 00.66 00.67 00.68 00.68 00.68 00.69 00.69 00.63 00.59 00.60 00.61 00.62 00.64 00.65 00.66 00.67 00.67 00.68 00.68 00.68 00.68 00.67 00.66 00.66 00.65 00.64 00.62 00.60 00.59 00.58 00.67 00.69 00.68 00.68 00.68 00.67 00.67 00.66 00.65 00.63 00.62 00.61 00.59 00.58 00.57
-9999.0 -9999.0 -9999.0 -9999.0 00.53 00.54 00.55 00.57 00.58 00.59 00.60 00.61 00.62 00.63 00.63 00.64 00.64 00.63 00.53 00.54 00.56 00.57 00.59 00.59 00.61 00.62 00.64 00.65 00.66 00.67 00.67 00.68 00.68 00.68 00.66 00.58 00.59 00.60 00.62 00.63 00.64 00.66 00.67 00.68 00.68 00.69 00.69 00.69 00.68 00.68 00.68 00.67 00.66 00.64 00.62 00.61 00.60 00.59 00.60 00.68 00.68 00.68 00.67 00.67 00.67 00.66 00.65 00.63 00.62 00.60 00.59 00.58 00.57
-9999.0 -9999.0 -9999.0 -9999.0 00.53 00.54 00.55 00.56 00.57 00.59 00.60 00.61 00.62 00.63 00.63 00.63 00.63 00.63 00.53 00.54 00.56 00.57 00.58 00.59 00.61 00.62 00.64 00.65 00.66 00.67 00.67 00.67 00.67 00.67 00.58 00.58 00.59 00.61 00.62 00.63 00.65 00.67 00.68 00.69 00.69 00.69 00.69 00.69 00.69 00.69 00.68 00.67 00.66 00.64 00.63 00.62 00.60 00.59 00.57 00.64 00.67 00.67 00.67 00.67 00.66 00.65 00.64 00.63 00.62 00.60 00.59 00.58 00.56
-9999.0 -9999.0 -9999.0 -9999.0 00.52 00.53 00.55 00.56 00.57 00.59 00.60 00.61 00.62 00.63 00.63 00.63 00.63 00.63 00.53 00.54 00.56 00.57 00.58 00.59 00.61 00.62 00.63 00.64 00.65 00.66 00.67 00.67 00.67 00.64 00.57 00.58 00.59 00.61 00.62 00.64 00.65 00.67 00.68 00.70 00.70 00.71 00.71 00.71 00.70 00.70 00.69 00.68 00.67 00.65 00.63 00.62 00.60 00.58 00.57 00.57 00.67 00.67 00.67 00.66 00.66 00.65 00.64 00.63 00.61 00.60 00.59 00.58 00.56
-9999.0 -9999.0 -9999.0 -9999.0 00.52 00.53 00.55 00.56 00.57 00.59 00.60 00.61 00.62 00.63 00.63 00.63 00.63 00.62 00.53 00.54 00.55 00.57 00.58 00.59 00.61 00.62 00.63 00.64 00.65 00.65 00.66 00.66 00.66 00.59 00.57 00.58 00.60 00.61 00.63 00.64 00.65 00.67 00.69 00.70 00.71 00.71 00.72 00.71 00.71 00.71 00.70 00.69 00.67 00.65 00.63 00.62 00.61 00.59 00.57 00.56 00.65 00.66 00.66 00.66 00.65 00.64 00.63 00.63 00.61 00.60 00.59 00.57 00.56
-9999.0 -9999.0 -9999.0 -9999.0 00.52 00.53 00.55 00.56 00.57 00.58 00.59 00.61 00.61 00.62 00.63 00.63 00.62 00.62 00.53 00.54 00.55 00.56 00.58 00.59 00.60 00.62 00.63 00.64 00.64 00.65 00.65 00.65 00.66 00.55 00.57 00.58 00.60 00.61 00.63 00.64 00.66 00.67 00.70 00.71 00.72 00.72 00.72 00.72 00.72 00.71 00.70 00.69 00.67 00.65 00.63 00.62 00.60 00.59 00.57 00.56 00.59 00.65 00.65 00.65 00.64 00.64 00.63 00.62 00.61 00.60 00.58 00.57 00.56
-9999.0 -9999.0 -9999.0 -9999.0 00.51 00.52 00.54 00.56 00.57 00.58 00.59 00.60 00.61 00.62 00.62 00.63 00.62 00.62 00.52 00.53 00.55 00.56 00.58 00.59 00.60 00.61 00.63 00.63 00.64 00.64 00.65 00.64 00.62 00.55 00.56 00.58 00.60 00.61 00.63 00.64 00.66 00.67 00.69 00.71 00.73 00.73 00.73 00.73 00.73 00.72 00.71 00.69 00.67 00.65 00.63 00.62 00.60 00.59 00.57 00.56 00.54 00.65 00.64 00.64 00.64 00.64 00.63 00.62 00.61 00.60 00.58 00.57 00.56
-9999.0 -9999.0 -9999.0 -9999.0 00.51 00.52 00.54 00.55 00.56 00.58 00.59 00.60 00.61 00.62 00.62 00.62 00.62 00.62 00.52 00.53 00.55 00.56 00.57 00.59 00.60 00.61 00.62 00.63 00.64 00.64 00.64 00.64 00.58 00.55 00.56 00.58 00.59 00.61 00.63 00.65 00.66 00.67 00.70 00.72 00.73 00.74 00.74 00.74 00.74 00.72 00.71 00.69 00.66 00.65 00.64 00.62 00.61 00.59 00.57 00.56 00.54 00.64 00.64 00.64 00.64 00.64 00.63 00.62 00.61 00.59 00.58 00.57 00.55
-9999.0 -9999.0 -9999.0 -9999.0 00.51 00.52 00.53 00.54 00.56 00.57 00.58 00.60 00.61 00.61 00.62 00.62 00.62 00.61 00.52 00.53 00.55 00.56 00.57 00.58 00.60 00.61 00.62 00.63 00.63 00.64 00.64 00.64 00.56 00.54 00.56 00.58 00.60 00.61 00.63 00.64 00.66 00.68 00.70 00.72 00.73 00.74 00.75 00.74 00.74 00.73 00.71 00.69 00.67 00.65 00.64 00.62 00.60 00.58 00.57 00.55 00.54 00.63 00.64 00.64 00.63 00.63 00.62 00.62 00.60 00.59 00.58 00.57 00.55
-9999.0 -9999.0 -9999.0 -9999.0 -9999.0 00.51 00.53 00.54 00.56 00.57 00.58 00.59 00.60 00.61 00.61 00.62 00.62 00.61 00.52 00.53 00.54 00.56 00.57 00.58 00.59 00.61 00.62 00.63 00.63 00.63 00.63 00.63 00.53 00.54 00.56 00.57 00.59 00.61 00.62 00.64 00.66 00.67 00.69 00.71 00.73 00.75 00.75 00.75 00.74 00.73 00.70 00.68 00.66 00.65 00.63 00.61 00.60 00.58 00.57 00.55 00.53 00.61 00.63 00.63 00.63 00.63 00.62 00.61 00.60 00.59 00.57 00.56 00.55
-9999.0 -9999.0 -9999.0 -9999.0 -9999.0 00.51 00.53 00.54 00.55 00.56 00.58 00.59 00.60 00.61 00.61 00.61 00.61 00.61 00.51 00.52 00.54 00.55 00.57 00.58 00.59 00.60 00.61 00.62 00.63 00.63 00.63 00.63 00.52 00.54 00.55 00.57 00.58 00.60 00.62 00.63 00.65 00.67 00.68 00.70 00.73 00.74 00.75 00.75 00.74 00.72 00.69 00.67 00.66 00.64 00.63 00.61 00.59 00.57 00.56 00.54 00.53 00.60 00.63 00.63 00.63 00.63 00.62 00.61 00.60 00.59 00.57 00.56 00.55
-9999.0 -9999.0 -9999.0 -9999.0 -9999.0 00.51 00.52 00.53 00.55 00.56 00.57 00.58 00.60 00.60 00.61 00.61 00.61 00.60 00.50 00.52 00.54 00.55 00.56 00.57 00.59 00.60 00.61 00.62 00.62 00.63 00.63 00.62 00.52 00.53 00.55 00.56 00.58 00.59 00.61 00.62 00.65 00.66 00.68 00.70 00.72 00.74 00.75 00.75 00.74 00.71 00.69 00.67 00.65 00.64 00.62 00.60 00.58 00.57 00.56 00.54 00.53 00.59 00.62 00.63 00.62 00.62 00.61 00.61 00.59 00.58 00.57 00.56 00.54
-9999.0 -9999.0 -9999.0 -9999.0 -9999.0 00.50 00.51 00.53 00.54 00.55 00.57 00.58 00.59 00.60 00.61 00.61 00.61 00.60 00.52 00.51 00.53 00.54 00.56 00.57 00.58 00.59 00.61 00.61 00.62 00.62 00.62 00.62 00.51 00.53 00.55 00.56 00.57 00.59 00.60 00.62 00.64 00.65 00.67 00.68 00.71 00.73 00.75 00.74 00.72 00.69 00.68 00.66 00.64 00.63 00.61 00.60 00.58 00.57 00.55 00.53 00.52 00.59 00.62 00.62 00.62 00.62 00.61 00.60 00.59 00.58 00.56 00.55 00.54
-9999.0 -9999.0 -9999.0 -9999.0 -9999.0 00.50 00.51 00.53 00.54 00.55 00.56 00.57 00.59 00.59 00.60 00.60 00.61 00.60 00.54 00.51 00.53 00.54 00.55 00.56 00.58 00.59 00.60 00.61 00.61 00.62 00.62 00.62 00.51 00.53 00.54 00.55 00.57 00.58 00.60 00.61 00.63 00.64 00.66 00.67 00.69 00.71 00.72 00.72 00.70 00.67 00.66 00.65 00.63 00.62 00.60 00.59 00.58 00.56 00.55 00.53 00.52 00.59 00.62 00.62 00.62 00.61 00.61 00.60 00.58 00.57 00.56 00.54 00.53
-9999.0 -9999.0 -9999.0 -9999.0 -9999.0 -9999.0 00.51 00.52 00.53 00.55 00.56 00.57 00.58 00.59 00.60 00.60 00.60 00.60 00.57 00.51 00.52 00.53 00.55 00.56 00.57 00.58 00.60 00.60 00.61 00.61 00.61 00.61 00.51 00.52 00.54 00.55 00.57 00.58 00.59 00.61 00.62 00.63 00.64 00.65 00.67 00.68 00.70 00.70 00.67 00.66 00.65 00.63 00.62 00.61 00.60 00.59 00.57 00.56 00.55 00.53 00.52 00.60 00.61 00.61 00.61 00.61 00.60 00.59 00.58 00.56 00.55 00.54 00.53
-9999.0 -9999.0 -9999.0 -9999.0 -9999.0 -9999.0 00.50 00.52 00.53 00.54 00.55 00.57 00.58 00.59 00.59 00.60 00.60 00.60 00.59 00.50 00.51 00.53 00.54 00.55 00.57 00.58 00.59 00.60 00.60 00.61 00.61 00.60 00.53 00.52 00.53 00.54 00.56 00.57 00.59 00.60 00.62 00.62 00.63 00.63 00.64 00.62 -9999.00 00.64 00.63 00.64 00.63 00.63 00.62 00.61 00.59 00.58 00.57 00.56 00.54 00.52 00.51 00.60 00.60 00.61 00.61 00.60 00.59 00.58 00.57 00.55 00.54 00.53 00.52
-9999.0 -9999.0 -9999.0 -9999.0 -9999.0 -9999.0 00.50 00.50 00.52 00.54 00.54 00.56 00.57 00.58 00.59 00.59 00.60 00.60 00.59 00.49 00.51 00.52 00.53 00.55 00.56 00.57 00.58 00.59 00.60 00.60 00.60 00.60 00.55 00.51 00.52 00.54 00.55 00.56 00.58 00.59 00.61 00.62 00.63 00.63 00.62 00.60 09.16 00.60 00.61 00.63 00.63 00.62 00.61 00.60 00.58 00.57 00.56 00.54 00.53 00.51 00.50 00.60 00.60 00.60 00.60 00.59 00.58 00.57 00.56 00.55 00.54 00.52 00.51
-9999.0 -9999.0 -9999.0 -9999.0 -9999.0 -9999.0 00.49 00.50 00.52 00.53 00.54 00.55 00.56 00.58 00.58 00.59 00.59 00.59 00.59 00.53 00.50 00.52 00.53 00.54 00.55 00.57 00.58 00.59 00.59 00.60 00.60 00.60 00.59 00.50 00.51 00.53 00.54 00.56 00.57 00.58 00.60 00.61 00.61 00.62 00.62 00.60 09.72 00.60 00.61 00.63 00.62 00.61 00.60 00.59 00.57 00.56 00.55 00.53 00.52 00.50 00.51 00.59 00.60 00.59 00.59 00.59 00.58 00.57 00.56 00.54 00.53 00.52 00.50
-9999.0 -9999.0 -9999.0 -9999.0 -9999.0 -9999.0 -9999.0 00.50 00.51 00.52 00.54 00.55 00.56 00.57 00.58 00.59 00.59 00.59 00.59 00.57 00.50 00.51 00.52 00.53 00.54 00.56 00.57 00.58 00.59 00.59 00.60 00.59 00.59 00.50 00.51 00.52 00.54 00.55 00.56 00.57 00.58 00.60 00.60 00.60 00.60 00.60 10.27 00.60 00.60 00.60 00.60 00.59 00.59 00.57 00.56 00.55 00.54 00.52 00.51 00.50 00.55 00.59 00.59 00.59 00.59 00.58 00.57 00.56 00.55 00.54 00.52 00.51 00.50
-9999.0 -9999.0 -9999.0 -9999.0 -9999.0 -9999.0 -9999.0 00.49 00.50 00.52 00.53 00.54 00.55 00.56 00.58 00.58 00.59 00.59 00.59 00.58 00.49 00.50 00.52 00.53 00.54 00.55 00.56 00.58 00.58 00.59 00.59 00.59 00.59 00.51 00.50 00.51 00.52 00.54 00.54 00.56 00.57 00.58 00.58 00.58 00.57 00.55 10.80 00.53 00.56 00.58 00.58 00.58 00.57 00.56 00.55 00.54 00.53 00.51 00.50 00.49 00.58 00.58 00.59 00.59 00.58 00.57 00.56 00.55 00.54 00.53 00.52 00.50 00.49
-9999.0 -9999.0 -9999.0 -9999.0 -9999.0 -9999.0 -9999.0 -9999.0 00.50 00.51 00.52 00.53 00.55 00.56 00.57 00.58 00.58 00.59 00.59 00.58 00.52 00.49 00.51 00.52 00.53 00.54 00.55 00.56 00.57 00.58 00.58 00.58 00.58 00.55 00.48 00.49 00.51 00.52 00.52 00.54 00.55 00.55 00.56 00.56 00.55 00.54 00.51 00.53 00.55 00.55 00.56 00.56 00.56 00.55 00.54 00.53 00.51 00.50 00.49 00.51 00.58 00.58 00.58 00.58 00.57 00.57 00.55 00.54 00.53 00.52 00.51 00.49 00.48
-9999.0 -9999.0 -9999.0 -9999.0 -9999.0 -9999.0 -9999.0 -9999.0 00.49 00.50 00.51 00.53 00.54 00.55 00.56 00.57 00.58 00.58 00.58 00.58 00.57 00.48 00.49 00.51 00.52 00.53 00.54 00.55 00.56 00.57 00.57 00.57 00.57 00.56 00.49 00.48 00.49 00.50 00.51 00.52 00.53 00.53 00.54 00.54 00.54 00.53 00.53 00.53 00.53 00.54 00.54 00.54 00.54 00.53 00.52 00.52 00.50 00.49 00.48 00.57 00.58 00.58 00.58 00.57 00.57 00.56 00.55 00.53 00.53 00.51 00.50 00.49 00.54
-9999.0 -9999.0 -9999.0 -9999.0 -9999.0 -9999.0 -9999.0 -9999.0 00.48 00.49 00.51 00.52 00.53 00.54 00.55 00.56 00.57 00.57 00.57 00.57 00.57 00.50 00.48 00.50 00.51 00.52 00.53 00.54 00.55 00.56 00.56 00.57 00.57 00.56 00.56 00.47 00.47 00.49 00.49 00.51 00.51 00.52 00.52 00.53 00.53 00.53 00.52 00.52 00.52 00.52 00.52 00.51 00.52 00.51 00.50 00.50 00.49 00.48 00.51 00.57 00.57 00.57 00.57 00.57 00.56 00.55 00.54 00.53 00.52 00.50 00.49 00.48 00.57
-9999.0 -9999.0 -9999.0 -9999.0 -9999.0 -9999.0 -9999.0 -9999.0 -9999.0 00.49 00.50 00.51 00.52 00.53 00.54 00.55 00.56 00.57 00.57 00.57 00.57 00.56 00.47 00.48 00.50 00.51 00.52 00.53 00.54 00.55 00.56 00.56 00.56 00.56 00.56 00.54 00.47 00.47 00.48 00.49 00.50 00.50 00.51 00.51 00.52 00.51 00.51 00.51 00.51 00.51 00.51 00.50 00.50 00.49 00.48 00.48 00.47 00.46 00.56 00.56 00.57 00.57 00.56 00.56 00.55 00.54 00.53 00.52 00.51 00.50 00.48 00.53 00.57
-9999.0 -9999.0 -9999.0 -9999.0 -9999.0 -9999.0 -9999.0 -9999.0 -9999.0 00.48 00.48 00.50 00.51 00.52 00.53 00.54 00.55 00.56 00.57 00.57 00.57 00.56 00.53 00.48 00.49 00.50 00.51 00.52 00.53 00.54 00.55 00.55 00.56 00.56 00.56 00.55 00.52 00.46 00.47 00.48 00.48 00.49 00.49 00.50 00.50 00.50 00.50 00.50 00.50 00.50 00.49 00.49 00.48 00.48 00.47 00.46 00.46 00.55 00.55 00.56 00.56 00.56 00.56 00.55 00.54 00.53 00.52 00.51 00.50 00.48 00.47 00.57 00.57
-9999.0 -9999.0 -9999.0 -9999.0 -9999.0 -9999.0 -9999.0 -9999.0 -9999.0 -9999.0 00.48 00.49 00.50 00.51 00.52 00.54 00.54 00.55 00.56 00.57 00.57 00.56 00.56 00.47 00.48 00.49 00.50 00.51 00.52 00.53 00.54 00.55 00.55 00.55 00.55 00.55 00.55 00.51 00.45 00.46 00.47 00.47 00.48 00.48 00.48 00.48 00.48 00.48 00.48 00.48 00.48 00.47 00.47 00.46 00.45 00.45 00.54 00.54 00.55 00.55 00.55 00.55 00.55 00.54 00.53 00.52 00.51 00.50 00.48 00.48 00.54 00.57 00.57
-9999.0 -9999.0 -9999.0 -9999.0 -9999.0 -9999.0 -9999.0 -9999.0 -9999.0 -9999.0 -9999.0 00.48 00.50 00.50 00.52 00.53 00.54 00.55 00.55 00.56 00.56 00.56 00.56 00.56 00.47 00.48 00.49 00.50 00.51 00.52 00.53 00.54 00.54 00.55 00.55 00.55 00.55 00.54 00.54 00.45 00.45 00.46 00.47 00.47 00.47 00.47 00.47 00.47 00.46 00.46 00.46 00.46 00.45 00.45 00.49 00.54 00.54 00.54 00.54 00.55 00.54 00.54 00.53 00.52 00.52 00.51 00.50 00.49 00.48 00.49 00.56 00.57 00.57
-9999.0 -9999.0 -9999.0 -9999.0 -9999.0 -9999.0 -9999.0 -9999.0 -9999.0 -9999.0 -9999.0 00.47 00.48 00.50 00.51 00.52 00.53 00.54 00.55 00.55 00.56 00.56 00.56 00.56 00.54 00.47 00.47 00.49 00.50 00.51 00.52 00.52 00.53 00.54 00.54 00.54 00.54 00.54 00.54 00.53 00.48 00.45 00.45 00.45 00.45 00.45 00.45 00.45 00.45 00.45 00.45 00.44 00.46 00.53 00.53 00.54 00.54 00.54 00.54 00.54 00.53 00.53 00.52 00.51 00.50 00.49 00.49 00.47 00.47 00.56 00.56 00.56 00.56
-9999.0 -9999.0 -9999.0 -9999.0 -9999.0 -9999.0 -9999.0 -9999.0 -9999.0 -9999.0 -9999.0 -9999.0 00.48 00.49 00.50 00.51 00.52 00.53 00.54 00.55 00.55 00.56 00.56 00.56 00.55 00.51 00.47 00.47 00.49 00.50 00.50 00.51 00.52 00.53 00.53 00.54 00.54 00.54 00.54 00.53 00.53 00.53 00.48 00.44 00.44 00.44 00.44 00.44 00.43 00.45 00.50 00.52 00.53 00.53 00.53 00.54 00.54 00.54 00.53 00.53 00.52 00.51 00.50 00.50 00.49 00.48 00.47 00.46 00.54 00.56 00.56 00.56 00.56
-9999.0 -9999.0 -9999.0 -9999.0 -9999.0 -9999.0 -9999.0 -9999.0 -9999.0 -9999.0 -9999.0 -9999.0 -9999.0 00.48 00.49 00.50 00.51 00.52 00.53 00.54 00.55 00.55 00.56 00.56 00.55 00.55 00.50 00.46 00.47 00.48 00.49 00.50 00.51 00.51 00.52 00.53 00.53 00.53 00.53 00.53 00.53 00.53 00.52 00.52 00.52 00.52 00.52 00.52 00.52 00.52 00.52 00.53 00.53 00.53 00.53 00.53 00.53 00.53 00.52 00.51 00.51 00.50 00.49 00.48 00.48 00.47 00.46 00.53 00.55 00.55 00.55 00.56 00.55
-9999.0 -9999.0 -9999.0 -9999.0 -9999.0 -9999.0 -9999.0 -9999.0 -9999.0 -9999.0 -9999.0 -9999.0 -9999.0 00.47 00.47 00.49 00.50 00.51 00.52 00.53 00.54 00.54 00.55 00.55 00.55 00.55 00.55 00.48 00.46 00.47 00.48 00.49 00.49 00.50 00.51 00.51 00.52 00.52 00.53 00.53 00.53 00.53 00.53 00.52 00.52 00.52 00.52 00.52 00.52 00.52 00.53 00.53 00.53 00.53 00.53 00.52 00.52 00.51 00.51 00.50 00.50 00.49 00.48 00.47 00.46 00.46 00.53 00.55 00.55 00.55 00.55 00.55 00.54
-9999.0 -9999.0 -9999.0 -9999.0 -9999.0 -9999.0 -9999.0 -9999.0 -9999.0 -9999.0 -9999.0 -9999.0 -9999.0 -9999.0 00.47 00.47 00.49 00.50 00.51 00.52 00.53 00.54 00.54 00.55 00.55 00.55 00.55 00.54 00.49 00.46 00.46 00.47 00.48 00.49 00.49 00.50 00.51 00.51 00.52 00.52 00.52 00.52 00.52 00.52 00.52 00.52 00.52 00.52 00.52 00.52 00.52 00.52 00.52 00.52 00.52 00.51 00.51 00.50 00.50 00.49 00.48 00.48 00.47 00.46 00.45 00.54 00.54 00.55 00.55 00.55 00.54 00.54 00.53
-9999.0 -9999.0 -9999.0 -9999.0 -9999.0 -9999.0 -9999.0 -9999.0 -9999.0 -9999.0 -9999.0 -9999.0 -9999.0 -9999.0 -9999.0 00.47 00.48 00.49 00.50 00.51 00.52 00.53 00.54 00.54 00.55 00.55 00.55 00.54 00.54 00.51 00.45 00.46 00.47 00.48 00.48 00.49 00.49 00.50 00.50 00.51 00.51 00.52 00.52 00.52 00.52 00.52 00.52 00.52 00.51 00.51 00.51 00.51 00.51 00.51 00.50 00.50 00.49 00.49 00.48 00.47 00.47 00.46 00.45 00.45 00.54 00.54 00.55 00.55 00.55 00.54 00.54 00.53 00.52
