tests/Flatland_Intensity.asc
NCOLS 100
NROWS 100
XLLCORNER 20000.000000
YLLCORNER 20000.000000
CELLSIZE 30.000000
NODATA_VALUE -9999.0
[rows 54 to 80 of 100, columns 0 to 60 of 100]
-9999.0 -9999.0 -9999.0 -9999.0 -9999.0 -9999.0 -9999.0 -9999.0 00055.284 00058.559 00061.019 00064.858 00067.199 00071.079 00074.047 00076.770 00078.831 00079.866 00079.850 00078.786 00077.585 00053.757 00055.727 00059.805 00062.834 00065.144 00068.573 00070.812 00073.820 00076.026 00077.406 00077.260 00076.553 00074.624 00054.025 00052.718 00055.500 00056.953 00059.915 00062.081 00064.839 00066.382 00067.977 00068.961 00068.268 00065.565 00064.245 00064.707 00065.934 00067.082 00068.458 00067.275 00067.046 00065.676 00063.656 00061.555 00058.602 00054.598 00052.684 00076.623 00078.074
-9999.0 -9999.0 -9999.0 -9999.0 -9999.0 -9999.0 -9999.0 -9999.0 00053.495 00055.400 00059.631 00062.680 00065.104 00068.662 00070.986 00074.467 00076.209 00077.930 00077.928 00077.794 00076.844 00058.161 00053.719 00056.860 00058.845 00062.149 00064.551 00067.645 00070.737 00072.989 00074.583 00075.253 00075.221 00074.345 00072.901 00049.772 00051.489 00054.575 00056.198 00058.906 00060.770 00062.680 00063.896 00065.209 00064.963 00064.194 00063.212 00062.963 00063.240 00063.520 00063.359 00061.145 00061.733 00059.526 00058.580 00056.494 00055.168 00052.240 00059.896 00075.961 00077.311
-9999.0 -9999.0 -9999.0 -9999.0 -9999.0 -9999.0 -9999.0 -9999.0 -9999.0 00054.068 00057.199 00059.307 00062.989 00065.178 00068.579 00071.237 00073.737 00075.610 00076.601 00076.907 00076.257 00074.839 00051.345 00053.306 00056.997 00059.551 00062.217 00065.184 00067.537 00070.566 00072.242 00073.937 00074.109 00074.095 00072.810 00068.263 00049.297 00050.594 00053.597 00055.253 00057.287 00058.576 00060.355 00061.063 00061.482 00061.006 00060.688 00060.417 00060.310 00059.725 00059.101 00058.063 00056.436 00055.774 00053.692 00053.118 00050.954 00049.038 00073.035 00075.010 00076.051
-9999.0 -9999.0 -9999.0 -9999.0 -9999.0 -9999.0 -9999.0 -9999.0 -9999.0 00051.939 00053.814 00057.714 00060.281 00063.055 00066.276 00068.654 00071.948 00073.809 00075.738 00075.990 00076.071 00074.780 00064.253 00051.682 00054.122 00057.052 00060.097 00061.935 00065.301 00067.506 00070.298 00071.737 00073.104 00073.024 00072.712 00071.322 00062.830 00048.314 00049.590 00052.177 00053.124 00055.351 00055.900 00057.508 00057.636 00057.103 00056.787 00056.807 00056.790 00056.366 00054.976 00054.625 00053.505 00051.733 00050.367 00048.076 00046.966 00069.471 00071.181 00073.047 00074.095
-9999.0 -9999.0 -9999.0 -9999.0 -9999.0 -9999.0 -9999.0 -9999.0 -9999.0 -9999.0 00052.561 00055.098 00057.909 00061.295 00063.108 00067.057 00069.385 00072.190 00073.902 00075.210 00075.358 00074.972 00073.670 00050.821 00051.862 00054.974 00056.818 00060.098 00062.162 00065.107 00067.445 00069.609 00070.961 00071.913 00071.693 00071.074 00069.440 00061.321 00046.799 00047.838 00050.375 00051.271 00052.788 00053.453 00053.494 00053.242 00052.973 00052.831 00052.721 00052.663 00052.117 00050.606 00050.117 00047.867 00046.863 00045.056 00067.668 00069.304 00070.732 00071.045 00072.030
-9999.0 -9999.0 -9999.0 -9999.0 -9999.0 -9999.0 -9999.0 -9999.0 -9999.0 -9999.0 -9999.0 00052.850 00056.332 00057.922 00061.858 00064.555 00067.165 00069.960 00072.096 00073.929 00074.636 00074.749 00073.898 00072.539 00049.702 00051.512 00054.826 00056.762 00059.606 00062.107 00064.458 00066.766 00068.601 00069.828 00070.447 00070.139 00069.578 00068.134 00066.712 00045.182 00046.547 00047.762 00049.533 00049.662 00050.279 00049.854 00049.888 00049.464 00048.845 00048.770 00048.671 00047.456 00046.091 00045.307 00055.096 00066.711 00068.043 00069.096 00069.289 00069.455 00068.423
-9999.0 -9999.0 -9999.0 -9999.0 -9999.0 -9999.0 -9999.0 -9999.0 -9999.0 -9999.0 -9999.0 00051.265 00052.747 00056.790 00059.565 00061.681 00064.920 00066.975 00070.327 00071.962 00073.710 00073.886 00073.922 00072.645 00067.123 00049.529 00051.062 00054.587 00056.805 00059.108 00061.509 00063.581 00065.809 00067.402 00068.445 00069.087 00068.760 00068.438 00067.191 00065.962 00052.424 00044.764 00045.463 00045.932 00046.687 00046.599 00046.628 00046.439 00045.348 00044.766 00044.726 00044.181 00048.896 00064.942 00066.134 00067.343 00067.920 00068.136 00068.266 00067.113 00066.170
-9999.0 -9999.0 -9999.0 -9999.0 -9999.0 -9999.0 -9999.0 -9999.0 -9999.0 -9999.0 -9999.0 -9999.0 00051.607 00054.491 00056.539 00059.843 00061.483 00065.212 00067.403 00070.216 00071.731 00073.107 00072.993 00072.755 00071.556 00060.649 00049.378 00051.067 00054.282 00056.554 00058.431 00060.723 00062.524 00064.448 00066.036 00067.010 00067.883 00067.584 00067.345 00066.676 00065.488 00064.279 00051.649 00043.022 00043.003 00042.980 00043.005 00042.835 00042.457 00046.064 00057.444 00063.422 00064.597 00065.728 00066.601 00066.939 00067.187 00066.894 00065.907 00064.879 00062.747
-9999.0 -9999.0 -9999.0 -9999.0 -9999.0 -9999.0 -9999.0 -9999.0 -9999.0 -9999.0 -9999.0 -9999.0 -9999.0 00051.560 00054.826 00056.389 00060.100 00062.298 00065.173 00067.670 00069.919 00071.355 00072.266 00072.377 00072.031 00070.806 00056.342 00049.158 00050.977 00053.469 00055.792 00057.242 00059.380 00061.270 00062.956 00064.903 00065.642 00066.368 00066.645 00066.354 00066.007 00065.245 00063.962 00062.871 00062.457 00062.164 00062.155 00062.364 00062.597 00063.160 00063.830 00064.540 00065.195 00065.554 00065.892 00065.902 00065.097 00064.457 00063.282 00061.380 00060.006
-9999.0 -9999.0 -9999.0 -9999.0 -9999.0 -9999.0 -9999.0 -9999.0 -9999.0 -9999.0 -9999.0 -9999.0 -9999.0 00049.826 00051.398 00055.078 00057.220 00059.962 00062.631 00064.801 00067.296 00069.193 00070.801 00071.712 00071.793 00071.335 00069.968 00053.262 00048.334 00049.728 00052.270 00054.054 00056.247 00057.872 00060.144 00061.299 00062.950 00063.937 00064.646 00065.425 00065.401 00065.129 00064.331 00063.802 00063.555 00063.482 00063.481 00063.606 00063.701 00063.868 00064.023 00064.323 00064.533 00064.944 00064.326 00063.562 00062.796 00061.263 00059.926 00058.427 00056.373
-9999.0 -9999.0 -9999.0 -9999.0 -9999.0 -9999.0 -9999.0 -9999.0 -9999.0 -9999.0 -9999.0 -9999.0 -9999.0 -9999.0 00050.004 00051.187 00054.994 00057.550 00059.443 00062.315 00064.388 00067.120 00068.856 00070.459 00071.018 00070.883 00070.135 00068.784 00055.306 00047.255 00048.416 00051.405 00052.554 00055.177 00056.179 00058.212 00059.527 00060.865 00062.310 00063.035 00063.569 00063.889 00063.737 00063.388 00063.212 00063.183 00063.182 00063.221 00063.357 00063.502 00063.282 00062.856 00062.644 00062.456 00062.043 00060.693 00059.278 00058.196 00056.450 00055.187 00053.635
-9999.0 -9999.0 -9999.0 -9999.0 -9999.0 -9999.0 -9999.0 -9999.0 -9999.0 -9999.0 -9999.0 -9999.0 -9999.0 -9999.0 -9999.0 00049.891 00051.918 00054.577 00057.394 00059.166 00062.180 00064.071 00066.744 00068.189 00069.579 00069.959 00069.813 00069.217 00068.088 00060.431 00046.488 00047.716 00050.373 00051.524 00053.469 00054.791 00056.070 00057.769 00058.811 00059.902 00060.990 00061.462 00061.448 00061.387 00061.458 00061.527 00061.539 00061.437 00061.345 00061.222 00060.981 00060.603 00059.912 00059.321 00058.374 00057.562 00056.022 00054.462 00053.528 00051.420 00050.525
-9999.0 -9999.0 -9999.0 -9999.0 -9999.0 -9999.0 -9999.0 -9999.0 -9999.0 -9999.0 -9999.0 -9999.0 -9999.0 -9999.0 -9999.0 -9999.0 00049.793 00052.426 00054.297 00057.208 00058.774 00061.733 00063.375 00065.959 00067.239 00068.482 00069.033 00069.049 00068.848 00067.856 00066.663 00045.035 00046.844 00048.228 00050.262 00051.029 00053.128 00054.178 00055.309 00056.695 00057.448 00057.934 00058.331 00058.556 00058.771 00058.885 00058.903 00058.735 00058.492 00058.181 00057.444 00057.050 00056.590 00055.929 00054.849 00053.857 00052.933 00051.079 00050.041 00048.933 00046.779
-9999.0 -9999.0 -9999.0 -9999.0 -9999.0 -9999.0 -9999.0 -9999.0 -9999.0 -9999.0 -9999.0 -9999.0 -9999.0 -9999.0 -9999.0 -9999.0 -9999.0 00049.520 00052.224 00053.858 00056.711 00058.128 00060.968 00062.496 00064.796 00066.306 00067.600 00068.518 00068.528 00068.354 00067.207 00066.153 00052.529 00045.475 00046.517 00048.609 00049.798 00050.530 00052.308 00053.258 00053.680 00054.832 00054.837 00055.212 00055.446 00055.557 00055.576 00055.411 00055.155 00054.898 00054.188 00053.267 00052.783 00052.450 00051.820 00050.113 00049.555 00048.428 00046.199 00045.397 00044.288
-9999.0 -9999.0 -9999.0 -9999.0 -9999.0 -9999.0 -9999.0 -9999.0 -9999.0 -9999.0 -9999.0 -9999.0 -9999.0 -9999.0 -9999.0 -9999.0 -9999.0 -9999.0 00049.185 00051.883 00053.283 00055.958 00057.356 00059.905 00061.662 00063.850 00065.594 00066.735 00067.785 00067.585 00067.516 00067.029 00066.044 00065.059 00044.178 00045.109 00045.864 00047.881 00048.993 00049.508 00050.692 00051.204 00051.404 00051.735 00051.843 00051.890 00051.899 00051.830 00051.692 00051.427 00050.989 00050.296 00049.052 00048.719 00048.343 00047.537 00045.627 00044.970 00042.912 00062.574 00065.275
-9999.0 -9999.0 -9999.0 -9999.0 -9999.0 -9999.0 -9999.0 -9999.0 -9999.0 -9999.0 -9999.0 -9999.0 -9999.0 -9999.0 -9999.0 -9999.0 -9999.0 -9999.0 -9999.0 00048.522 00050.780 00052.621 00055.055 00056.689 00059.004 00060.924 00062.667 00064.634 00065.446 00066.537 00066.961 00066.887 00066.806 00066.013 00064.969 00063.693 00043.917 00044.425 00045.168 00045.758 00047.420 00047.705 00047.907 00048.052 00048.154 00048.182 00048.195 00048.142 00048.032 00047.916 00047.587 00047.057 00045.948 00044.849 00044.596 00044.038 00043.993 00063.001 00064.560 00065.424 00066.202
-9999.0 -9999.0 -9999.0 -9999.0 -9999.0 -9999.0 -9999.0 -9999.0 -9999.0 -9999.0 -9999.0 -9999.0 -9999.0 -9999.0 -9999.0 -9999.0 -9999.0 -9999.0 -9999.0 -9999.0 00047.878 00049.484 00052.076 00054.077 00056.058 00057.607 00059.913 00061.078 00063.135 00064.341 00065.314 00066.303 00066.253 00066.075 00065.907 00065.124 00064.314 00063.553 00051.161 00043.170 00043.760 00043.991 00044.095 00044.216 00044.308 00044.329 00044.340 00044.298 00044.200 00044.093 00043.942 00043.483 00042.945 00045.265 00057.469 00063.160 00063.899 00064.826 00065.624 00065.725 00065.773
-9999.0 -9999.0 -9999.0 -9999.0 -9999.0 -9999.0 -9999.0 -9999.0 -9999.0 -9999.0 -9999.0 -9999.0 -9999.0 -9999.0 -9999.0 -9999.0 -9999.0 -9999.0 -9999.0 -9999.0 -9999.0 00047.239 00048.072 00051.331 00052.141 00055.133 00056.036 00058.429 00059.857 00061.509 00063.264 00064.000 00064.855 00065.543 00065.398 00065.328 00065.247 00064.677 00063.905 00063.029 00062.388 00060.426 00054.373 00049.852 00046.376 00045.356 00045.179 00046.801 00050.422 00055.024 00060.213 00062.336 00062.753 00063.216 00063.740 00064.285 00064.644 00065.113 00065.245 00065.283 00064.602
-9999.0 -9999.0 -9999.0 -9999.0 -9999.0 -9999.0 -9999.0 -9999.0 -9999.0 -9999.0 -9999.0 -9999.0 -9999.0 -9999.0 -9999.0 -9999.0 -9999.0 -9999.0 -9999.0 -9999.0 -9999.0 -9999.0 00046.442 00047.557 00050.327 00051.424 00053.597 00055.002 00056.657 00058.670 00059.676 00061.383 00062.686 00063.270 00064.102 00064.830 00064.772 00064.628 00064.399 00064.115 00063.662 00063.240 00062.999 00062.801 00062.646 00062.594 00062.592 00062.666 00062.827 00063.039 00063.239 00063.606 00063.920 00063.975 00064.013 00064.025 00064.211 00064.462 00063.955 00063.103 00062.480
-9999.0 -9999.0 -9999.0 -9999.0 -9999.0 -9999.0 -9999.0 -9999.0 -9999.0 -9999.0 -9999.0 -9999.0 -9999.0 -9999.0 -9999.0 -9999.0 -9999.0 -9999.0 -9999.0 -9999.0 -9999.0 -9999.0 -9999.0 00045.550 00046.921 00048.381 00050.572 00051.274 00053.903 00054.864 00056.825 00058.286 00059.028 00060.719 00061.994 00062.525 00063.162 00063.748 00064.020 00063.724 00063.535 00063.384 00063.332 00063.308 00063.291 00063.273 00063.278 00063.295 00063.312 00063.343 00063.386 00063.457 00063.543 00063.602 00063.358 00062.873 00062.323 00062.045 00061.731 00060.556 00058.918
-9999.0 -9999.0 -9999.0 -9999.0 -9999.0 -9999.0 -9999.0 -9999.0 -9999.0 -9999.0 -9999.0 -9999.0 -9999.0 -9999.0 -9999.0 -9999.0 -9999.0 -9999.0 -9999.0 -9999.0 -9999.0 -9999.0 -9999.0 -9999.0 -9999.0 00045.792 00046.710 00049.279 00050.416 00052.238 00053.682 00054.343 00056.280 00057.655 00058.348 00059.659 00060.822 00061.584 00061.761 00061.944 00062.119 00062.381 00062.584 00062.721 00062.852 00062.856 00062.866 00062.839 00062.703 00062.553 00062.387 00062.147 00061.798 00061.410 00061.110 00060.695 00059.797 00058.909 00058.011 00057.459 00056.117
-9999.0 -9999.0 -9999.0 -9999.0 -9999.0 -9999.0 -9999.0 -9999.0 -9999.0 -9999.0 -9999.0 -9999.0 -9999.0 -9999.0 -9999.0 -9999.0 -9999.0 -9999.0 -9999.0 -9999.0 -9999.0 -9999.0 -9999.0 -9999.0 -9999.0 -9999.0 00043.767 00045.969 00046.351 00049.098 00049.964 00051.900 00053.137 00053.702 00055.284 00056.572 00057.412 00057.934 00058.983 00059.349 00059.778 00060.203 00060.353 00060.451 00060.543 00060.544 00060.552 00060.538 00060.434 00060.315 00060.177 00059.851 00059.237 00058.535 00057.660 00057.088 00056.621 00055.741 00054.735 00053.495 00052.968
-9999.0 -9999.0 -9999.0 -9999.0 -9999.0 -9999.0 -9999.0 -9999.0 -9999.0 -9999.0 -9999.0 -9999.0 -9999.0 -9999.0 -9999.0 -9999.0 -9999.0 -9999.0 -9999.0 -9999.0 -9999.0 -9999.0 -9999.0 -9999.0 -9999.0 -9999.0 -9999.0 -9999.0 00044.482 00045.661 00046.022 00048.684 00049.433 00050.535 00052.172 00053.011 00053.393 00054.934 00055.665 00056.067 00056.325 00056.544 00056.731 00056.840 00057.085 00057.126 00057.140 00057.091 00056.820 00056.676 00056.509 00056.404 00056.016 00055.355 00054.650 00053.283 00052.727 00052.375 00051.627 00050.151 00049.279
-9999.0 -9999.0 -9999.0 -9999.0 -9999.0 -9999.0 -9999.0 -9999.0 -9999.0 -9999.0 -9999.0 -9999.0 -9999.0 -9999.0 -9999.0 -9999.0 -9999.0 -9999.0 -9999.0 -9999.0 -9999.0 -9999.0 -9999.0 -9999.0 -9999.0 -9999.0 -9999.0 -9999.0 -9999.0 -9999.0 00044.196 00045.228 00045.505 00047.797 00048.854 00049.159 00050.870 00051.666 00052.099 00052.185 00052.364 00052.580 00053.211 00053.644 00053.997 00054.032 00054.043 00054.017 00053.580 00053.105 00052.475 00052.411 00052.211 00051.976 00051.362 00050.664 00048.865 00048.613 00048.237 00047.443 00045.329
-9999.0 -9999.0 -9999.0 -9999.0 -9999.0 -9999.0 -9999.0 -9999.0 -9999.0 -9999.0 -9999.0 -9999.0 -9999.0 -9999.0 -9999.0 -9999.0 -9999.0 -9999.0 -9999.0 -9999.0 -9999.0 -9999.0 -9999.0 -9999.0 -9999.0 -9999.0 -9999.0 -9999.0 -9999.0 -9999.0 -9999.0 -9999.0 00043.238 00044.421 00044.994 00045.503 00047.509 00048.233 00048.288 00048.360 00048.831 00049.917 00050.292 00050.508 00050.679 00050.712 00050.718 00050.707 00050.482 00050.247 00049.756 00048.822 00048.393 00048.220 00047.981 00047.328 00046.321 00044.741 00044.532 00043.975 00041.936
-9999.0 -9999.0 -9999.0 -9999.0 -9999.0 -9999.0 -9999.0 -9999.0 -9999.0 -9999.0 -9999.0 -9999.0 -9999.0 -9999.0 -9999.0 -9999.0 -9999.0 -9999.0 -9999.0 -9999.0 -9999.0 -9999.0 -9999.0 -9999.0 -9999.0 -9999.0 -9999.0 -9999.0 -9999.0 -9999.0 -9999.0 -9999.0 -9999.0 -9999.0 -9999.0 00043.307 00044.035 00044.354 00044.398 00044.473 00046.219 00046.592 00046.872 00047.090 00047.253 00047.286 00047.290 00047.279 00047.070 00046.831 00046.517 00046.205 00044.508 00044.366 00044.219 00043.838 00043.181 -9999.0 -9999.0 -9999.0 -9999.0
-9999.0 -9999.0 -9999.0 -9999.0 -9999.0 -9999.0 -9999.0 -9999.0 -9999.0 -9999.0 -9999.0 -9999.0 -9999.0 -9999.0 -9999.0 -9999.0 -9999.0 -9999.0 -9999.0 -9999.0 -9999.0 -9999.0 -9999.0 -9999.0 -9999.0 -9999.0 -9999.0 -9999.0 -9999.0 -9999.0 -9999.0 -9999.0 -9999.0 -9999.0 -9999.0 -9999.0 -9999.0 -9999.0 -9999.0 00042.147 00042.792 00043.117 00043.343 00043.531 00043.664 00043.694 00043.697 00043.687 00043.513 00043.309 00043.046 00042.777 00042.453 -9999.0 -9999.0 -9999.0 -9999.0 -9999.0 -9999.0 -9999.0 -9999.0
