tests/Flatland_SpreadRate.asc
NCOLS 100
NROWS 100
XLLCORNER 20000.000000
YLLCORNER 20000.000000
CELLSIZE 30.000000
NODATA_VALUE -9999.0
[rows 0 to 32 of 100, columns 0 to 72 of 100]
-9999.0 -9999.0 -9999.0 -9999.0 -9999.0 -9999.0 -9999.0 -9999.0 -9999.0 -9999.0 -9999.0 -9999.0 -9999.0 -9999.0 -9999.0 -9999.0 -9999.0 -9999.0 01.11 01.17 -9999.0 -9999.0 01.17 01.21 01.24 -9999.0 -9999.0 -9999.0 01.30 01.33 01.37 -9999.0 -9999.0 -9999.0 01.40 01.40 -9999.0 01.43 01.43 -9999.0 -9999.0 01.45 01.46 01.46 01.46 01.46 -9999.0 -9999.0 01.45 01.46 01.46 01.45 -9999.0 -9999.0 -9999.0 -9999.0 01.42 01.42 01.40 -9999.0 01.38 01.37 01.36 01.34 01.31 01.31 -9999.0 01.27 01.22 -9999.0 -9999.0 -9999.0 -9999.0
-9999.0 -9999.0 -9999.0 -9999.0 -9999.0 -9999.0 -9999.0 -9999.0 -9999.0 -9999.0 -9999.0 -9999.0 -9999.0 -9999.0 00.97 01.00 01.01 01.05 01.07 01.12 01.13 01.15 01.17 01.20 01.23 01.25 01.26 01.29 01.32 01.35 01.37 01.38 01.39 01.40 01.41 01.42 01.43 01.44 01.44 01.45 01.45 01.45 01.46 01.46 01.46 01.46 01.46 01.46 01.46 01.46 01.46 01.46 01.45 01.45 01.44 01.44 01.43 01.43 01.42 01.40 01.39 01.38 01.37 01.36 01.34 01.32 01.29 01.26 01.24 01.21 01.18 01.16 01.14
-9999.0 -9999.0 -9999.0 -9999.0 -9999.0 -9999.0 -9999.0 -9999.0 -9999.0 -9999.0 -9999.0 -9999.0 -9999.0 -9999.0 00.98 01.00 01.04 01.06 01.07 01.12 01.14 01.16 01.19 01.22 01.24 01.26 01.28 01.30 01.33 01.35 01.37 01.39 01.40 01.41 01.42 01.43 01.43 01.44 01.45 01.45 01.45 01.46 01.46 01.46 01.46 01.46 01.47 01.47 01.46 01.46 01.46 01.46 01.45 01.45 01.45 01.44 01.44 01.43 01.42 01.42 01.40 01.39 01.38 01.37 01.35 01.34 01.31 01.27 01.25 01.23 01.21 01.17 01.15
-9999.0 -9999.0 -9999.0 -9999.0 -9999.0 -9999.0 -9999.0 -9999.0 -9999.0 -9999.0 -9999.0 -9999.0 -9999.0 00.97 00.99 01.02 01.05 01.07 01.10 01.13 01.15 01.18 01.21 01.23 01.25 01.27 01.30 01.31 01.33 01.36 01.38 01.40 01.41 01.42 01.42 01.43 01.43 01.44 01.45 01.45 01.45 01.46 01.46 01.46 01.46 01.46 01.46 01.46 01.46 01.46 01.46 01.46 01.46 01.45 01.45 01.44 01.44 01.43 01.42 01.42 01.41 01.40 01.39 01.38 01.36 01.34 01.31 01.29 01.26 01.24 01.22 01.19 01.16
-9999.0 -9999.0 -9999.0 -9999.0 -9999.0 -9999.0 -9999.0 -9999.0 -9999.0 -9999.0 -9999.0 -9999.0 00.95 00.97 00.99 01.03 01.05 01.09 01.12 01.14 01.17 01.19 01.22 01.24 01.27 01.29 01.31 01.32 01.34 01.36 01.39 01.40 01.41 01.42 01.42 01.43 01.44 01.44 01.44 01.45 01.45 01.45 01.45 01.45 01.45 01.45 01.45 01.45 01.45 01.45 01.45 01.45 01.45 01.45 01.44 01.44 01.44 01.43 01.42 01.42 01.41 01.40 01.40 01.39 01.37 01.34 01.31 01.30 01.28 01.25 01.23 01.21 01.18
-9999.0 -9999.0 -9999.0 -9999.0 -9999.0 -9999.0 -9999.0 -9999.0 -9999.0 -9999.0 -9999.0 00.92 00.96 00.98 01.02 01.04 01.07 01.10 01.13 01.15 01.18 01.20 01.23 01.26 01.28 01.30 01.31 01.33 01.35 01.36 01.38 01.40 01.41 01.42 01.42 01.43 01.43 01.43 01.44 01.44 01.44 01.44 01.44 01.44 01.44 01.44 01.44 01.44 01.44 01.44 01.44 01.44 01.44 01.44 01.43 01.43 01.43 01.43 01.42 01.42 01.41 01.40 01.40 01.38 01.37 01.35 01.32 01.30 01.29 01.27 01.24 01.21 01.20
-9999.0 -9999.0 -9999.0 -9999.0 -9999.0 -9999.0 -9999.0 -9999.0 -9999.0 -9999.0 -9999.0 00.95 00.96 01.00 01.03 01.04 01.08 01.11 01.14 01.17 01.19 01.21 01.24 01.27 01.28 01.30 01.32 01.34 01.35 01.36 01.37 01.39 01.40 01.41 01.42 01.42 01.42 01.42 01.43 01.43 01.42 01.35 01.30 01.26 01.23 01.21 01.20 01.19 01.21 01.24 01.29 01.34 01.40 01.43 01.43 01.42 01.42 01.42 01.41 01.41 01.41 01.40 01.39 01.38 01.37 01.35 01.33 01.31 01.29 01.28 01.26 01.23 01.20
-9999.0 -9999.0 -9999.0 -9999.0 -9999.0 -9999.0 -9999.0 -9999.0 -9999.0 -9999.0 00.93 00.95 00.97 01.01 01.03 01.07 01.09 01.11 01.15 01.18 01.20 01.23 01.25 01.27 01.29 01.31 01.33 01.33 01.34 01.36 01.37 01.38 01.39 01.40 01.41 01.41 01.41 01.35 01.25 01.16 01.10 01.12 01.13 01.13 01.14 01.14 01.14 01.14 01.14 01.13 01.13 01.12 01.10 01.13 01.22 01.31 01.41 01.41 01.40 01.40 01.40 01.40 01.39 01.38 01.36 01.35 01.33 01.32 01.30 01.28 01.26 01.24 01.21
-9999.0 -9999.0 -9999.0 -9999.0 -9999.0 -9999.0 -9999.0 -9999.0 -9999.0 -9999.0 00.93 00.95 00.99 01.02 01.05 01.08 01.09 01.13 01.16 01.18 01.21 01.24 01.26 01.27 01.30 01.31 01.32 01.33 01.34 01.35 01.36 01.37 01.38 01.39 01.38 01.25 01.13 01.10 01.12 01.13 01.13 01.14 01.15 01.15 01.15 01.16 01.16 01.16 01.16 01.15 01.15 01.14 01.14 01.13 01.12 01.11 01.09 01.21 01.33 01.39 01.39 01.39 01.38 01.37 01.36 01.34 01.33 01.32 01.31 01.29 01.27 01.25 01.22
-9999.0 -9999.0 -9999.0 -9999.0 -9999.0 -9999.0 -9999.0 -9999.0 -9999.0 00.91 00.93 00.97 01.00 01.02 01.06 01.08 01.11 01.14 01.16 01.19 01.22 01.24 01.26 01.28 01.30 01.31 01.32 01.33 01.34 01.34 01.35 01.36 01.34 01.20 01.07 01.10 01.11 01.12 01.13 01.14 01.15 01.15 01.17 01.18 01.19 01.19 01.19 01.19 01.19 01.18 01.17 01.16 01.15 01.14 01.14 01.13 01.12 01.10 01.08 01.16 01.31 01.38 01.37 01.35 01.34 01.33 01.32 01.31 01.30 01.29 01.27 01.25 01.23
-9999.0 -9999.0 -9999.0 -9999.0 -9999.0 -9999.0 -9999.0 -9999.0 -9999.0 00.92 00.93 00.97 01.00 01.04 01.07 01.09 01.12 01.15 01.17 01.20 01.23 01.25 01.27 01.28 01.29 01.30 01.32 01.32 01.33 01.33 01.33 01.22 01.05 01.08 01.10 01.12 01.13 01.14 01.15 01.18 01.19 01.20 01.20 01.21 01.21 01.22 01.22 01.22 01.22 01.21 01.21 01.20 01.19 01.18 01.16 01.14 01.13 01.12 01.11 01.09 01.07 01.16 01.31 01.34 01.33 01.32 01.32 01.31 01.30 01.29 01.27 01.25 01.23
-9999.0 -9999.0 -9999.0 -9999.0 -9999.0 -9999.0 -9999.0 -9999.0 00.90 00.92 00.95 00.98 01.00 01.05 01.07 01.10 01.13 01.15 01.18 01.21 01.23 01.25 01.27 01.28 01.29 01.30 01.31 01.31 01.31 01.32 01.14 01.05 01.08 01.10 01.12 01.13 01.16 01.18 01.19 01.20 01.21 01.22 01.22 01.23 01.23 01.23 01.24 01.24 01.23 01.23 01.22 01.22 01.21 01.20 01.19 01.18 01.17 01.14 01.12 01.11 01.10 01.07 01.03 01.22 01.31 01.31 01.31 01.31 01.30 01.28 01.27 01.26 01.24
-9999.0 -9999.0 -9999.0 -9999.0 -9999.0 -9999.0 -9999.0 -9999.0 00.90 00.92 00.96 00.98 01.02 01.05 01.08 01.11 01.14 01.16 01.19 01.21 01.23 01.25 01.26 01.27 01.28 01.29 01.30 01.30 01.30 01.08 01.04 01.06 01.08 01.11 01.15 01.17 01.18 01.19 01.20 01.22 01.23 01.25 01.26 01.26 01.27 01.27 01.27 01.27 01.27 01.26 01.26 01.25 01.24 01.22 01.21 01.20 01.19 01.17 01.16 01.13 01.11 01.09 01.06 01.03 01.17 01.30 01.30 01.29 01.29 01.28 01.27 01.26 01.24
-9999.0 -9999.0 -9999.0 -9999.0 -9999.0 -9999.0 -9999.0 00.88 00.91 00.93 00.97 00.98 01.02 01.04 01.08 01.12 01.14 01.17 01.19 01.21 01.23 01.25 01.26 01.27 01.28 01.28 01.28 01.28 01.05 01.03 01.05 01.07 01.11 01.14 01.17 01.18 01.20 01.22 01.24 01.25 01.26 01.27 01.28 01.29 01.29 01.29 01.29 01.30 01.29 01.29 01.28 01.28 01.27 01.26 01.24 01.23 01.20 01.19 01.17 01.16 01.14 01.10 01.07 01.04 01.02 01.14 01.29 01.28 01.28 01.27 01.26 01.25 01.24
-9999.0 -9999.0 -9999.0 -9999.0 -9999.0 -9999.0 -9999.0 00.88 00.90 00.94 00.97 01.00 01.03 01.05 01.09 01.11 01.15 01.18 01.20 01.22 01.23 01.24 01.25 01.26 01.27 01.27 01.27 01.03 01.02 01.04 01.06 01.10 01.12 01.15 01.18 01.21 01.23 01.25 01.26 01.27 01.28 01.29 01.30 01.31 01.32 01.32 01.32 01.32 01.32 01.31 01.30 01.29 01.29 01.28 01.26 01.25 01.24 01.22 01.19 01.17 01.15 01.12 01.08 01.05 01.03 01.01 01.13 01.27 01.26 01.26 01.26 01.25 01.24
-9999.0 -9999.0 -9999.0 -9999.0 -9999.0 -9999.0 -9999.0 00.89 00.90 00.95 00.96 01.01 01.03 01.06 01.09 01.11 01.15 01.17 01.20 01.22 01.23 01.23 01.24 01.25 01.26 01.26 01.04 01.00 01.03 01.05 01.09 01.11 01.13 01.17 01.21 01.24 01.25 01.26 01.28 01.29 01.31 01.32 01.33 01.34 01.35 01.35 01.35 01.35 01.35 01.34 01.33 01.33 01.32 01.30 01.28 01.27 01.25 01.24 01.22 01.20 01.16 01.13 01.10 01.07 01.04 01.02 00.99 01.14 01.25 01.25 01.25 01.24 01.23
-9999.0 -9999.0 -9999.0 -9999.0 -9999.0 -9999.0 00.87 00.89 00.92 00.95 00.98 01.01 01.04 01.07 01.09 01.12 01.15 01.17 01.20 01.21 01.22 01.23 01.23 01.24 01.24 01.07 00.99 01.01 01.03 01.08 01.10 01.12 01.15 01.18 01.22 01.25 01.27 01.29 01.31 01.32 01.34 01.35 01.36 01.36 01.37 01.37 01.37 01.37 01.37 01.36 01.36 01.35 01.34 01.33 01.31 01.30 01.28 01.25 01.24 01.22 01.19 01.14 01.11 01.09 01.06 01.02 01.00 00.97 01.17 01.24 01.24 01.23 01.22
-9999.0 -9999.0 -9999.0 -9999.0 -9999.0 -9999.0 00.87 00.89 00.93 00.95 00.99 01.01 01.04 01.07 01.10 01.13 01.15 01.17 01.19 01.21 01.22 01.22 01.22 01.22 01.11 00.98 01.00 01.02 01.06 01.09 01.11 01.14 01.17 01.19 01.23 01.27 01.30 01.32 01.33 01.34 01.35 01.36 01.38 01.39 01.39 01.39 01.40 01.40 01.39 01.39 01.38 01.37 01.36 01.34 01.33 01.32 01.30 01.28 01.26 01.23 01.19 01.16 01.13 01.10 01.08 01.05 01.01 00.99 00.96 01.22 01.23 01.22 01.22
-9999.0 -9999.0 -9999.0 -9999.0 -9999.0 -9999.0 00.87 00.88 00.93 00.95 00.99 01.01 01.05 01.07 01.11 01.13 01.15 01.17 01.18 01.19 01.21 01.21 01.21 01.17 00.94 00.98 01.00 01.04 01.07 01.09 01.13 01.16 01.18 01.21 01.24 01.28 01.31 01.33 01.35 01.36 01.38 01.39 01.40 01.41 01.42 01.42 01.42 01.42 01.42 01.41 01.40 01.40 01.38 01.37 01.35 01.33 01.32 01.30 01.28 01.25 01.20 01.17 01.15 01.11 01.08 01.06 01.02 00.99 00.97 01.02 01.21 01.21 01.21
-9999.0 -9999.0 -9999.0 -9999.0 -9999.0 00.83 00.86 00.90 00.93 00.97 00.99 01.02 01.05 01.07 01.10 01.13 01.15 01.16 01.17 01.18 01.19 01.20 01.20 00.98 00.96 00.98 01.02 01.05 01.07 01.12 01.15 01.17 01.20 01.23 01.26 01.29 01.32 01.35 01.37 01.39 01.40 01.41 01.42 01.42 01.43 01.43 01.43 01.43 01.43 01.42 01.42 01.41 01.40 01.39 01.37 01.36 01.34 01.31 01.29 01.26 01.21 01.18 01.15 01.13 01.10 01.06 01.04 01.00 00.98 00.95 01.10 01.20 01.20
-9999.0 -9999.0 -9999.0 -9999.0 -9999.0 00.83 00.85 00.89 00.92 00.96 00.99 01.03 01.05 01.08 01.11 01.13 01.15 01.16 01.17 01.18 01.18 01.18 01.07 00.95 00.97 00.99 01.03 01.06 01.09 01.13 01.15 01.18 01.21 01.24 01.27 01.31 01.34 01.37 01.39 01.40 01.41 01.42 01.43 01.44 01.44 01.45 01.45 01.45 01.44 01.44 01.43 01.43 01.41 01.40 01.39 01.38 01.36 01.33 01.30 01.26 01.23 01.20 01.16 01.14 01.11 01.07 01.05 01.02 00.98 00.95 00.92 01.19 01.19
-9999.0 -9999.0 -9999.0 -9999.0 -9999.0 00.83 00.85 00.89 00.91 00.96 00.99 01.03 01.05 01.08 01.11 01.13 01.15 01.15 01.16 01.17 01.17 01.17 00.91 00.95 00.97 01.01 01.04 01.07 01.10 01.13 01.17 01.20 01.22 01.25 01.28 01.32 01.35 01.37 01.40 01.41 01.42 01.43 01.44 01.45 01.46 01.46 01.46 01.46 01.46 01.45 01.45 01.44 01.43 01.41 01.40 01.39 01.37 01.34 01.31 01.27 01.24 01.21 01.18 01.15 01.12 01.09 01.05 01.03 01.00 00.96 00.94 01.03 01.17
-9999.0 -9999.0 -9999.0 -9999.0 -9999.0 00.83 00.85 00.89 00.92 00.95 00.99 01.02 01.05 01.08 01.10 01.12 01.14 01.15 01.16 01.16 01.16 01.02 00.92 00.95 00.99 01.02 01.04 01.08 01.11 01.14 01.18 01.21 01.23 01.26 01.29 01.32 01.35 01.38 01.41 01.42 01.43 01.44 01.45 01.46 01.46 01.46 01.46 01.46 01.46 01.46 01.45 01.45 01.44 01.43 01.41 01.40 01.38 01.35 01.32 01.28 01.25 01.22 01.19 01.16 01.12 01.10 01.06 01.03 01.00 00.96 00.94 00.90 01.15
-9999.0 -9999.0 -9999.0 -9999.0 -9999.0 00.83 00.86 00.89 00.92 00.94 00.98 01.01 01.04 01.08 01.10 01.12 01.13 01.14 01.15 01.15 01.14 00.89 00.92 00.94 00.99 01.02 01.06 01.09 01.11 01.15 01.18 01.21 01.25 01.27 01.29 01.32 01.35 01.39 01.41 01.43 01.43 01.44 01.45 01.46 01.46 01.46 01.47 01.47 01.46 01.46 01.45 01.45 01.44 01.43 01.42 01.41 01.38 01.35 01.32 01.28 01.26 01.23 01.20 01.17 01.14 01.10 01.07 01.04 01.01 00.98 00.94 00.91 01.00
-9999.0 -9999.0 -9999.0 -9999.0 00.80 00.83 00.86 00.88 00.92 00.94 00.98 01.00 01.04 01.06 01.09 01.11 01.12 01.13 01.14 01.13 01.02 00.90 00.92 00.96 00.99 01.03 01.07 01.09 01.13 01.16 01.19 01.22 01.25 01.28 01.30 01.32 01.35 01.38 01.41 01.43 01.44 01.44 01.45 01.46 01.46 01.46 01.47 01.47 01.46 01.46 01.45 01.45 01.44 01.43 01.42 01.41 01.38 01.35 01.31 01.28 01.26 01.24 01.21 01.17 01.14 01.11 01.08 01.05 01.01 00.98 00.94 00.91 00.87
-9999.0 -9999.0 -9999.0 -9999.0 00.80 00.82 00.86 00.88 00.92 00.94 00.98 01.00 01.03 01.05 01.08 01.10 01.11 01.12 01.13 01.12 00.89 00.90 00.92 00.97 00.99 01.03 01.06 01.10 01.13 01.16 01.19 01.23 01.25 01.28 01.30 01.32 01.34 01.37 01.40 01.43 01.44 01.44 01.45 01.45 01.45 01.46 01.46 01.46 01.45 01.45 01.45 01.44 01.44 01.43 01.42 01.40 01.37 01.34 01.31 01.29 01.26 01.24 01.21 01.18 01.15 01.12 01.08 01.05 01.02 00.98 00.95 00.91 00.89
-9999.0 -9999.0 -9999.0 -9999.0 00.80 00.82 00.86 00.87 00.92 00.94 00.97 01.00 01.03 01.05 01.07 01.09 01.10 01.11 01.11 01.07 00.88 00.90 00.94 00.97 01.00 01.04 01.07 01.11 01.14 01.17 01.20 01.22 01.25 01.28 01.30 01.32 01.33 01.36 01.39 01.42 01.43 01.43 01.44 01.44 01.44 01.45 01.45 01.45 01.45 01.44 01.44 01.43 01.43 01.42 01.41 01.40 01.36 01.32 01.31 01.29 01.27 01.24 01.21 01.18 01.15 01.12 01.09 01.05 01.02 00.98 00.95 00.91 00.89
-9999.0 -9999.0 -9999.0 -9999.0 00.80 00.81 00.85 00.88 00.91 00.94 00.97 01.00 01.02 01.04 01.06 01.07 01.09 01.09 01.10 00.95 00.88 00.90 00.94 00.97 01.01 01.03 01.07 01.11 01.14 01.17 01.20 01.22 01.25 01.28 01.29 01.31 01.32 01.33 01.37 01.40 01.42 01.42 01.43 01.42 01.36 01.34 01.31 01.31 01.35 01.40 01.43 01.42 01.42 01.41 01.40 01.38 01.34 01.31 01.30 01.28 01.27 01.24 01.21 01.19 01.15 01.12 01.09 01.05 01.02 00.98 00.95 00.93 00.89
-9999.0 -9999.0 -9999.0 -9999.0 00.79 00.81 00.85 00.88 00.91 00.94 00.97 00.99 01.02 01.04 01.06 01.06 01.07 01.07 01.08 00.84 00.88 00.91 00.95 00.97 01.01 01.03 01.07 01.10 01.14 01.18 01.20 01.22 01.25 01.27 01.28 01.30 01.31 01.32 01.35 01.38 01.36 01.26 01.16 01.10 01.12 01.13 01.13 01.13 01.12 01.10 01.13 01.23 01.33 01.39 01.38 01.36 01.32 01.31 01.29 01.27 01.26 01.24 01.21 01.18 01.16 01.12 01.09 01.06 01.02 00.99 00.95 00.93 00.89
-9999.0 -9999.0 -9999.0 -9999.0 00.79 00.80 00.85 00.88 00.90 00.94 00.96 00.99 01.02 01.03 01.05 01.05 01.06 01.06 01.05 00.84 00.87 00.91 00.94 00.98 01.01 01.04 01.08 01.10 01.14 01.17 01.20 01.22 01.24 01.26 01.28 01.29 01.30 01.31 01.34 01.15 01.07 01.11 01.12 01.14 01.14 01.15 01.15 01.15 01.15 01.14 01.13 01.11 01.09 01.13 01.26 01.34 01.31 01.29 01.28 01.26 01.25 01.23 01.21 01.18 01.16 01.13 01.09 01.06 01.02 00.99 00.95 00.93 00.89
-9999.0 -9999.0 -9999.0 -9999.0 00.78 00.80 00.84 00.87 00.90 00.93 00.96 00.99 01.01 01.03 01.04 01.05 01.05 01.05 00.97 00.83 00.86 00.91 00.93 00.98 01.01 01.04 01.07 01.10 01.13 01.16 01.19 01.21 01.23 01.25 01.26 01.27 01.28 01.27 01.07 01.07 01.10 01.13 01.14 01.15 01.16 01.16 01.17 01.17 01.16 01.15 01.14 01.13 01.12 01.09 01.06 01.15 01.29 01.28 01.26 01.26 01.24 01.22 01.20 01.18 01.15 01.12 01.08 01.06 01.02 00.99 00.96 00.93 00.89
-9999.0 -9999.0 -9999.0 -9999.0 00.78 00.80 00.83 00.87 00.89 00.93 00.95 00.98 01.00 01.02 01.03 01.04 01.04 01.04 00.90 00.83 00.85 00.89 00.93 00.97 01.01 01.05 01.07 01.10 01.13 01.15 01.18 01.20 01.22 01.24 01.25 01.26 01.25 01.02 01.03 01.07 01.11 01.14 01.17 01.19 01.20 01.21 01.21 01.21 01.20 01.19 01.18 01.15 01.13 01.10 01.07 01.02 01.12 01.26 01.25 01.24 01.23 01.21 01.19 01.17 01.14 01.12 01.08 01.05 01.03 00.99 00.96 00.92 00.89
-9999.0 -9999.0 -9999.0 -9999.0 00.78 00.80 00.83 00.86 00.88 00.92 00.94 00.97 00.99 01.01 01.03 01.03 01.03 01.03 00.84 00.82 00.85 00.88 00.92 00.96 00.99 01.04 01.07 01.10 01.13 01.15 01.17 01.19 01.21 01.22 01.23 01.24 01.02 01.00 01.03 01.07 01.14 01.17 01.20 01.21 01.22 01.23 01.23 01.23 01.22 01.21 01.20 01.18 01.16 01.12 01.06 01.02 00.99 01.13 01.23 01.22 01.21 01.20 01.18 01.16 01.13 01.11 01.08 01.05 01.02 00.98 00.95 00.90 00.87
