tests/Flatland_Intensity.asc
NCOLS 100
NROWS 100
XLLCORNER 20000.000000
YLLCORNER 20000.000000
CELLSIZE 30.000000
NODATA_VALUE -9999.0
[rows 0 to 26 of 100, columns 0 to 60 of 100]
-9999.0 -9999.0 -9999.0 -9999.0 -9999.0 -9999.0 -9999.0 -9999.0 -9999.0 -9999.0 -9999.0 -9999.0 -9999.0 -9999.0 -9999.0 -9999.0 -9999.0 -9999.0 00095.826 00101.534 -9999.0 -9999.0 00104.339 00108.200 00111.978 -9999.0 -9999.0 -9999.0 00119.968 00123.506 00127.524 -9999.0 -9999.0 -9999.0 00132.168 00132.615 -9999.0 00135.987 00136.086 -9999.0 -9999.0 00139.075 00139.376 00139.619 00139.761 00139.846 -9999.0 -9999.0 00138.887 00139.545 00139.385 00139.185 -9999.0 -9999.0 -9999.0 -9999.0 00135.143 00134.920 00132.701 -9999.0 00129.451
-9999.0 -9999.0 -9999.0 -9999.0 -9999.0 -9999.0 -9999.0 -9999.0 -9999.0 -9999.0 -9999.0 -9999.0 -9999.0 -9999.0 00081.210 00084.138 00085.458 00090.318 00093.429 00097.348 00099.692 00102.733 00104.308 00107.961 00111.542 00114.228 00116.107 00119.115 00122.801 00126.316 00128.656 00130.004 00131.514 00133.051 00134.385 00135.671 00136.914 00137.775 00138.262 00138.655 00139.009 00139.355 00139.674 00139.938 00140.090 00140.179 00140.237 00140.247 00140.082 00139.865 00139.694 00139.483 00139.198 00138.767 00138.294 00137.827 00137.284 00136.182 00134.866 00133.386 00131.827
-9999.0 -9999.0 -9999.0 -9999.0 -9999.0 -9999.0 -9999.0 -9999.0 -9999.0 -9999.0 -9999.0 -9999.0 -9999.0 -9999.0 00082.613 00084.570 00089.417 00092.356 00093.652 00098.775 00101.664 00103.533 00107.314 00110.741 00113.519 00115.713 00119.045 00121.993 00124.707 00127.541 00130.050 00132.031 00133.595 00135.132 00136.156 00136.733 00137.362 00137.987 00138.534 00138.945 00139.323 00139.678 00140.006 00140.284 00140.437 00140.530 00140.580 00140.589 00140.449 00140.234 00140.038 00139.814 00139.529 00139.053 00138.558 00138.069 00137.565 00137.059 00136.366 00135.392 00133.892
-9999.0 -9999.0 -9999.0 -9999.0 -9999.0 -9999.0 -9999.0 -9999.0 -9999.0 -9999.0 -9999.0 -9999.0 -9999.0 00081.101 00083.306 00087.826 00091.290 00092.973 00097.317 00100.550 00102.431 00106.434 00109.915 00112.480 00115.045 00118.594 00121.620 00123.871 00125.609 00128.815 00131.737 00133.997 00134.994 00135.727 00136.339 00136.938 00137.587 00138.232 00138.823 00139.233 00139.619 00139.780 00139.900 00140.036 00140.043 00140.058 00140.044 00140.011 00139.969 00139.921 00139.885 00139.857 00139.839 00139.329 00138.830 00138.341 00137.825 00137.293 00136.517 00135.750 00135.034
-9999.0 -9999.0 -9999.0 -9999.0 -9999.0 -9999.0 -9999.0 -9999.0 -9999.0 -9999.0 -9999.0 -9999.0 00079.657 00082.258 00083.780 00089.449 00091.787 00096.333 00099.411 00101.435 00105.184 00108.821 00111.614 00114.211 00118.017 00121.058 00123.049 00125.144 00127.348 00129.953 00132.685 00134.484 00135.114 00135.881 00136.558 00137.156 00137.795 00138.220 00138.418 00138.495 00138.568 00138.585 00138.644 00138.758 00138.729 00138.723 00138.697 00138.653 00138.628 00138.615 00138.625 00138.651 00138.667 00138.425 00138.298 00138.216 00138.062 00137.474 00136.692 00135.906 00135.187
-9999.0 -9999.0 -9999.0 -9999.0 -9999.0 -9999.0 -9999.0 -9999.0 -9999.0 -9999.0 -9999.0 00075.229 00081.007 00082.573 00087.747 00090.415 00093.586 00097.966 00100.474 00103.717 00107.573 00110.345 00113.132 00116.976 00120.348 00122.237 00124.394 00126.709 00128.945 00129.858 00132.140 00134.210 00135.234 00135.989 00136.638 00136.693 00136.816 00136.980 00137.086 00137.098 00137.103 00137.121 00137.195 00137.343 00137.327 00137.329 00137.309 00137.269 00137.233 00137.200 00137.193 00137.201 00137.167 00136.966 00136.952 00136.966 00136.958 00136.796 00136.553 00136.045 00135.356
-9999.0 -9999.0 -9999.0 -9999.0 -9999.0 -9999.0 -9999.0 -9999.0 -9999.0 -9999.0 -9999.0 00079.441 00081.552 00086.105 00089.262 00090.755 00095.990 00098.826 00102.031 00106.318 00109.216 00111.787 00115.646 00119.074 00121.208 00123.623 00125.892 00127.942 00128.982 00130.057 00131.602 00133.585 00134.693 00135.214 00135.447 00135.375 00135.344 00135.480 00135.638 00135.710 00134.530 00125.303 00117.423 00112.639 00108.188 00105.399 00103.413 00102.001 00104.876 00109.849 00115.816 00122.916 00131.086 00135.572 00135.537 00135.506 00135.480 00135.393 00135.275 00135.117 00135.084
-9999.0 -9999.0 -9999.0 -9999.0 -9999.0 -9999.0 -9999.0 -9999.0 -9999.0 -9999.0 00077.304 00080.373 00081.978 00087.624 00089.646 00094.218 00097.344 00099.378 00104.469 00108.136 00110.405 00114.281 00117.660 00119.836 00122.419 00124.995 00126.889 00127.806 00128.910 00130.168 00131.809 00132.577 00133.267 00133.803 00133.918 00133.943 00133.935 00124.956 00111.294 00099.632 00090.134 00092.911 00094.166 00094.716 00095.109 00095.362 00095.526 00095.623 00095.322 00094.850 00094.318 00093.689 00091.228 00094.870 00107.448 00120.504 00134.041 00133.931 00133.753 00133.705 00133.822
-9999.0 -9999.0 -9999.0 -9999.0 -9999.0 -9999.0 -9999.0 -9999.0 -9999.0 -9999.0 00078.347 00080.536 00085.651 00088.446 00091.943 00095.798 00097.874 00102.314 00106.041 00108.808 00112.971 00116.221 00118.435 00120.937 00123.601 00125.669 00126.758 00127.717 00128.737 00129.620 00130.275 00130.924 00131.559 00132.258 00129.956 00112.340 00095.663 00091.120 00093.355 00094.529 00095.455 00096.304 00096.940 00097.360 00097.636 00097.812 00097.922 00097.978 00097.752 00097.416 00097.055 00096.618 00095.797 00094.805 00093.667 00092.479 00090.390 00107.026 00123.917 00132.312 00132.362
-9999.0 -9999.0 -9999.0 -9999.0 -9999.0 -9999.0 -9999.0 -9999.0 -9999.0 00076.076 00078.884 00082.778 00086.991 00088.662 00093.933 00096.571 00100.071 00104.053 00106.796 00110.628 00114.681 00117.097 00119.498 00122.064 00124.149 00125.387 00126.583 00127.604 00128.039 00128.226 00128.455 00129.172 00125.741 00106.502 00087.770 00091.918 00093.380 00094.779 00095.890 00096.776 00097.414 00098.008 00099.586 00100.857 00101.946 00102.601 00102.789 00102.904 00102.529 00101.354 00099.935 00098.262 00097.640 00096.902 00096.120 00095.267 00093.927 00092.293 00089.510 00101.047 00121.152
-9999.0 -9999.0 -9999.0 -9999.0 -9999.0 -9999.0 -9999.0 -9999.0 -9999.0 00077.045 00078.888 00084.271 00087.087 00091.746 00095.079 00097.300 00102.116 00105.204 00108.272 00112.467 00115.689 00118.012 00120.631 00122.746 00123.766 00125.064 00126.312 00126.806 00126.732 00126.591 00126.729 00110.663 00086.291 00090.701 00092.862 00094.473 00095.463 00096.445 00098.599 00101.532 00102.557 00103.532 00104.457 00105.113 00105.586 00105.876 00106.003 00106.072 00105.787 00105.248 00104.664 00103.921 00102.945 00101.757 00099.624 00096.832 00095.821 00094.655 00093.270 00091.569 00088.624
-9999.0 -9999.0 -9999.0 -9999.0 -9999.0 -9999.0 -9999.0 -9999.0 00075.003 00077.699 00081.370 00085.211 00087.303 00092.847 00095.418 00099.904 00103.631 00106.105 00110.216 00113.576 00116.266 00119.097 00121.468 00122.470 00123.518 00124.683 00125.325 00125.403 00125.251 00125.127 00100.458 00087.348 00090.490 00092.854 00094.660 00096.188 00100.012 00101.631 00103.120 00104.575 00105.326 00106.011 00106.652 00107.172 00107.520 00107.767 00108.115 00108.350 00107.653 00107.232 00106.838 00106.330 00105.563 00104.699 00103.576 00102.235 00100.526 00097.338 00094.913 00093.770 00092.236
-9999.0 -9999.0 -9999.0 -9999.0 -9999.0 -9999.0 -9999.0 -9999.0 00075.873 00077.870 00082.937 00085.371 00089.865 00093.256 00096.777 00101.358 00104.273 00108.145 00111.858 00114.020 00116.914 00120.023 00121.159 00122.208 00123.253 00123.640 00123.786 00123.831 00123.206 00093.469 00086.774 00089.302 00091.783 00094.664 00099.076 00101.210 00102.972 00104.095 00105.168 00106.306 00108.274 00109.989 00111.113 00111.900 00112.438 00112.779 00113.001 00113.135 00112.657 00112.037 00111.400 00110.572 00108.999 00106.842 00105.520 00104.595 00103.280 00101.614 00099.734 00096.744 00093.809
-9999.0 -9999.0 -9999.0 -9999.0 -9999.0 -9999.0 -9999.0 00073.158 00076.460 00079.566 00084.069 00085.811 00090.956 00093.294 00098.229 00102.239 00105.462 00109.650 00112.478 00114.941 00117.492 00119.440 00120.862 00121.910 00122.452 00122.309 00122.112 00120.819 00089.146 00086.243 00088.745 00090.472 00095.220 00098.965 00101.541 00103.337 00104.602 00107.184 00109.423 00111.013 00112.324 00113.491 00114.289 00114.917 00115.339 00115.582 00115.737 00115.823 00115.446 00114.984 00114.520 00113.916 00112.766 00111.393 00109.893 00108.079 00105.137 00103.547 00102.264 00100.575 00098.176
-9999.0 -9999.0 -9999.0 -9999.0 -9999.0 -9999.0 -9999.0 00074.101 00076.399 00081.356 00084.252 00088.608 00091.711 00094.740 00099.161 00102.254 00107.071 00110.613 00113.096 00115.798 00117.808 00118.709 00120.282 00121.268 00121.153 00120.841 00120.115 00087.579 00085.392 00088.048 00089.729 00094.524 00097.344 00100.347 00102.877 00106.966 00109.139 00110.977 00112.568 00113.627 00114.635 00115.554 00116.733 00117.870 00118.583 00119.103 00119.427 00119.638 00118.925 00118.051 00117.070 00115.872 00115.064 00113.965 00112.805 00111.414 00109.614 00107.684 00104.458 00102.409 00100.306
-9999.0 -9999.0 -9999.0 -9999.0 -9999.0 -9999.0 -9999.0 00074.822 00076.386 00082.140 00084.117 00089.610 00092.043 00096.516 00099.915 00103.150 00107.704 00110.896 00113.746 00116.558 00117.500 00118.410 00119.492 00119.924 00119.668 00119.447 00089.201 00084.133 00086.914 00088.882 00093.919 00096.722 00098.604 00102.610 00106.948 00109.996 00111.750 00113.129 00114.678 00116.703 00118.625 00119.994 00121.248 00122.211 00122.774 00123.231 00123.506 00123.674 00123.042 00122.308 00121.479 00120.496 00119.234 00117.343 00115.214 00113.393 00112.105 00110.632 00108.478 00106.293 00101.635
-9999.0 -9999.0 -9999.0 -9999.0 -9999.0 -9999.0 00072.363 00075.125 00079.431 00082.482 00086.547 00090.067 00093.129 00097.754 00100.421 00104.532 00107.854 00110.885 00114.267 00116.080 00117.192 00118.132 00118.154 00118.046 00118.268 00093.431 00082.885 00085.617 00087.585 00092.920 00095.915 00097.798 00101.920 00105.026 00108.858 00111.541 00114.263 00116.881 00119.000 00120.675 00122.326 00123.383 00124.365 00125.151 00125.571 00125.922 00126.126 00126.240 00125.725 00125.172 00124.543 00123.816 00122.777 00121.177 00119.392 00117.392 00115.061 00112.305 00110.759 00108.758 00105.207
-9999.0 -9999.0 -9999.0 -9999.0 -9999.0 -9999.0 00072.862 00075.081 00080.262 00082.557 00087.347 00090.119 00094.514 00098.459 00101.659 00105.672 00108.163 00110.836 00113.961 00115.511 00116.725 00117.375 00116.946 00116.351 00099.655 00081.551 00084.427 00086.341 00091.442 00094.570 00096.805 00101.042 00104.250 00106.476 00110.209 00114.914 00118.209 00120.342 00121.998 00123.327 00124.562 00126.047 00127.456 00128.647 00129.253 00129.766 00130.045 00130.227 00129.503 00128.715 00127.772 00126.713 00125.111 00123.657 00122.274 00120.774 00118.766 00116.288 00113.613 00109.888 00106.560
-9999.0 -9999.0 -9999.0 -9999.0 -9999.0 -9999.0 00073.061 00075.119 00080.935 00083.255 00088.133 00090.243 00095.370 00098.457 00102.880 00106.324 00108.609 00111.373 00112.762 00114.574 00116.126 00116.047 00115.664 00109.883 00078.016 00082.871 00085.124 00090.011 00093.110 00095.270 00099.960 00103.179 00105.534 00108.840 00112.935 00116.908 00120.453 00122.309 00124.560 00126.634 00128.376 00129.862 00131.212 00132.407 00132.971 00133.444 00133.631 00133.739 00133.167 00132.438 00131.538 00130.553 00128.930 00127.114 00125.105 00122.909 00121.183 00119.244 00116.489 00113.015 00107.381
-9999.0 -9999.0 -9999.0 -9999.0 -9999.0 00069.463 00072.728 00077.427 00080.734 00085.224 00088.462 00092.048 00096.179 00099.036 00103.382 00106.366 00109.069 00111.528 00112.420 00113.211 00114.297 00114.144 00114.364 00083.995 00080.665 00083.199 00088.109 00091.512 00093.901 00098.647 00102.008 00104.287 00108.023 00111.940 00115.433 00118.952 00122.372 00125.561 00128.077 00130.132 00131.599 00132.675 00133.666 00134.584 00134.974 00135.334 00135.556 00135.701 00135.031 00134.545 00133.916 00133.247 00131.980 00130.534 00128.596 00126.555 00124.055 00121.020 00118.189 00115.333 00110.271
-9999.0 -9999.0 -9999.0 -9999.0 -9999.0 00069.432 00071.997 00077.350 00080.238 00085.472 00088.512 00093.091 00096.466 00100.151 00104.011 00106.570 00109.404 00111.022 00111.986 00112.874 00112.867 00112.371 00096.569 00079.072 00081.827 00084.784 00089.551 00092.129 00096.662 00100.336 00103.067 00106.828 00110.570 00113.809 00117.001 00121.510 00125.412 00128.509 00130.615 00132.150 00133.348 00134.637 00135.796 00136.892 00137.385 00137.801 00138.017 00138.149 00137.457 00136.898 00136.133 00135.275 00133.762 00132.326 00130.954 00129.574 00127.275 00124.099 00120.535 00116.384 00112.969
-9999.0 -9999.0 -9999.0 -9999.0 -9999.0 00069.678 00071.667 00077.012 00079.515 00085.498 00088.272 00093.783 00096.695 00100.989 00104.168 00106.927 00109.620 00110.513 00111.473 00111.848 00111.445 00111.015 00074.676 00079.846 00082.401 00087.615 00090.457 00094.151 00098.186 00101.166 00105.202 00109.247 00112.248 00115.335 00119.317 00123.622 00127.299 00129.754 00132.382 00134.196 00135.584 00136.889 00138.052 00139.156 00139.675 00139.924 00139.991 00140.040 00139.707 00139.267 00138.452 00137.476 00135.953 00134.455 00132.813 00131.085 00129.281 00126.516 00123.100 00118.396 00113.869
-9999.0 -9999.0 -9999.0 -9999.0 -9999.0 00069.917 00071.806 00077.223 00080.616 00084.618 00088.884 00093.644 00097.216 00101.711 00104.206 00107.093 00109.104 00110.009 00110.944 00110.627 00110.079 00091.553 00077.161 00079.993 00085.210 00088.856 00091.322 00095.997 00099.031 00102.763 00107.243 00110.788 00113.876 00117.685 00121.414 00124.394 00128.168 00131.425 00134.325 00136.213 00137.425 00138.147 00138.881 00139.588 00139.968 00140.236 00140.310 00140.353 00139.998 00139.641 00139.182 00138.520 00137.556 00136.487 00134.864 00133.066 00130.728 00127.494 00124.205 00120.203 00116.021
-9999.0 -9999.0 -9999.0 -9999.0 -9999.0 00070.038 00074.009 00077.084 00081.215 00084.227 00088.340 00092.701 00096.787 00101.483 00104.533 00107.107 00108.441 00109.487 00109.904 00109.302 00108.741 00072.956 00077.945 00080.210 00085.870 00089.116 00093.871 00097.162 00100.047 00104.727 00108.531 00111.968 00116.192 00119.700 00122.144 00125.030 00129.059 00132.926 00135.235 00136.707 00137.597 00138.353 00139.116 00139.869 00140.299 00140.587 00140.664 00140.698 00140.332 00139.921 00139.331 00138.643 00137.725 00136.758 00135.875 00134.848 00132.157 00128.855 00124.643 00121.032 00117.939
-9999.0 -9999.0 -9999.0 -9999.0 00066.075 00069.735 00074.144 00076.919 00081.358 00084.071 00088.738 00091.809 00096.597 00100.000 00103.795 00106.453 00107.723 00108.808 00108.796 00108.087 00092.652 00075.422 00078.222 00083.045 00086.356 00090.256 00095.154 00097.573 00102.140 00106.097 00109.297 00113.852 00117.953 00120.464 00123.203 00126.108 00129.327 00132.544 00134.938 00136.846 00137.804 00138.646 00139.417 00140.041 00140.388 00140.633 00140.639 00140.614 00140.439 00140.190 00139.555 00138.819 00138.044 00137.040 00135.967 00134.892 00132.439 00129.545 00125.169 00121.754 00118.984
-9999.0 -9999.0 -9999.0 -9999.0 00066.776 00069.325 00074.109 00076.622 00081.469 00083.832 00088.922 00091.805 00096.541 00099.505 00102.747 00105.422 00106.675 00107.840 00107.495 00106.887 00074.627 00076.098 00078.352 00083.858 00086.531 00091.429 00095.175 00099.226 00103.636 00106.771 00110.990 00115.251 00118.344 00121.528 00124.303 00126.576 00128.126 00131.550 00134.580 00136.994 00137.804 00138.276 00138.666 00138.947 00139.188 00139.408 00139.406 00139.366 00139.228 00139.012 00138.625 00138.254 00137.896 00137.129 00136.043 00134.686 00131.804 00128.497 00125.686 00122.698 00119.743
-9999.0 -9999.0 -9999.0 -9999.0 00066.791 00069.088 00074.063 00076.126 00081.556 00084.257 00089.044 00092.065 00096.476 00099.083 00102.269 00104.219 00105.589 00106.237 00105.998 00099.950 00073.484 00076.427 00081.014 00084.335 00088.038 00092.264 00095.625 00100.722 00104.340 00108.154 00112.358 00115.545 00118.871 00122.255 00124.724 00126.121 00127.645 00130.282 00133.695 00135.921 00136.531 00136.886 00137.233 00137.456 00137.701 00137.943 00137.964 00137.924 00137.752 00137.493 00137.145 00136.860 00136.571 00136.028 00135.594 00134.088 00130.861 00127.100 00125.119 00123.584 00120.698
