tests/Flatland_ReactionIntensity.asc
NCOLS 100
NROWS 100
XLLCORNER 20000.000000
YLLCORNER 20000.000000
CELLSIZE 30.000000
NODATA_VALUE -9999.0
[rows 0 to 26 of 100, columns 0 to 60 of 100]
-9999.0 -9999.0 -9999.0 -9999.0 -9999.0 -9999.0 -9999.0 -9999.0 -9999.0 -9999.0 -9999.0 -9999.0 -9999.0 -9999.0 -9999.0 -9999.0 -9999.0 -9999.0 00625.901 00624.424 -9999.0 -9999.0 00644.020 00647.287 00652.088 -9999.0 -9999.0 -9999.0 00669.563 00674.112 00673.967 -9999.0 -9999.0 -9999.0 00685.623 00685.106 -9999.0 00690.406 00689.554 -9999.0 -9999.0 00694.136 00694.208 00694.273 00694.329 00694.363 -9999.0 -9999.0 00691.324 00694.310 00694.239 00694.157 -9999.0 -9999.0 -9999.0 -9999.0 00689.442 00688.496 00686.230 -9999.0 00681.381
-9999.0 -9999.0 -9999.0 -9999.0 -9999.0 -9999.0 -9999.0 -9999.0 -9999.0 -9999.0 -9999.0 -9999.0 -9999.0 -9999.0 00604.620 00610.687 00613.866 00625.229 00630.607 00632.416 00641.021 00645.610 00648.004 00653.782 00659.584 00663.863 00666.650 00671.690 00676.708 00680.846 00682.806 00684.464 00686.437 00688.508 00690.338 00692.003 00693.469 00694.181 00694.341 00694.480 00694.606 00694.738 00694.830 00694.906 00694.974 00695.012 00695.039 00695.060 00695.027 00694.949 00694.864 00694.768 00694.646 00694.532 00694.402 00694.232 00693.924 00692.512 00690.898 00689.098 00687.135
-9999.0 -9999.0 -9999.0 -9999.0 -9999.0 -9999.0 -9999.0 -9999.0 -9999.0 -9999.0 -9999.0 -9999.0 -9999.0 -9999.0 00610.021 00613.480 00624.341 00630.343 00632.403 00640.945 00645.714 00648.055 00654.586 00660.323 00664.421 00667.512 00673.522 00678.381 00682.158 00684.430 00686.602 00688.934 00691.029 00692.991 00694.162 00694.388 00694.579 00694.780 00694.976 00695.138 00695.289 00695.428 00695.520 00695.591 00695.656 00695.692 00695.717 00695.738 00695.705 00695.631 00695.550 00695.457 00695.337 00695.204 00695.042 00694.842 00694.639 00694.455 00694.235 00693.520 00691.698
-9999.0 -9999.0 -9999.0 -9999.0 -9999.0 -9999.0 -9999.0 -9999.0 -9999.0 -9999.0 -9999.0 -9999.0 -9999.0 00607.952 00612.942 00623.229 00629.356 00632.111 00640.279 00645.403 00648.044 00654.706 00660.607 00664.816 00668.502 00674.745 00679.765 00682.973 00685.392 00688.588 00691.126 00693.276 00694.245 00694.503 00694.746 00695.015 00695.244 00695.456 00695.648 00695.800 00695.943 00695.682 00695.342 00695.094 00694.866 00694.738 00694.645 00694.580 00694.702 00694.952 00695.242 00695.574 00695.990 00695.865 00695.704 00695.517 00695.317 00695.101 00694.832 00694.575 00694.328
-9999.0 -9999.0 -9999.0 -9999.0 -9999.0 -9999.0 -9999.0 -9999.0 -9999.0 -9999.0 -9999.0 -9999.0 00605.741 00612.213 00615.178 00628.064 00631.746 00639.460 00644.735 00647.778 00654.397 00660.629 00664.887 00669.093 00675.496 00680.742 00683.609 00686.455 00689.717 00692.688 00694.251 00694.532 00694.834 00695.136 00695.414 00695.665 00695.889 00695.623 00694.927 00694.401 00693.895 00693.338 00692.864 00692.537 00692.237 00692.063 00691.939 00691.852 00692.023 00692.353 00692.739 00693.188 00693.729 00694.162 00694.751 00695.400 00695.958 00695.746 00695.493 00695.229 00694.926
-9999.0 -9999.0 -9999.0 -9999.0 -9999.0 -9999.0 -9999.0 -9999.0 -9999.0 -9999.0 -9999.0 00593.837 00610.571 00613.920 00626.129 00631.170 00636.730 00643.838 00647.411 00653.119 00660.149 00664.870 00669.174 00675.767 00681.361 00684.010 00687.263 00690.626 00693.720 00694.418 00694.822 00695.164 00695.480 00695.771 00695.806 00694.933 00694.127 00693.312 00692.383 00691.667 00691.009 00690.469 00690.032 00689.750 00689.489 00689.333 00689.222 00689.145 00689.303 00689.590 00689.931 00690.332 00690.810 00691.338 00692.152 00693.014 00693.881 00694.654 00695.534 00695.864 00695.569
-9999.0 -9999.0 -9999.0 -9999.0 -9999.0 -9999.0 -9999.0 -9999.0 -9999.0 -9999.0 -9999.0 00607.854 00613.047 00623.985 00630.468 00632.791 00642.531 00646.971 00651.444 00659.290 00664.427 00668.817 00675.779 00681.413 00684.239 00687.781 00691.261 00694.138 00694.544 00694.981 00695.426 00695.793 00695.624 00694.595 00693.599 00692.453 00691.352 00690.491 00689.683 00689.030 00685.970 00666.712 00650.246 00640.076 00630.921 00625.178 00621.125 00618.285 00624.257 00634.563 00646.900 00661.589 00678.701 00688.737 00689.473 00690.231 00691.034 00692.089 00693.251 00694.274 00695.312
-9999.0 -9999.0 -9999.0 -9999.0 -9999.0 -9999.0 -9999.0 -9999.0 -9999.0 -9999.0 00604.971 00612.072 00615.212 00628.410 00632.066 00640.801 00646.190 00649.152 00658.204 00663.865 00667.825 00675.192 00681.367 00684.265 00687.950 00691.681 00694.206 00694.641 00695.122 00695.576 00695.963 00694.547 00693.427 00692.048 00690.809 00689.787 00688.799 00669.248 00640.283 00615.817 00596.131 00602.879 00605.552 00606.359 00607.094 00607.566 00607.899 00608.132 00607.627 00606.798 00605.804 00604.601 00598.774 00606.137 00632.382 00659.783 00688.365 00689.472 00690.484 00691.647 00693.011
-9999.0 -9999.0 -9999.0 -9999.0 -9999.0 -9999.0 -9999.0 -9999.0 -9999.0 -9999.0 00609.230 00613.682 00625.824 00631.204 00637.741 00644.797 00648.126 00656.399 00663.146 00666.892 00674.265 00680.625 00684.074 00687.954 00691.739 00694.243 00694.708 00695.219 00695.698 00695.462 00693.975 00692.121 00690.685 00689.478 00683.055 00645.440 00610.244 00601.398 00606.150 00608.199 00609.883 00611.428 00612.423 00612.851 00613.245 00613.506 00613.688 00613.816 00613.530 00613.084 00612.546 00611.872 00610.526 00608.907 00606.814 00604.603 00598.948 00634.299 00670.519 00689.139 00690.323
-9999.0 -9999.0 -9999.0 -9999.0 -9999.0 -9999.0 -9999.0 -9999.0 -9999.0 00605.243 00612.380 00621.266 00630.136 00632.712 00642.694 00647.201 00653.616 00661.264 00665.958 00673.002 00679.605 00683.648 00687.480 00691.618 00694.247 00694.729 00695.281 00695.773 00695.085 00693.458 00691.458 00689.723 00679.371 00636.382 00595.744 00605.625 00608.428 00610.964 00612.635 00613.784 00614.683 00615.521 00618.498 00620.726 00622.835 00624.110 00624.413 00624.635 00624.126 00621.905 00619.097 00615.769 00615.049 00614.128 00613.008 00611.735 00609.330 00606.496 00600.433 00624.225 00667.338
-9999.0 -9999.0 -9999.0 -9999.0 -9999.0 -9999.0 -9999.0 -9999.0 -9999.0 00609.338 00613.801 00626.714 00631.699 00640.369 00646.133 00649.578 00659.000 00664.747 00670.505 00678.119 00683.102 00686.805 00691.101 00694.206 00694.730 00695.288 00695.811 00694.848 00693.034 00690.928 00689.165 00651.354 00596.785 00606.191 00609.494 00612.293 00613.792 00615.204 00619.045 00624.474 00625.983 00627.412 00628.765 00629.525 00630.183 00630.614 00630.777 00630.898 00630.614 00629.874 00628.995 00627.844 00626.641 00624.992 00621.094 00615.623 00614.271 00612.750 00610.503 00607.168 00600.543
-9999.0 -9999.0 -9999.0 -9999.0 -9999.0 -9999.0 -9999.0 -9999.0 00604.908 00612.335 00621.736 00630.404 00633.774 00643.984 00647.951 00656.350 00663.335 00667.755 00676.005 00682.170 00685.899 00690.406 00694.130 00694.656 00695.261 00695.814 00694.788 00692.778 00690.622 00688.736 00632.795 00604.195 00609.280 00612.518 00614.318 00616.675 00624.294 00626.764 00628.820 00630.722 00631.548 00632.311 00633.026 00633.460 00633.806 00634.120 00634.663 00635.071 00634.092 00633.635 00633.172 00632.549 00631.916 00630.994 00629.468 00627.478 00625.089 00619.295 00614.823 00613.040 00610.426
-9999.0 -9999.0 -9999.0 -9999.0 -9999.0 -9999.0 -9999.0 -9999.0 00608.788 00613.686 00626.596 00631.731 00640.763 00646.562 00652.258 00660.903 00665.982 00673.508 00680.866 00684.596 00689.303 00693.773 00694.572 00695.178 00695.761 00694.813 00692.750 00690.481 00687.030 00619.682 00605.874 00610.826 00613.899 00617.712 00625.040 00627.897 00630.533 00631.875 00632.993 00634.141 00637.010 00639.547 00641.043 00641.880 00642.491 00642.947 00643.254 00643.477 00642.931 00642.171 00641.326 00640.214 00638.280 00635.089 00633.341 00632.292 00630.970 00628.790 00625.895 00620.309 00614.731
-9999.0 -9999.0 -9999.0 -9999.0 -9999.0 -9999.0 -9999.0 00602.957 00612.023 00619.406 00630.219 00633.528 00644.063 00648.165 00657.496 00664.355 00670.153 00678.252 00683.422 00687.819 00692.445 00694.446 00695.072 00695.673 00695.071 00692.911 00690.467 00685.056 00612.151 00606.745 00611.983 00614.674 00623.444 00628.172 00630.882 00632.412 00633.846 00637.754 00640.875 00642.791 00644.395 00645.760 00646.661 00647.204 00647.571 00647.855 00648.044 00648.183 00647.836 00647.369 00646.842 00646.170 00645.048 00643.317 00641.510 00639.155 00634.758 00632.900 00631.331 00628.902 00625.630
-9999.0 -9999.0 -9999.0 -9999.0 -9999.0 -9999.0 -9999.0 00607.239 00613.258 00625.757 00631.552 00640.500 00646.518 00652.416 00661.509 00666.674 00675.443 00682.072 00686.048 00690.969 00694.267 00694.883 00695.550 00695.409 00693.287 00690.721 00687.287 00611.367 00607.114 00612.392 00615.235 00625.102 00629.512 00632.290 00634.282 00639.367 00642.298 00644.613 00646.493 00647.647 00648.676 00649.504 00651.064 00652.538 00653.478 00654.221 00654.692 00655.058 00654.132 00652.941 00651.556 00649.842 00649.034 00647.988 00646.885 00645.349 00643.009 00640.501 00635.741 00632.873 00631.126
-9999.0 -9999.0 -9999.0 -9999.0 -9999.0 -9999.0 -9999.0 00610.566 00614.478 00629.058 00632.709 00643.616 00648.042 00657.390 00664.403 00670.995 00679.549 00684.357 00689.231 00693.950 00694.664 00695.354 00695.973 00693.758 00691.086 00688.778 00617.630 00607.158 00612.460 00615.539 00625.890 00630.599 00632.956 00638.030 00642.690 00645.387 00647.252 00648.699 00650.475 00653.413 00656.123 00657.810 00659.378 00660.591 00661.333 00661.931 00662.307 00662.602 00661.843 00660.893 00659.775 00658.435 00656.788 00654.327 00651.490 00649.137 00647.723 00646.141 00643.397 00640.369 00634.860
-9999.0 -9999.0 -9999.0 -9999.0 -9999.0 -9999.0 00604.797 00612.540 00624.040 00631.035 00639.466 00646.155 00651.530 00661.205 00666.619 00675.548 00682.449 00687.007 00692.190 00694.444 00695.119 00695.796 00694.427 00691.737 00689.165 00629.761 00606.328 00612.309 00615.571 00626.193 00630.959 00633.456 00640.094 00644.207 00647.389 00649.108 00652.145 00655.947 00658.770 00661.081 00663.328 00664.394 00665.401 00666.217 00666.685 00667.074 00667.315 00667.509 00667.004 00666.395 00665.665 00664.818 00663.703 00661.812 00659.596 00656.833 00653.452 00649.563 00647.841 00645.941 00642.861
-9999.0 -9999.0 -9999.0 -9999.0 -9999.0 -9999.0 00607.923 00613.628 00627.111 00632.106 00642.304 00647.544 00656.472 00664.088 00670.624 00679.450 00684.444 00689.777 00694.182 00694.851 00695.555 00695.183 00692.635 00689.896 00647.650 00605.257 00611.748 00615.249 00626.147 00631.004 00633.711 00640.842 00645.237 00648.071 00651.699 00656.667 00659.882 00662.956 00664.865 00666.398 00667.846 00669.736 00671.524 00673.049 00673.870 00674.561 00674.946 00675.275 00674.406 00673.339 00672.019 00670.532 00668.442 00666.870 00665.438 00663.630 00660.913 00657.565 00653.458 00649.379 00647.190
-9999.0 -9999.0 -9999.0 -9999.0 -9999.0 -9999.0 00610.933 00615.417 00630.000 00634.650 00644.969 00648.927 00659.947 00666.090 00674.987 00682.301 00686.940 00692.344 00694.518 00695.271 00695.973 00693.716 00690.741 00675.570 00599.365 00610.530 00614.714 00625.382 00630.820 00633.740 00641.093 00645.860 00648.615 00653.403 00658.942 00663.469 00665.551 00667.501 00670.322 00673.139 00675.577 00677.448 00679.061 00680.498 00681.229 00681.822 00682.020 00682.196 00681.696 00680.735 00679.524 00678.197 00676.222 00673.984 00671.318 00668.136 00666.132 00664.009 00660.760 00657.105 00650.913
-9999.0 -9999.0 -9999.0 -9999.0 -9999.0 00603.906 00612.486 00624.350 00631.223 00640.255 00646.686 00654.134 00663.140 00669.042 00678.510 00684.167 00689.592 00694.174 00694.882 00695.644 00694.646 00691.799 00689.055 00614.593 00608.331 00613.822 00624.407 00630.187 00633.403 00640.968 00645.911 00648.871 00654.562 00660.190 00664.478 00667.600 00671.370 00674.827 00677.752 00680.374 00682.228 00683.242 00684.072 00684.847 00685.220 00685.572 00685.835 00686.076 00685.452 00684.958 00684.322 00683.646 00682.575 00681.149 00678.629 00675.785 00672.382 00668.541 00665.995 00663.369 00658.058
-9999.0 -9999.0 -9999.0 -9999.0 -9999.0 00606.120 00613.257 00626.756 00632.205 00642.744 00647.899 00657.746 00664.996 00673.169 00681.653 00686.270 00691.981 00694.495 00695.262 00695.924 00693.283 00690.096 00648.580 00605.813 00612.599 00619.110 00628.862 00632.920 00640.214 00645.508 00648.902 00654.909 00660.917 00665.181 00668.807 00674.326 00678.626 00681.721 00683.284 00684.680 00685.959 00687.371 00688.472 00689.520 00690.036 00690.473 00690.730 00690.949 00690.326 00689.684 00688.823 00687.885 00686.436 00685.087 00683.727 00682.273 00679.445 00675.940 00672.062 00667.224 00663.813
-9999.0 -9999.0 -9999.0 -9999.0 -9999.0 00608.243 00613.997 00628.788 00633.247 00645.157 00649.709 00660.791 00666.786 00676.558 00683.315 00688.699 00694.093 00694.826 00695.619 00694.682 00691.613 00688.653 00597.562 00610.529 00615.136 00626.896 00631.996 00638.367 00644.701 00648.486 00654.580 00660.981 00665.486 00669.841 00675.622 00680.610 00683.703 00685.279 00687.275 00689.155 00690.699 00692.108 00693.152 00694.147 00694.597 00694.655 00694.687 00694.714 00694.633 00694.337 00693.503 00692.545 00691.163 00689.743 00687.855 00685.856 00684.073 00682.245 00678.960 00673.418 00667.615
-9999.0 -9999.0 -9999.0 -9999.0 -9999.0 00610.194 00615.597 00630.492 00638.212 00646.366 00654.120 00663.404 00670.012 00679.679 00684.925 00690.873 00694.385 00695.167 00695.956 00693.392 00690.131 00641.955 00607.063 00613.689 00624.510 00630.862 00634.949 00643.236 00647.937 00653.386 00660.380 00665.476 00670.110 00676.325 00681.671 00684.369 00687.376 00689.867 00691.868 00693.651 00694.666 00694.857 00694.992 00695.123 00695.201 00695.270 00695.308 00695.337 00695.241 00695.149 00695.041 00694.908 00694.728 00694.214 00692.415 00690.436 00688.194 00685.765 00683.419 00679.577 00673.899
-9999.0 -9999.0 -9999.0 -9999.0 -9999.0 00611.902 00623.382 00631.137 00640.711 00647.202 00656.708 00664.868 00673.692 00682.024 00687.052 00692.943 00694.657 00695.497 00694.997 00691.856 00688.745 00597.112 00611.129 00615.950 00628.725 00633.095 00641.284 00646.830 00651.377 00659.374 00664.902 00669.696 00676.392 00681.955 00684.824 00688.176 00691.491 00694.298 00694.803 00695.039 00695.261 00695.483 00695.651 00695.804 00695.898 00695.964 00696.001 00696.026 00695.935 00695.838 00695.713 00695.545 00695.335 00695.111 00694.878 00694.610 00692.618 00690.329 00686.799 00683.689 00679.824
-9999.0 -9999.0 -9999.0 -9999.0 00600.892 00612.484 00625.000 00631.757 00642.292 00647.999 00658.807 00666.060 00676.057 00683.505 00689.170 00694.183 00694.969 00695.794 00693.897 00690.496 00649.579 00606.803 00613.627 00625.128 00631.545 00638.228 00645.211 00649.245 00657.300 00664.026 00668.610 00675.663 00681.887 00684.931 00688.626 00692.141 00694.694 00695.112 00695.404 00695.684 00695.936 00696.144 00696.313 00696.457 00696.305 00696.075 00695.939 00695.862 00696.183 00696.491 00696.374 00696.204 00696.007 00695.768 00695.495 00695.173 00694.890 00694.268 00690.793 00687.046 00683.680
-9999.0 -9999.0 -9999.0 -9999.0 00604.961 00613.045 00626.555 00632.299 00643.749 00648.754 00660.738 00667.239 00678.177 00684.550 00690.953 00694.438 00695.267 00695.660 00692.609 00689.247 00604.827 00610.524 00615.713 00628.689 00633.450 00642.570 00647.937 00654.483 00662.196 00667.148 00674.499 00681.074 00684.685 00688.673 00692.412 00694.767 00695.204 00695.697 00696.058 00696.323 00696.239 00695.509 00694.889 00694.386 00693.953 00693.656 00693.469 00693.380 00693.802 00694.253 00694.659 00695.295 00695.982 00696.401 00696.132 00695.825 00695.495 00695.040 00694.549 00690.931 00686.854
-9999.0 -9999.0 -9999.0 -9999.0 00606.248 00613.486 00627.910 00632.837 00645.095 00651.062 00662.556 00669.594 00680.180 00685.843 00692.298 00694.646 00695.553 00694.682 00691.293 00673.300 00605.329 00613.065 00624.575 00631.424 00638.297 00645.912 00650.542 00659.560 00665.612 00672.036 00679.432 00684.192 00688.095 00692.260 00694.783 00695.267 00695.787 00696.265 00695.853 00694.918 00693.999 00693.002 00692.146 00691.503 00691.038 00690.782 00690.609 00690.543 00690.913 00691.334 00691.830 00692.712 00693.625 00694.652 00695.639 00696.441 00696.106 00695.589 00695.063 00694.496 00690.576
