tests/Flatland_Intensity.asc
NCOLS 100
NROWS 100
XLLCORNER 20000.000000
YLLCORNER 20000.000000
CELLSIZE 30.000000
NODATA_VALUE -9999.0
[rows 27 to 53 of 100, columns 0 to 60 of 100]
-9999.0 -9999.0 -9999.0 -9999.0 00066.674 00068.809 00074.080 00076.705 00081.444 00084.802 00088.928 00092.260 00096.270 00098.770 00101.630 00102.888 00104.237 00104.603 00104.268 00083.425 00073.976 00076.511 00081.713 00084.461 00089.184 00092.468 00096.861 00101.563 00105.014 00109.448 00113.123 00115.951 00119.271 00122.394 00124.156 00125.476 00127.220 00127.997 00131.163 00133.595 00134.916 00135.318 00135.806 00134.955 00126.645 00122.510 00119.417 00118.402 00124.720 00131.853 00135.723 00135.381 00134.948 00134.294 00133.783 00132.104 00129.035 00126.104 00124.566 00122.849 00121.321
-9999.0 -9999.0 -9999.0 -9999.0 00066.528 00068.435 00073.954 00077.333 00081.055 00084.972 00088.705 00092.437 00095.972 00098.496 00101.014 00101.854 00102.794 00102.713 00102.467 00068.773 00074.105 00077.814 00082.288 00085.387 00089.892 00092.712 00097.614 00101.445 00106.124 00110.528 00113.271 00116.502 00119.493 00121.380 00123.188 00124.822 00125.927 00126.662 00128.431 00130.990 00127.629 00112.840 00099.317 00090.195 00093.045 00094.174 00094.496 00094.528 00093.602 00091.184 00095.460 00108.410 00123.139 00132.613 00130.990 00129.514 00126.079 00125.294 00123.851 00122.034 00120.560
-9999.0 -9999.0 -9999.0 -9999.0 00066.176 00068.012 00073.586 00077.448 00080.631 00084.801 00088.301 00092.307 00095.665 00098.276 00100.376 00101.119 00101.727 00100.971 00099.282 00070.211 00073.641 00078.746 00082.324 00086.708 00090.148 00094.028 00098.398 00101.660 00106.455 00110.471 00113.644 00116.893 00118.774 00120.834 00122.541 00123.447 00124.138 00125.130 00127.044 00099.626 00088.318 00092.705 00094.343 00095.517 00096.565 00097.091 00097.344 00097.337 00096.745 00095.828 00094.652 00093.226 00090.594 00097.241 00115.339 00127.213 00125.217 00123.673 00122.827 00121.361 00119.792
-9999.0 -9999.0 -9999.0 -9999.0 00065.791 00068.130 00073.042 00077.135 00080.187 00084.554 00087.856 00092.041 00095.138 00097.921 00099.772 00100.508 00100.775 00099.880 00088.887 00069.579 00072.723 00078.627 00081.683 00087.186 00090.233 00094.902 00098.572 00102.588 00106.744 00109.882 00113.888 00116.416 00118.030 00119.959 00121.332 00121.736 00122.096 00120.069 00090.557 00089.346 00092.524 00095.139 00096.499 00097.472 00098.294 00098.997 00099.878 00099.923 00098.441 00097.691 00096.727 00095.644 00094.004 00091.281 00088.145 00102.314 00122.714 00121.707 00121.098 00120.636 00119.040
-9999.0 -9999.0 -9999.0 -9999.0 00065.552 00068.283 00072.502 00076.611 00079.566 00084.186 00087.379 00091.685 00094.572 00097.415 00099.022 00099.846 00099.903 00098.949 00079.704 00069.541 00071.888 00077.660 00081.826 00086.837 00090.641 00095.636 00098.737 00103.159 00106.647 00109.587 00113.224 00115.501 00117.130 00118.706 00119.474 00119.877 00118.704 00086.100 00086.132 00090.453 00093.863 00097.000 00101.119 00102.640 00103.873 00104.598 00105.037 00104.994 00104.121 00103.027 00101.520 00098.669 00095.548 00092.900 00089.827 00085.118 00099.380 00119.572 00119.244 00118.975 00117.913
-9999.0 -9999.0 -9999.0 -9999.0 00065.249 00068.353 00072.154 00076.250 00078.970 00083.561 00086.672 00091.201 00093.982 00096.832 00098.218 00099.049 00098.953 00098.027 00071.639 00069.542 00073.166 00077.047 00081.098 00085.546 00089.961 00095.264 00099.091 00103.598 00106.452 00109.673 00111.901 00113.869 00116.174 00116.643 00117.311 00118.012 00087.676 00084.052 00087.209 00090.468 00098.242 00101.541 00104.175 00105.391 00106.337 00106.965 00107.317 00107.242 00106.529 00105.661 00104.441 00102.750 00100.276 00096.114 00089.930 00085.834 00082.354 00102.228 00117.393 00116.958 00116.321
-9999.0 -9999.0 -9999.0 -9999.0 00064.908 00068.177 00071.762 00075.917 00078.596 00083.175 00086.022 00090.431 00093.172 00096.129 00097.376 00098.191 00097.936 00097.005 00064.570 00069.398 00073.705 00076.817 00081.126 00084.179 00089.471 00093.350 00098.796 00102.962 00106.376 00109.573 00111.080 00112.319 00113.976 00114.203 00115.047 00094.058 00081.975 00085.165 00087.639 00093.354 00099.185 00103.146 00105.839 00108.305 00110.290 00111.344 00111.876 00111.762 00110.699 00109.021 00106.372 00104.627 00102.154 00098.599 00092.336 00086.301 00083.489 00078.712 00109.782 00114.780 00114.109
-9999.0 -9999.0 -9999.0 -9999.0 00064.536 00067.815 00071.346 00075.513 00078.151 00082.791 00085.691 00090.011 00092.467 00095.161 00096.324 00097.235 00096.842 00095.934 00065.200 00068.981 00073.596 00076.522 00081.100 00084.015 00089.148 00092.671 00098.377 00102.072 00105.600 00108.783 00110.191 00111.523 00112.226 00112.150 00103.821 00078.569 00082.807 00085.528 00091.244 00094.716 00098.605 00105.201 00109.987 00112.256 00113.733 00114.675 00115.110 00114.977 00114.073 00112.728 00110.823 00108.647 00103.578 00098.152 00092.949 00089.214 00084.024 00081.053 00084.112 00112.398 00111.650
-9999.0 -9999.0 -9999.0 -9999.0 00064.107 00067.272 00070.917 00075.057 00077.677 00082.323 00085.229 00089.554 00092.025 00094.688 00095.490 00096.069 00095.593 00094.780 00065.597 00068.489 00073.276 00076.066 00080.969 00084.017 00088.858 00092.293 00097.299 00100.843 00104.705 00107.095 00109.073 00110.358 00110.530 00110.411 00079.986 00079.235 00082.771 00088.563 00092.175 00095.316 00101.810 00108.310 00111.379 00114.243 00115.856 00117.054 00117.698 00117.537 00116.176 00114.971 00113.248 00109.997 00106.178 00099.359 00093.602 00090.322 00085.398 00081.360 00077.478 00097.000 00109.858
-9999.0 -9999.0 -9999.0 -9999.0 00063.658 00066.483 00070.475 00074.550 00077.187 00081.806 00084.697 00089.010 00091.470 00094.139 00094.940 00095.559 00094.693 00093.519 00064.915 00067.856 00072.672 00075.506 00080.596 00083.946 00088.492 00091.856 00096.226 00099.296 00103.104 00105.324 00107.228 00108.487 00108.687 00100.081 00075.849 00079.256 00083.976 00089.048 00092.224 00098.017 00103.154 00108.381 00113.769 00117.799 00120.327 00121.666 00122.236 00122.041 00120.804 00119.011 00115.956 00111.289 00107.102 00101.194 00095.332 00090.578 00087.053 00080.941 00077.563 00077.390 00108.119
-9999.0 -9999.0 -9999.0 -9999.0 00063.143 00065.493 00070.025 00074.014 00076.681 00081.213 00084.103 00088.422 00090.856 00093.518 00094.304 00094.930 00094.073 00092.866 00064.479 00067.027 00072.083 00075.101 00079.591 00083.455 00087.850 00091.402 00095.376 00098.193 00101.039 00102.896 00105.094 00105.888 00106.483 00081.261 00076.258 00079.080 00085.175 00089.092 00094.082 00098.804 00102.649 00109.570 00117.120 00121.051 00123.739 00124.914 00125.389 00125.176 00124.121 00122.517 00119.244 00114.750 00107.286 00100.996 00096.538 00090.701 00087.353 00082.698 00077.438 00074.117 00101.050
-9999.0 -9999.0 -9999.0 -9999.0 00062.272 00064.124 00069.443 00073.432 00076.176 00080.602 00083.447 00087.754 00090.211 00092.862 00093.635 00094.254 00093.389 00091.525 00064.147 00066.721 00071.684 00074.814 00078.948 00082.703 00086.822 00090.895 00094.540 00097.399 00099.879 00100.888 00102.128 00102.827 00103.679 00071.654 00076.472 00080.521 00085.421 00089.479 00094.835 00098.742 00103.845 00109.697 00117.949 00122.780 00126.472 00128.049 00128.726 00128.398 00126.959 00124.751 00121.053 00116.208 00107.600 00100.918 00096.765 00092.336 00087.103 00083.084 00077.046 00074.106 00083.729
-9999.0 -9999.0 -9999.0 -9999.0 00061.364 00063.291 00068.504 00072.341 00075.329 00079.836 00082.880 00087.111 00089.568 00092.179 00092.990 00093.549 00092.691 00090.617 00063.695 00066.250 00071.173 00074.448 00078.440 00082.240 00086.079 00090.255 00093.695 00096.548 00098.722 00099.771 00100.343 00099.614 00090.340 00070.679 00074.995 00080.629 00084.660 00090.204 00095.020 00099.250 00104.984 00109.271 00116.868 00124.056 00129.581 00131.838 00132.562 00132.165 00130.666 00128.239 00121.718 00114.413 00107.075 00102.156 00096.416 00092.751 00087.018 00083.026 00077.528 00073.449 00067.351
-9999.0 -9999.0 -9999.0 -9999.0 00060.428 00062.578 00067.589 00071.192 00074.230 00078.473 00081.630 00086.006 00088.842 00091.610 00092.443 00092.824 00092.010 00090.829 00063.176 00065.732 00070.602 00073.843 00077.763 00081.673 00085.375 00089.410 00092.733 00095.630 00097.547 00098.544 00098.956 00098.348 00080.700 00069.967 00072.850 00080.146 00083.708 00089.912 00094.077 00100.234 00105.202 00110.085 00117.860 00127.527 00130.832 00134.310 00134.971 00134.569 00133.051 00128.992 00124.669 00114.392 00106.981 00102.587 00097.088 00092.121 00087.433 00081.940 00077.942 00072.495 00068.112
-9999.0 -9999.0 -9999.0 -9999.0 00059.549 00061.904 00066.510 00069.389 00073.280 00077.150 00080.389 00084.458 00087.183 00090.071 00091.388 00092.041 00091.255 00090.168 00062.574 00065.148 00069.976 00073.231 00077.101 00080.949 00084.568 00088.563 00091.735 00094.578 00096.353 00097.299 00097.486 00096.822 00072.899 00069.240 00073.379 00078.808 00084.095 00088.855 00093.845 00099.963 00104.730 00110.821 00117.779 00126.258 00132.328 00136.263 00137.315 00136.816 00134.629 00130.007 00123.435 00114.622 00107.416 00102.232 00097.043 00090.964 00086.612 00080.659 00076.967 00070.987 00067.432
-9999.0 -9999.0 -9999.0 -9999.0 -9999.0 00061.351 00065.578 00067.608 00072.445 00075.901 00079.256 00083.044 00085.937 00088.574 00089.827 00090.854 00090.473 00089.369 00061.824 00064.471 00069.245 00072.421 00076.410 00080.228 00083.824 00087.749 00090.839 00093.594 00095.178 00096.039 00096.092 00095.302 00066.336 00068.376 00073.009 00076.919 00082.401 00087.300 00093.089 00098.839 00104.401 00109.906 00114.840 00123.584 00132.092 00137.906 00139.763 00139.243 00135.764 00130.159 00120.283 00112.409 00106.628 00101.120 00096.305 00089.910 00085.469 00079.458 00075.306 00069.468 00066.601
-9999.0 -9999.0 -9999.0 -9999.0 -9999.0 00060.786 00064.603 00066.975 00071.553 00074.514 00078.408 00081.865 00084.903 00087.323 00088.702 00089.365 00089.184 00088.215 00060.919 00063.744 00068.382 00071.118 00075.398 00079.323 00083.061 00086.941 00090.002 00092.690 00094.217 00094.974 00094.811 00093.875 00062.777 00067.359 00072.085 00075.425 00080.301 00084.545 00091.360 00096.709 00103.005 00108.010 00113.196 00120.464 00131.515 00136.750 00139.540 00138.691 00134.643 00126.678 00115.332 00110.359 00105.273 00099.390 00094.095 00088.605 00082.866 00077.785 00073.979 00068.425 00065.741
-9999.0 -9999.0 -9999.0 -9999.0 -9999.0 00059.793 00063.384 00066.230 00070.465 00072.931 00077.550 00080.646 00084.065 00086.393 00088.053 00088.420 00088.166 00086.935 00058.058 00062.212 00066.828 00069.660 00074.121 00077.823 00081.661 00085.707 00089.157 00091.877 00093.358 00093.996 00093.713 00092.813 00061.661 00066.336 00071.022 00074.204 00079.223 00082.556 00087.990 00093.475 00100.348 00105.473 00111.544 00118.894 00128.831 00136.443 00139.644 00138.244 00134.196 00124.261 00115.161 00108.280 00102.983 00097.589 00090.874 00085.404 00080.753 00077.026 00072.867 00067.383 00064.769
-9999.0 -9999.0 -9999.0 -9999.0 -9999.0 00058.667 00060.427 00065.306 00069.076 00071.599 00076.108 00079.079 00083.041 00085.357 00087.450 00087.670 00087.631 00086.434 00061.512 00061.256 00065.281 00068.177 00072.772 00076.118 00080.124 00083.932 00087.283 00090.188 00092.158 00093.301 00092.575 00091.564 00061.008 00065.623 00070.143 00072.934 00077.894 00081.479 00086.580 00090.849 00097.867 00102.726 00108.451 00113.530 00121.835 00131.438 00138.491 00135.678 00128.657 00117.668 00111.188 00105.288 00100.104 00094.985 00088.636 00084.101 00079.452 00075.750 00071.618 00066.522 00063.991
-9999.0 -9999.0 -9999.0 -9999.0 -9999.0 00057.551 00059.738 00064.335 00067.665 00070.618 00074.569 00077.371 00081.454 00083.754 00086.202 00086.877 00087.145 00085.978 00068.946 00060.365 00064.226 00067.103 00071.329 00074.334 00078.637 00082.121 00085.609 00088.243 00090.058 00090.949 00091.382 00090.426 00059.904 00064.684 00069.249 00072.171 00076.950 00080.065 00084.858 00089.256 00094.473 00098.777 00103.996 00108.204 00115.145 00124.801 00127.492 00126.891 00120.690 00109.821 00105.959 00101.398 00096.374 00092.015 00086.772 00082.511 00078.009 00074.737 00070.751 00065.534 00063.047
-9999.0 -9999.0 -9999.0 -9999.0 -9999.0 -9999.0 00059.069 00063.066 00065.056 00069.699 00073.086 00076.248 00079.922 00082.465 00084.938 00085.808 00086.437 00085.434 00076.797 00059.344 00062.226 00066.134 00070.004 00072.712 00077.063 00080.275 00084.020 00086.476 00088.512 00089.219 00089.604 00089.000 00060.286 00063.734 00067.762 00070.788 00075.762 00079.285 00083.867 00087.277 00091.305 00094.815 00098.696 00102.406 00108.912 00112.340 00119.279 00118.477 00109.698 00105.869 00100.296 00096.752 00092.777 00089.147 00084.860 00081.400 00076.771 00073.499 00069.682 00064.520 00062.013
-9999.0 -9999.0 -9999.0 -9999.0 -9999.0 -9999.0 00058.264 00061.804 00064.304 00068.499 00071.132 00075.169 00078.427 00081.386 00083.602 00084.884 00085.333 00084.715 00083.476 00057.811 00060.206 00064.866 00068.395 00071.437 00075.446 00078.419 00082.418 00084.734 00087.034 00087.645 00087.877 00086.846 00065.452 00061.873 00066.139 00069.193 00073.893 00077.329 00082.253 00086.438 00090.385 00092.852 00094.840 00096.258 00096.970 00092.779 -9999.000 00097.375 00094.784 00097.025 00095.283 00093.618 00091.092 00087.986 00083.305 00079.431 00075.108 00072.254 00068.062 00062.757 00060.013
-9999.0 -9999.0 -9999.0 -9999.0 -9999.0 -9999.0 00056.881 00058.661 00063.376 00066.956 00069.392 00073.729 00076.592 00080.252 00082.232 00083.948 00084.361 00084.117 00082.873 00055.274 00059.047 00063.209 00065.982 00069.817 00073.426 00076.731 00080.551 00083.056 00085.569 00086.196 00086.580 00085.537 00071.713 00059.890 00063.907 00067.372 00071.689 00074.884 00079.793 00083.670 00088.039 00091.552 00094.555 00095.007 00093.215 00086.218 06372.859 00084.871 00088.941 00094.648 00094.188 00092.689 00088.861 00085.191 00080.559 00077.376 00073.481 00068.871 00065.390 00060.690 00057.682
-9999.0 -9999.0 -9999.0 -9999.0 -9999.0 -9999.0 00055.289 00057.842 00062.050 00064.726 00068.254 00071.879 00074.684 00078.497 00080.774 00083.172 00083.563 00083.711 00082.492 00064.792 00057.953 00061.662 00064.222 00068.334 00071.356 00075.267 00078.706 00081.513 00083.915 00084.965 00085.443 00084.621 00080.991 00058.204 00060.508 00065.549 00069.410 00072.371 00076.767 00080.357 00084.842 00087.952 00090.233 00092.880 00093.146 00086.157 06969.770 00084.815 00088.907 00093.506 00090.757 00088.505 00085.147 00081.869 00077.695 00073.994 00070.232 00065.364 00062.777 00058.744 00059.933
-9999.0 -9999.0 -9999.0 -9999.0 -9999.0 -9999.0 -9999.0 00057.044 00060.522 00062.801 00067.035 00069.847 00073.393 00076.693 00079.355 00081.811 00082.771 00083.147 00082.232 00077.720 00056.569 00058.902 00063.076 00066.652 00069.213 00073.487 00076.493 00079.823 00081.994 00083.611 00084.090 00083.743 00082.524 00056.534 00058.826 00063.441 00066.780 00070.297 00073.853 00076.338 00080.883 00084.124 00084.946 00086.548 00087.027 00086.017 07566.681 00084.758 00084.062 00085.802 00085.979 00083.783 00081.062 00077.829 00074.539 00069.694 00066.994 00063.195 00059.896 00056.734 00071.883
-9999.0 -9999.0 -9999.0 -9999.0 -9999.0 -9999.0 -9999.0 00055.701 00057.392 00061.968 00065.459 00067.761 00071.983 00074.735 00078.168 00080.260 00081.863 00082.200 00081.835 00080.437 00054.363 00057.390 00061.518 00064.432 00067.772 00071.376 00074.273 00078.105 00079.622 00081.822 00082.244 00082.341 00081.238 00059.775 00056.512 00060.286 00062.644 00066.861 00069.272 00072.456 00075.888 00078.139 00079.623 00080.325 00076.987 00072.010 08163.591 00066.584 00074.696 00079.066 00080.653 00078.657 00077.728 00073.864 00070.861 00067.053 00064.267 00061.122 00056.894 00054.632 00079.558
-9999.0 -9999.0 -9999.0 -9999.0 -9999.0 -9999.0 -9999.0 -9999.0 00056.542 00060.516 00062.810 00066.631 00070.046 00072.836 00076.471 00078.685 00080.956 00081.382 00081.566 00079.741 00063.612 00055.808 00059.332 00061.763 00065.642 00068.467 00071.907 00074.653 00077.041 00079.139 00079.835 00080.023 00078.826 00071.219 00053.579 00056.078 00059.492 00062.344 00063.992 00067.670 00069.781 00071.820 00072.235 00073.852 00072.131 00069.086 00060.400 00065.685 00071.307 00071.887 00074.788 00073.534 00072.697 00070.041 00067.063 00064.681 00060.917 00058.675 00055.206 00060.040 00078.786
