tests/Flatland_SpreadDirection.asc
NCOLS 100
NROWS 100
XLLCORNER 20000.000000
YLLCORNER 20000.000000
CELLSIZE 30.000000
NODATA_VALUE -9999.0
[rows 39 to 77 of 100, columns 0 to 87 of 100]
-9999 -9999 -9999 -9999 263 263 267 267 267 267 268 268 268 269 269 269 269 271 271 271 271 271 273 273 273 273 277 277 277 277 280 280 280 292 292 293 293 296 304 304 304 311 311 347 347 355 355 010 010 017 019 052 052 052 058 058 067 067 069 070 070 081 081 081 081 084 084 084 088 088 088 088 088 090 090 090 090 090 091 091 093 093 093 093 093 093 095 095
-9999 -9999 -9999 -9999 263 263 263 263 263 267 267 267 268 268 268 268 269 269 269 271 271 271 271 271 273 273 273 273 277 277 277 280 280 280 280 293 293 293 295 304 305 311 311 348 348 348 355 010 016 016 017 052 052 058 058 067 067 069 069 082 081 081 081 084 084 084 088 088 088 088 090 090 090 090 090 090 090 093 093 093 093 093 093 095 095 095 095 095
-9999 -9999 -9999 -9999 262 262 263 263 263 263 263 263 268 268 268 268 268 268 269 269 269 269 271 271 271 271 271 273 273 273 277 277 277 280 280 280 293 293 293 295 305 305 310 310 349 349 355 010 015 015 053 052 058 058 067 067 069 069 082 082 081 084 084 084 088 088 088 088 090 090 090 090 090 090 093 093 093 093 093 095 095 095 095 095 096 096 096 096
-9999 -9999 -9999 -9999 -9999 262 262 262 262 262 263 263 263 263 263 263 268 268 268 268 268 269 269 269 271 271 271 271 271 273 273 273 277 277 278 280 279 279 294 294 295 305 305 308 350 350 354 010 014 014 055 058 058 068 068 069 069 082 082 084 084 084 088 088 088 088 090 090 090 090 090 093 093 093 093 093 095 095 095 095 095 096 096 096 097 097 097 097
-9999 -9999 -9999 -9999 -9999 261 260 260 260 262 262 262 262 262 263 263 263 262 262 268 268 268 268 268 269 269 269 271 271 271 271 273 273 272 278 278 278 279 279 294 295 295 305 305 304 354 354 011 011 059 058 058 068 068 068 083 082 082 084 084 088 088 088 090 090 090 090 090 093 093 093 093 093 095 095 095 095 096 096 096 096 097 097 097 097 097 102 102
-9999 -9999 -9999 -9999 -9999 260 260 260 260 260 260 260 260 260 262 262 262 262 262 262 262 262 268 268 268 268 268 269 269 271 271 271 271 272 272 272 278 278 279 278 295 295 295 304 302 355 355 009 009 059 058 067 067 068 083 083 083 084 089 088 088 090 090 090 090 090 093 093 093 093 095 095 095 095 096 096 096 096 096 096 096 102 102 102 102 102 102 102
-9999 -9999 -9999 -9999 -9999 257 257 257 260 260 260 260 260 260 260 260 260 260 262 262 262 262 262 262 262 262 268 268 268 269 269 269 271 271 271 271 272 272 278 278 277 295 295 296 302 357 357 008 066 061 067 067 084 084 083 083 089 089 089 090 090 090 090 093 093 093 093 095 095 095 096 096 096 096 096 096 096 102 102 102 102 102 102 102 103 103 103 103
-9999 -9999 -9999 -9999 -9999 257 257 257 257 257 257 257 257 257 260 260 260 260 260 260 261 261 261 262 262 262 262 262 262 269 269 269 269 269 269 271 271 271 272 272 277 277 276 296 297 295 002 002 067 066 067 085 084 084 089 089 090 090 090 090 093 093 093 093 095 095 095 095 096 096 096 096 103 103 103 103 102 103 103 103 103 103 103 103 103 104 104 104
-9999 -9999 -9999 -9999 -9999 -9999 256 256 256 256 256 257 257 257 257 257 257 257 257 260 261 261 261 261 261 261 261 262 262 262 262 262 269 269 269 269 269 271 271 271 272 272 276 276 295 291 003 003 067 066 085 085 089 089 090 090 090 094 094 093 093 095 095 095 095 095 095 103 103 103 103 103 103 103 103 103 103 104 104 104 104 104 104 104 104 104 104 104
-9999 -9999 -9999 -9999 -9999 -9999 256 256 256 256 256 256 256 256 256 256 256 256 257 257 257 257 257 257 256 261 261 261 261 261 261 261 261 261 261 261 269 269 269 270 271 271 272 271 274 285 -9999 077 089 086 089 090 090 090 090 093 093 094 094 094 094 095 095 104 104 103 103 103 103 103 104 104 104 104 104 104 104 104 104 104 104 104 106 106 106 106 106 106
-9999 -9999 -9999 -9999 -9999 -9999 254 254 254 254 254 254 254 253 253 253 256 256 256 256 256 256 256 256 256 256 256 256 256 256 256 261 261 261 261 261 261 261 261 270 270 270 271 271 271 271 271 090 090 090 090 090 092 093 093 093 093 094 105 104 104 104 104 104 104 104 104 104 104 104 104 107 107 106 106 106 106 106 106 106 106 106 106 106 106 106 106 -9999
-9999 -9999 -9999 -9999 -9999 -9999 253 253 253 253 253 253 253 253 253 253 253 253 253 253 253 253 253 253 253 253 256 256 256 256 256 256 256 256 256 256 256 261 261 261 260 260 271 271 271 271 271 090 090 091 091 092 093 106 106 105 105 105 105 104 104 106 106 106 107 107 107 107 107 107 107 107 107 107 107 107 107 107 107 107 107 107 107 107 107 107 107 -9999
-9999 -9999 -9999 -9999 -9999 -9999 -9999 251 251 251 251 251 251 251 251 251 251 251 253 253 253 253 253 253 253 253 253 253 253 253 253 253 253 253 253 256 256 256 256 257 257 259 261 262 266 271 271 090 101 106 107 107 106 106 106 106 106 106 106 106 106 106 106 106 107 107 107 107 107 107 107 107 107 107 107 107 107 107 107 107 107 107 107 111 111 111 111 -9999
-9999 -9999 -9999 -9999 -9999 -9999 -9999 251 251 251 251 251 251 251 251 251 251 251 251 251 251 251 251 251 251 251 251 251 251 251 252 252 252 253 253 254 254 255 255 257 257 259 260 262 226 229 271 097 104 106 110 112 113 112 112 112 112 112 112 112 112 112 112 112 112 112 112 112 112 112 112 112 112 111 111 111 111 111 111 111 111 111 111 111 111 111 -9999 -9999
-9999 -9999 -9999 -9999 -9999 -9999 -9999 -9999 249 249 249 249 249 249 249 249 249 249 249 249 250 250 250 250 250 250 250 251 251 251 252 252 252 253 237 237 236 235 235 234 233 231 230 229 228 226 157 158 154 151 111 113 114 116 117 117 112 112 112 112 112 112 112 112 112 112 113 113 113 113 113 113 113 113 113 113 113 111 111 111 111 111 111 111 111 111 -9999 -9999
-9999 -9999 -9999 -9999 -9999 -9999 -9999 -9999 248 248 248 248 249 249 249 249 249 249 249 249 249 250 250 240 240 240 240 239 239 239 239 239 238 238 237 237 236 234 234 234 229 230 230 219 219 221 167 167 151 148 146 145 116 117 118 119 117 117 117 117 117 117 117 117 117 117 117 117 113 113 113 113 113 113 113 113 113 113 113 113 113 113 113 113 113 -9999 -9999 -9999
-9999 -9999 -9999 -9999 -9999 -9999 -9999 -9999 248 248 248 248 242 242 242 241 241 241 241 241 241 241 241 240 240 240 239 239 239 239 237 237 237 237 234 234 234 234 229 229 229 229 219 219 216 218 172 168 151 152 145 144 142 141 119 120 120 121 121 121 121 121 117 117 117 117 117 117 117 117 117 117 117 116 116 116 116 116 116 116 113 113 113 113 113 -9999 -9999 -9999
-9999 -9999 -9999 -9999 -9999 -9999 -9999 -9999 -9999 242 242 242 242 242 242 241 241 241 241 241 241 239 239 239 239 239 237 237 237 237 237 234 234 234 234 229 229 229 229 229 219 219 219 212 213 174 174 167 167 152 152 145 145 141 141 140 139 121 121 122 122 121 120 120 120 120 120 117 117 117 117 117 117 117 117 116 116 116 116 116 116 116 116 116 -9999 -9999 -9999 -9999
-9999 -9999 -9999 -9999 -9999 -9999 -9999 -9999 -9999 242 241 241 241 241 241 241 239 239 239 239 239 239 237 237 237 237 237 237 234 234 234 234 234 229 229 229 229 229 220 219 219 219 212 210 211 178 175 167 167 152 152 152 145 145 141 141 138 138 138 122 123 123 123 123 123 120 120 120 120 120 120 120 120 117 117 117 117 117 117 117 117 117 117 116 -9999 -9999 -9999 -9999
-9999 -9999 -9999 -9999 -9999 -9999 -9999 -9999 -9999 -9999 241 239 239 239 239 239 239 239 237 237 237 237 237 237 234 234 234 234 234 234 229 229 229 229 228 228 228 220 220 219 213 213 208 208 209 179 175 175 167 166 153 152 152 145 145 141 141 138 137 137 137 123 123 123 124 123 123 123 123 120 120 120 120 120 120 120 120 120 120 117 117 117 117 -9999 -9999 -9999 -9999 -9999
-9999 -9999 -9999 -9999 -9999 -9999 -9999 -9999 -9999 -9999 -9999 239 239 239 237 237 237 237 237 237 237 234 234 234 234 234 234 234 229 229 229 229 228 228 228 220 220 219 219 213 213 213 207 207 182 181 175 175 167 166 153 153 152 152 145 145 141 141 137 137 136 136 136 135 124 124 125 125 123 123 123 123 123 120 120 120 120 120 120 120 120 120 120 -9999 -9999 -9999 -9999 -9999
-9999 -9999 -9999 -9999 -9999 -9999 -9999 -9999 -9999 -9999 -9999 237 237 237 237 237 237 237 234 234 234 234 233 233 233 229 229 229 229 229 228 228 228 220 220 220 219 219 213 213 213 207 206 206 183 181 175 175 167 166 166 153 154 152 152 145 145 141 141 141 137 138 135 135 135 135 125 125 125 125 125 123 123 123 123 123 123 121 121 121 121 121 -9999 -9999 -9999 -9999 -9999 -9999
-9999 -9999 -9999 -9999 -9999 -9999 -9999 -9999 -9999 -9999 -9999 -9999 237 237 234 234 234 234 234 233 233 233 233 230 230 229 229 228 228 228 228 228 220 220 220 219 219 213 213 213 208 204 205 184 184 181 181 175 167 167 165 154 154 154 152 152 145 145 145 141 141 138 138 138 135 135 135 134 125 125 125 125 125 125 125 123 123 123 123 123 123 121 -9999 -9999 -9999 -9999 -9999 -9999
-9999 -9999 -9999 -9999 -9999 -9999 -9999 -9999 -9999 -9999 -9999 -9999 -9999 234 234 234 233 233 233 233 233 230 230 230 230 228 228 228 227 228 221 221 220 220 219 219 213 213 213 208 208 204 204 185 185 181 181 175 167 167 165 165 154 154 152 152 145 145 145 145 141 141 141 138 138 135 135 134 134 134 134 125 126 126 125 125 125 125 123 123 123 -9999 -9999 -9999 -9999 -9999 -9999 -9999
-9999 -9999 -9999 -9999 -9999 -9999 -9999 -9999 -9999 -9999 -9999 -9999 -9999 233 233 233 233 233 230 230 230 230 230 228 228 228 227 227 221 221 220 220 218 218 219 213 213 213 208 208 204 203 203 186 185 181 181 174 174 167 165 165 165 154 154 151 151 145 145 145 145 141 141 141 138 138 138 135 135 134 134 134 134 126 126 126 126 125 125 125 -9999 -9999 -9999 -9999 -9999 -9999 -9999 -9999
-9999 -9999 -9999 -9999 -9999 -9999 -9999 -9999 -9999 -9999 -9999 -9999 -9999 -9999 233 230 230 230 230 229 229 228 228 228 227 227 227 221 221 220 220 218 218 218 213 213 212 208 208 204 204 202 187 187 185 181 181 175 174 167 167 165 165 155 154 154 151 151 146 146 145 145 141 141 141 138 138 138 135 135 135 134 134 134 134 126 126 126 126 126 -9999 -9999 -9999 -9999 -9999 -9999 -9999 -9999
-9999 -9999 -9999 -9999 -9999 -9999 -9999 -9999 -9999 -9999 -9999 -9999 -9999 -9999 -9999 230 229 229 229 228 228 228 227 227 227 221 221 221 220 220 218 218 218 213 213 212 208 208 208 204 202 202 187 187 185 181 181 175 174 168 168 165 164 164 155 154 154 151 151 146 146 145 145 141 141 141 141 138 138 138 135 135 135 134 134 133 133 133 126 -9999 -9999 -9999 -9999 -9999 -9999 -9999 -9999 -9999
-9999 -9999 -9999 -9999 -9999 -9999 -9999 -9999 -9999 -9999 -9999 -9999 -9999 -9999 -9999 -9999 229 228 228 228 227 227 227 221 221 221 220 220 218 218 218 218 213 213 212 212 208 208 204 204 202 202 187 187 185 181 181 175 174 168 168 165 165 164 155 155 154 151 151 151 146 146 145 145 145 141 141 141 138 138 138 138 135 135 134 134 134 133 -9999 -9999 -9999 -9999 -9999 -9999 -9999 -9999 -9999 -9999
-9999 -9999 -9999 -9999 -9999 -9999 -9999 -9999 -9999 -9999 -9999 -9999 -9999 -9999 -9999 -9999 -9999 228 227 227 227 227 221 221 221 220 220 218 218 218 218 213 213 212 212 208 208 204 204 201 201 188 188 185 185 181 181 175 174 174 168 168 165 164 164 155 154 154 151 151 151 146 146 145 145 145 141 141 141 141 138 138 138 135 135 135 134 -9999 -9999 -9999 -9999 -9999 -9999 -9999 -9999 -9999 -9999 -9999
-9999 -9999 -9999 -9999 -9999 -9999 -9999 -9999 -9999 -9999 -9999 -9999 -9999 -9999 -9999 -9999 -9999 -9999 227 227 221 221 221 220 220 220 218 218 218 213 213 213 212 212 208 208 208 204 201 201 201 188 188 185 185 181 181 175 174 174 168 168 165 164 164 155 155 154 154 151 151 151 146 146 145 145 145 141 141 141 141 138 138 138 138 135 -9999 -9999 -9999 -9999 -9999 -9999 -9999 -9999 -9999 -9999 -9999 -9999
-9999 -9999 -9999 -9999 -9999 -9999 -9999 -9999 -9999 -9999 -9999 -9999 -9999 -9999 -9999 -9999 -9999 -9999 -9999 222 221 221 220 220 218 218 218 218 213 213 213 212 212 208 208 208 204 204 201 200 200 189 188 185 185 181 181 175 174 174 168 168 165 165 164 164 156 156 154 152 152 151 151 146 146 146 145 145 141 141 141 141 141 138 138 -9999 -9999 -9999 -9999 -9999 -9999 -9999 -9999 -9999 -9999 -9999 -9999 -9999
-9999 -9999 -9999 -9999 -9999 -9999 -9999 -9999 -9999 -9999 -9999 -9999 -9999 -9999 -9999 -9999 -9999 -9999 -9999 -9999 221 220 220 218 218 218 218 213 213 213 212 212 208 208 208 204 204 201 201 200 189 189 188 185 185 181 181 175 175 174 168 168 168 165 164 163 156 156 154 154 152 152 151 151 146 146 146 145 144 141 141 141 140 140 -9999 -9999 -9999 -9999 -9999 -9999 -9999 -9999 -9999 -9999 -9999 -9999 -9999 -9999
-9999 -9999 -9999 -9999 -9999 -9999 -9999 -9999 -9999 -9999 -9999 -9999 -9999 -9999 -9999 -9999 -9999 -9999 -9999 -9999 -9999 220 219 219 218 218 213 213 213 212 212 208 208 207 207 204 204 201 200 200 189 189 187 185 185 181 181 175 175 174 168 168 168 165 165 163 163 156 156 154 154 152 152 151 151 146 146 146 144 144 141 141 141 -9999 -9999 -9999 -9999 -9999 -9999 -9999 -9999 -9999 -9999 -9999 -9999 -9999 -9999 -9999
-9999 -9999 -9999 -9999 -9999 -9999 -9999 -9999 -9999 -9999 -9999 -9999 -9999 -9999 -9999 -9999 -9999 -9999 -9999 -9999 -9999 -9999 219 218 218 214 213 213 212 212 208 208 207 207 204 204 201 201 200 200 189 189 187 185 185 181 181 175 175 174 174 168 167 165 165 163 163 156 156 156 154 154 152 151 151 151 146 146 146 144 144 -9999 -9999 -9999 -9999 -9999 -9999 -9999 -9999 -9999 -9999 -9999 -9999 -9999 -9999 -9999 -9999 -9999
-9999 -9999 -9999 -9999 -9999 -9999 -9999 -9999 -9999 -9999 -9999 -9999 -9999 -9999 -9999 -9999 -9999 -9999 -9999 -9999 -9999 -9999 -9999 218 214 214 213 212 212 212 208 208 207 204 204 201 201 199 199 189 189 187 187 185 185 181 179 175 175 174 174 168 167 167 165 163 163 163 156 156 154 154 152 152 151 151 151 146 146 146 -9999 -9999 -9999 -9999 -9999 -9999 -9999 -9999 -9999 -9999 -9999 -9999 -9999 -9999 -9999 -9999 -9999 -9999
-9999 -9999 -9999 -9999 -9999 -9999 -9999 -9999 -9999 -9999 -9999 -9999 -9999 -9999 -9999 -9999 -9999 -9999 -9999 -9999 -9999 -9999 -9999 -9999 -9999 213 212 212 212 208 208 207 207 204 204 201 201 199 199 190 189 187 187 185 185 181 179 175 175 174 174 168 168 167 165 165 163 163 156 156 156 154 154 152 152 151 151 146 -9999 -9999 -9999 -9999 -9999 -9999 -9999 -9999 -9999 -9999 -9999 -9999 -9999 -9999 -9999 -9999 -9999 -9999 -9999 -9999
-9999 -9999 -9999 -9999 -9999 -9999 -9999 -9999 -9999 -9999 -9999 -9999 -9999 -9999 -9999 -9999 -9999 -9999 -9999 -9999 -9999 -9999 -9999 -9999 -9999 -9999 212 212 208 208 207 207 204 204 201 201 199 199 199 190 189 187 185 185 181 181 179 175 175 174 173 168 168 167 165 165 163 163 163 156 156 156 154 154 152 152 151 -9999 -9999 -9999 -9999 -9999 -9999 -9999 -9999 -9999 -9999 -9999 -9999 -9999 -9999 -9999 -9999 -9999 -9999 -9999 -9999 -9999
-9999 -9999 -9999 -9999 -9999 -9999 -9999 -9999 -9999 -9999 -9999 -9999 -9999 -9999 -9999 -9999 -9999 -9999 -9999 -9999 -9999 -9999 -9999 -9999 -9999 -9999 -9999 -9999 208 207 207 204 204 204 201 199 199 199 190 190 189 187 185 185 181 181 179 175 175 174 173 168 168 167 167 165 163 163 163 156 156 156 156 154 154 -9999 -9999 -9999 -9999 -9999 -9999 -9999 -9999 -9999 -9999 -9999 -9999 -9999 -9999 -9999 -9999 -9999 -9999 -9999 -9999 -9999 -9999 -9999
-9999 -9999 -9999 -9999 -9999 -9999 -9999 -9999 -9999 -9999 -9999 -9999 -9999 -9999 -9999 -9999 -9999 -9999 -9999 -9999 -9999 -9999 -9999 -9999 -9999 -9999 -9999 -9999 -9999 -9999 204 204 204 201 201 200 199 199 190 189 189 187 185 185 181 181 179 175 175 174 173 173 168 168 167 165 165 163 163 163 156 156 156 -9999 -9999 -9999 -9999 -9999 -9999 -9999 -9999 -9999 -9999 -9999 -9999 -9999 -9999 -9999 -9999 -9999 -9999 -9999 -9999 -9999 -9999 -9999 -9999 -9999
