tests/Flatland_ArrivalTime.asc
NCOLS 100
NROWS 100
XLLCORNER 20000.000000
YLLCORNER 20000.000000
CELLSIZE 30.000000
NODATA_VALUE -9999.0
[rows 27 to 53 of 100, columns 0 to 60 of 100]
-9999.0 -9999.0 -9999.0 -9999.0 03344.597 03307.321 03271.278 03236.528 03202.849 03170.412 03139.303 03108.975 03079.325 03050.811 03022.664 02995.110 02967.695 02940.274 02914.674 02888.647 01897.949 01866.093 01835.603 01806.255 01778.058 01751.338 01725.360 01700.187 01676.906 01655.035 01633.746 01613.195 01593.631 01575.547 01557.674 01541.380 01525.542 01510.787 01496.197 01487.037 01479.012 01471.874 01465.616 01461.023 01456.965 01454.893 01453.428 01452.966 01456.042 01459.542 01463.627 01469.792 01476.480 01484.506 01493.725 01503.229 01516.236 01531.935 01548.003 01565.254 01583.151
-9999.0 -9999.0 -9999.0 -9999.0 03340.507 03303.310 03267.274 03232.390 03198.806 03166.139 03134.485 03104.001 03074.518 03045.559 03017.188 02989.434 02961.790 02934.369 02906.709 01919.253 01886.405 01854.491 01823.848 01794.418 01766.102 01738.886 01713.037 01687.987 01663.477 01641.117 01619.871 01599.165 01578.936 01560.298 01542.412 01525.084 01509.020 01493.784 01478.954 01467.265 01459.176 01451.425 01444.613 00479.732 00474.270 00471.708 00469.824 00469.361 00473.217 00477.719 01442.750 01449.181 01456.578 01464.989 01474.438 01483.948 01499.692 01515.556 01532.367 01549.603 01568.562
-9999.0 -9999.0 -9999.0 -9999.0 03338.231 03300.009 03263.457 03228.656 03195.050 03162.272 03130.659 03099.800 03069.717 03040.798 03012.332 02984.094 02956.292 02928.565 02900.779 01909.815 01875.196 01843.475 01812.828 01783.205 01754.778 01727.369 01700.976 01675.986 01651.639 01627.818 01606.297 01585.408 01565.172 01545.137 01527.183 01509.336 01492.696 01476.698 01461.766 01446.779 00478.161 00468.187 00459.785 00453.418 00447.722 00445.240 00443.318 00442.971 00446.814 00451.294 00457.399 00465.329 00475.020 01444.963 01454.746 01467.079 01483.223 01499.543 01516.736 01535.081 01554.024
-9999.0 -9999.0 -9999.0 -9999.0 03336.339 03298.152 03261.345 03225.609 03191.434 03158.759 03127.051 03096.096 03066.075 03036.560 03007.657 02979.427 02951.254 02923.095 02894.866 01902.308 01867.039 01832.715 01802.167 01772.594 01744.043 01716.409 01689.956 01664.289 01639.960 01616.264 01592.866 01572.041 01551.445 01531.409 01511.959 01494.086 01476.281 01460.008 01443.849 00465.110 00452.548 00442.671 00434.279 00427.616 00421.833 00419.265 00417.296 00417.061 00420.921 00425.372 00431.848 00439.634 00449.677 00461.036 00473.006 01449.993 01466.658 01483.837 01501.663 01520.569 01539.664
-9999.0 -9999.0 -9999.0 -9999.0 03334.792 03296.514 03259.638 03223.920 03189.432 03155.847 03123.605 03092.738 03062.592 03032.991 03003.939 02975.050 02946.592 02918.301 02889.348 01895.199 01859.830 01825.721 01792.620 01762.261 01733.767 01706.092 01679.285 01653.594 01628.642 01604.879 01581.530 01558.713 01538.136 01517.704 01497.669 01478.768 01460.707 01442.830 00462.617 00443.113 00427.337 00417.736 00409.173 00402.335 00396.746 00393.950 00391.967 00391.848 00395.674 00400.006 00406.736 00414.691 00424.804 00436.230 00449.820 00470.925 01450.223 01468.040 01487.093 01506.065 01526.728
-9999.0 -9999.0 -9999.0 -9999.0 03333.948 03295.291 03258.201 03222.436 03187.857 03154.271 03121.703 03089.946 03059.290 03029.712 03000.525 02971.539 02942.700 02913.680 02884.434 01888.780 01852.982 01819.026 01785.965 01754.053 01723.718 01696.183 01669.389 01643.219 01618.214 01593.724 01570.381 01547.294 01524.828 01504.304 01483.923 01463.654 01444.668 00462.446 00441.451 00421.618 00402.527 00393.375 00384.816 00377.716 00372.238 00369.193 00367.199 00367.194 00371.046 00375.265 00382.333 00390.624 00400.673 00411.709 00428.982 00449.863 00472.130 01453.009 01472.459 01492.768 01513.815
-9999.0 -9999.0 -9999.0 -9999.0 03333.536 03294.700 03257.523 03221.404 03186.493 03152.888 03120.245 03088.473 03057.489 03026.996 02997.296 02968.260 02939.268 02910.149 02880.130 01882.789 01847.169 01812.829 01779.603 01747.770 01716.726 01686.505 01659.678 01633.668 01608.131 01583.512 01559.366 01536.204 01513.132 01490.919 01470.276 01449.360 00465.827 00442.746 00420.673 00400.744 00381.727 00369.441 00360.978 00353.552 00348.131 00344.860 00342.889 00342.996 00346.821 00351.126 00358.421 00367.065 00377.107 00388.033 00408.536 00429.863 00452.507 00477.132 01458.404 01479.805 01501.286
-9999.0 -9999.0 -9999.0 -9999.0 03333.438 03294.584 03257.215 03220.918 03185.951 03152.004 03119.038 03087.177 03056.141 03025.605 02995.534 02965.555 02936.011 02906.798 01915.597 01878.223 01841.905 01807.210 01773.948 01741.671 01710.700 01680.622 01651.220 01624.184 01598.731 01573.666 01549.311 01525.209 01502.111 01478.867 01456.550 00473.763 00447.579 00423.354 00401.081 00380.762 00361.672 00345.766 00337.631 00330.017 00324.661 00321.148 00319.184 00319.403 00323.230 00327.892 00335.040 00343.906 00353.844 00368.582 00388.974 00410.031 00433.905 00458.447 01444.858 01467.042 01488.678
-9999.0 -9999.0 -9999.0 -9999.0 03334.367 03294.998 03257.138 03220.820 03185.726 03151.611 03118.545 03086.427 03055.073 03024.369 02994.243 02964.215 02934.246 02904.039 01911.300 01873.962 01837.662 01802.662 01768.725 01736.391 01705.115 01674.811 01645.538 01616.844 01589.375 01564.379 01539.565 01515.216 01491.066 01467.753 01443.640 00456.308 00430.235 00404.845 00382.404 00361.103 00342.209 00323.482 00314.704 00307.294 00301.682 00297.913 00295.943 00296.283 00300.132 00305.141 00312.143 00321.294 00330.813 00349.596 00370.028 00392.115 00415.471 00441.878 00469.334 01454.005 01478.329
-9999.0 -9999.0 -9999.0 -9999.0 03335.627 03296.146 03258.235 03221.448 03185.891 03151.512 03118.393 03086.115 03054.614 03023.735 02993.282 02963.002 02932.977 02902.731 01909.029 01870.454 01833.622 01798.614 01764.711 01731.918 01699.999 01669.716 01640.072 01611.374 01583.124 01555.147 01530.250 01505.528 01481.051 01456.441 00470.071 00440.131 00413.126 00388.172 00364.056 00342.920 00323.169 00304.635 00291.977 00284.833 00279.095 00275.111 00273.132 00273.602 00277.423 00282.732 00290.041 00298.926 00311.314 00331.245 00351.861 00374.480 00399.156 00425.639 00452.915 01443.109 01468.113
-9999.0 -9999.0 -9999.0 -9999.0 03337.567 03297.841 03259.595 03222.517 03186.934 03152.345 03118.775 03086.069 03054.512 03023.490 02992.893 02962.466 02932.101 02901.504 01907.418 01868.863 01831.480 01795.316 01760.877 01728.083 01696.268 01665.255 01635.237 01606.320 01577.812 01549.930 01521.994 01496.136 01471.284 01445.991 00455.832 00426.170 00397.223 00371.786 00347.614 00325.161 00304.863 00286.159 00269.608 00262.802 00256.972 00252.765 00250.779 00251.377 00255.169 00260.814 00268.313 00276.855 00293.452 00313.240 00334.838 00358.019 00383.493 00409.570 00439.527 00470.572 01458.264
-9999.0 -9999.0 -9999.0 -9999.0 03339.911 03299.960 03261.481 03224.263 03188.403 03153.536 03119.759 03087.038 03055.100 03023.662 02992.785 02962.276 02931.765 02901.032 01906.403 01867.429 01829.972 01793.864 01758.928 01724.962 01692.584 01661.613 01631.466 01601.838 01573.092 01544.909 01516.889 01488.881 01461.736 00474.729 00443.065 00412.308 00383.783 00355.882 00331.816 00308.636 00287.626 00268.311 00249.773 00241.109 00235.272 00230.811 00228.794 00229.526 00233.327 00239.345 00246.893 00256.336 00276.128 00296.587 00318.390 00342.923 00368.126 00396.680 00426.701 00458.237 01448.781
-9999.0 -9999.0 -9999.0 -9999.0 03343.373 03302.407 03263.627 03226.284 03190.260 03155.241 03121.322 03088.338 03056.151 03024.601 02993.583 02962.665 02931.740 02900.881 01906.037 01866.900 01829.123 01792.631 01757.545 01723.623 01690.775 01658.686 01627.919 01598.342 01569.219 01540.315 01512.078 01483.902 01455.331 00462.266 00430.662 00400.132 00370.641 00342.989 00316.173 00293.257 00270.832 00251.358 00232.566 00219.534 00213.936 00209.241 00207.197 00208.062 00211.863 00218.218 00225.619 00239.718 00259.581 00280.284 00303.832 00328.051 00355.417 00384.329 00414.759 00446.530 00479.303
-9999.0 -9999.0 -9999.0 -9999.0 03348.913 03307.846 03268.073 03229.688 03192.711 03157.132 03123.113 03089.997 03057.710 03026.018 02994.773 02963.641 02932.679 02901.526 01906.289 01866.736 01828.833 01792.200 01756.864 01722.584 01689.476 01657.436 01626.195 01595.489 01565.753 01536.849 01508.009 01479.141 01450.291 00456.040 00419.987 00387.999 00358.736 00330.371 00303.677 00278.099 00255.968 00234.881 00216.058 00197.715 00192.838 00188.094 00185.966 00186.965 00190.951 00197.383 00204.103 00223.758 00243.816 00265.956 00289.393 00315.686 00343.592 00373.049 00403.453 00435.515 00472.383
-9999.0 -9999.0 -9999.0 -9999.0 03354.777 03313.430 03273.349 03234.797 03197.624 03161.522 03126.569 03092.512 03059.369 03027.606 02996.300 02965.144 02934.015 02902.665 01907.506 01867.806 01829.348 01792.190 01756.644 01722.238 01688.932 01656.551 01624.985 01594.316 01564.076 01534.003 01504.533 01475.544 01445.781 00449.917 00414.089 00379.373 00346.902 00318.832 00291.517 00265.583 00241.270 00219.791 00199.942 00180.864 00171.750 00167.365 00164.974 00166.119 00170.442 00176.539 00188.291 00208.334 00229.330 00252.038 00277.244 00304.358 00332.707 00361.997 00394.543 00430.355 00467.071
-9999.0 -9999.0 -9999.0 -9999.0 -9999.0 03319.523 03279.229 03240.350 03202.792 03166.414 03131.259 03097.089 03063.814 03031.153 02998.958 02966.923 02935.512 02904.157 01909.395 01869.407 01830.666 01793.316 01757.385 01722.479 01688.762 01656.268 01624.600 01593.569 01563.017 01532.883 01502.862 01472.639 01442.091 00445.034 00408.516 00373.857 00340.193 00307.400 00280.226 00253.951 00228.738 00205.491 00184.636 00165.198 00150.690 00146.755 00144.207 00145.506 00150.006 00155.699 00173.272 00193.696 00215.745 00240.054 00266.365 00293.750 00321.930 00355.143 00389.699 00425.348 00462.707
-9999.0 -9999.0 -9999.0 -9999.0 -9999.0 03326.647 03285.876 03246.601 03208.559 03171.793 03136.418 03101.991 03068.528 03035.690 03003.375 02971.348 02939.353 02907.096 01911.937 01871.253 01832.430 01794.944 01758.730 01723.604 01689.723 01656.742 01624.606 01593.330 01562.685 01532.249 01501.923 01471.548 01440.334 00441.335 00404.179 00369.115 00335.055 00302.492 00270.605 00242.867 00217.470 00192.899 00170.621 00150.294 00129.761 00126.038 00123.636 00125.091 00129.390 00137.673 00158.915 00180.406 00203.924 00229.626 00256.027 00284.533 00317.262 00350.618 00385.484 00421.538 00459.342
-9999.0 -9999.0 -9999.0 -9999.0 -9999.0 03334.218 03293.030 03253.533 03215.227 03178.217 03142.354 03107.608 03073.765 03040.616 03008.159 02976.029 02943.962 02911.706 01917.952 01876.502 01836.320 01797.511 01760.310 01725.100 01691.061 01657.889 01625.620 01594.034 01562.928 01532.038 01501.622 01471.019 00479.329 00440.023 00402.143 00365.585 00330.907 00298.004 00266.096 00235.112 00206.397 00181.867 00157.830 00136.340 00115.560 00104.922 00102.955 00104.519 00108.323 00124.408 00145.809 00168.721 00193.720 00219.253 00249.000 00280.701 00313.404 00347.006 00382.429 00419.838 00458.596
-9999.0 -9999.0 -9999.0 -9999.0 -9999.0 03342.930 03301.078 03260.783 03222.065 03184.852 03148.741 03113.765 03079.687 03046.464 03013.768 02981.407 02949.120 02916.703 02883.383 01882.499 01842.102 01803.184 01765.502 01729.067 01693.760 01659.387 01626.874 01595.150 01563.946 01532.987 01502.098 01471.025 00478.952 00439.501 00401.272 00364.428 00329.001 00294.665 00262.048 00231.111 00200.758 00170.838 00146.867 00123.318 00101.634 00083.521 00082.217 00083.765 00087.404 00111.332 00134.072 00158.561 00184.047 00214.575 00245.579 00277.261 00310.609 00345.586 00381.801 00419.470 00458.596
-9999.0 -9999.0 -9999.0 -9999.0 -9999.0 03353.120 03311.063 03270.320 03231.012 03193.203 03156.458 03120.860 03086.237 03052.493 03019.530 02987.141 02954.834 02922.469 02889.359 01889.508 01848.542 01809.229 01771.120 01734.444 01698.952 01664.491 01630.954 01598.055 01565.675 01534.010 01503.072 01471.986 00479.882 00439.796 00400.959 00364.033 00328.303 00293.736 00260.303 00227.894 00197.031 00167.298 00137.686 00112.308 00089.070 00065.183 00060.814 00061.940 00075.691 00099.747 00123.931 00151.070 00181.082 00211.384 00243.003 00276.056 00310.181 00345.389 00381.982 00419.808 00459.355
-9999.0 -9999.0 -9999.0 -9999.0 -9999.0 -9999.0 03321.401 03280.242 03240.553 03202.240 03165.159 03129.381 03094.529 03060.584 03027.286 02994.454 02961.748 02929.018 02895.793 01896.895 01855.671 01816.062 01777.719 01740.676 01704.771 01669.986 01636.096 01603.020 01570.607 01538.456 01506.359 01474.043 01440.886 00440.951 00402.036 00364.535 00328.254 00293.370 00259.769 00227.157 00195.409 00164.379 00134.537 00105.180 00077.818 00053.192 00037.366 00038.644 00065.069 00089.457 00118.771 00148.411 00178.906 00210.404 00242.750 00276.018 00310.386 00345.820 00383.280 00422.030 00462.171
-9999.0 -9999.0 -9999.0 -9999.0 -9999.0 -9999.0 03332.115 03290.535 03250.609 03211.914 03174.529 03138.333 03103.164 03069.005 03035.495 03002.518 02969.753 02937.027 02904.083 01907.258 01865.286 01824.709 01785.593 01747.891 01711.269 01676.010 01641.912 01608.707 01576.010 01543.702 01511.477 01479.160 01446.069 00445.592 00404.855 00365.636 00329.131 00293.965 00259.872 00226.848 00194.996 00163.844 00133.181 00102.858 00072.963 00042.268 00000.000 00026.547 00056.494 00086.920 00117.167 00147.764 00178.828 00210.476 00242.928 00276.986 00312.204 00348.422 00386.098 00425.240 00465.805
-9999.0 -9999.0 -9999.0 -9999.0 -9999.0 -9999.0 03344.974 03302.791 03262.130 03222.877 03184.996 03148.241 03112.652 03077.993 03044.158 03010.885 02978.061 02945.331 02912.422 01918.015 01875.676 01834.710 01795.220 01757.146 01720.258 01684.565 01649.829 01615.979 01582.715 01549.922 01517.215 01484.696 01451.754 00452.525 00411.513 00372.155 00333.989 00297.082 00261.264 00227.387 00195.137 00163.645 00132.838 00102.456 00072.101 00041.028 00008.729 00023.839 00055.965 00086.677 00117.196 00147.856 00179.379 00211.784 00245.109 00279.358 00314.717 00351.249 00390.420 00431.431 00473.761
-9999.0 -9999.0 -9999.0 -9999.0 -9999.0 -9999.0 03358.133 03315.647 03274.451 03234.722 03196.471 03159.364 03123.451 03088.513 03054.479 03021.009 02988.015 02955.095 02922.113 02888.335 01887.443 01845.819 01805.808 01767.080 01729.677 01693.478 01658.402 01624.375 01590.999 01558.117 01525.403 01492.695 01459.657 00461.649 00419.747 00379.433 00340.467 00303.295 00267.357 00232.505 00198.520 00165.328 00132.844 00102.174 00071.762 00040.668 00008.385 00023.927 00056.047 00086.836 00117.867 00149.229 00181.160 00214.316 00249.544 00285.717 00323.020 00361.495 00401.273 00442.551 01444.158
-9999.0 -9999.0 -9999.0 -9999.0 -9999.0 -9999.0 -9999.0 03329.535 03287.790 03247.631 03208.743 03171.182 03134.856 03099.521 03065.167 03031.471 02998.280 02965.264 02932.253 02898.963 01900.531 01858.426 01817.952 01778.826 01741.049 01704.442 01668.997 01634.480 01600.716 01567.532 01534.596 01501.720 01468.620 00472.808 00430.428 00389.440 00350.145 00312.302 00275.565 00239.838 00205.114 00171.397 00138.353 00105.528 00072.877 00040.305 00008.042 00024.015 00056.594 00089.889 00123.136 00156.401 00190.174 00224.594 00259.960 00296.378 00333.975 00372.915 00413.150 00455.113 01454.574
-9999.0 -9999.0 -9999.0 -9999.0 -9999.0 -9999.0 -9999.0 03344.530 03302.251 03261.521 03222.195 03184.241 03147.426 03111.787 03077.086 03043.192 03009.867 02976.826 02943.852 02910.672 01915.383 01872.824 01831.637 01791.933 01753.693 01716.611 01680.701 01645.797 01611.758 01578.244 01545.172 01512.179 01479.097 01445.132 00443.424 00401.703 00361.539 00322.739 00285.256 00248.751 00213.332 00178.831 00144.434 00110.786 00077.745 00046.291 00007.698 00027.469 00065.775 00100.352 00134.166 00167.853 00201.880 00236.716 00272.512 00309.451 00347.493 00387.036 00428.063 00470.483 01466.892
-9999.0 -9999.0 -9999.0 -9999.0 -9999.0 -9999.0 -9999.0 -9999.0 03318.131 03276.756 03236.858 03198.417 03161.159 03125.115 03090.041 03055.878 03022.308 02989.216 02956.211 02923.129 02889.271 01888.432 01846.598 01806.412 01767.504 01729.928 01693.563 01658.197 01623.698 01589.887 01556.570 01523.396 01490.194 01456.503 00458.279 00417.122 00377.558 00339.396 00302.725 00267.482 00233.257 00200.111 00168.313 00137.361 00106.862 00077.593 00053.195 00071.035 00091.606 00113.862 00147.632 00182.359 00217.250 00252.442 00288.441 00325.547 00364.001 00404.036 00445.656 01446.949 01480.832
