tests/Flatland_ReactionIntensity.asc
NCOLS 100
NROWS 100
XLLCORNER 20000.000000
YLLCORNER 20000.000000
CELLSIZE 30.000000
NODATA_VALUE -9999.0
[rows 54 to 80 of 100, columns 0 to 60 of 100]
-9999.0 -9999.0 -9999.0 -9999.0 -9999.0 -9999.0 -9999.0 -9999.0 00610.090 00623.126 00631.710 00643.680 00651.010 00663.676 00673.857 00683.425 00690.780 00694.614 00695.717 00693.101 00688.637 00606.737 00615.475 00630.976 00641.090 00648.890 00660.988 00670.114 00681.930 00688.588 00694.771 00695.806 00695.279 00690.999 00615.916 00612.296 00625.829 00633.538 00645.012 00652.882 00664.440 00673.516 00683.436 00689.578 00695.219 00696.051 00696.270 00695.949 00695.439 00692.447 00686.618 00681.585 00670.410 00660.899 00648.900 00640.760 00630.891 00615.260 00606.284 00689.277 00693.724
-9999.0 -9999.0 -9999.0 -9999.0 -9999.0 -9999.0 -9999.0 -9999.0 00605.233 00613.661 00629.773 00639.781 00647.531 00659.395 00667.677 00680.366 00687.198 00694.158 00695.188 00695.111 00690.838 00624.005 00611.920 00625.327 00633.267 00645.070 00653.503 00664.743 00675.096 00684.252 00691.467 00695.118 00696.178 00694.005 00689.661 00604.462 00614.093 00628.551 00635.839 00646.646 00655.110 00665.339 00673.520 00682.661 00687.567 00693.738 00692.643 00690.938 00688.389 00684.058 00677.794 00668.316 00661.848 00651.220 00645.014 00633.214 00624.866 00611.305 00633.247 00691.551 00695.778
-9999.0 -9999.0 -9999.0 -9999.0 -9999.0 -9999.0 -9999.0 -9999.0 -9999.0 00611.112 00624.070 00631.952 00644.163 00651.710 00663.837 00673.959 00683.364 00690.572 00694.571 00695.648 00693.509 00689.087 00605.126 00614.461 00629.460 00638.578 00647.691 00658.354 00667.384 00679.141 00686.468 00693.813 00695.439 00696.467 00692.774 00676.700 00607.051 00615.127 00629.825 00637.779 00646.881 00653.929 00663.785 00669.701 00678.482 00683.315 00682.601 00681.049 00677.594 00671.393 00665.489 00658.444 00649.217 00643.433 00633.478 00627.230 00614.010 00602.888 00689.935 00694.375 00696.081
-9999.0 -9999.0 -9999.0 -9999.0 -9999.0 -9999.0 -9999.0 -9999.0 -9999.0 00604.736 00613.417 00628.927 00637.845 00647.021 00658.050 00666.653 00678.845 00686.041 00693.572 00695.004 00695.740 00691.653 00653.064 00609.435 00620.327 00631.881 00642.476 00649.597 00661.985 00670.755 00682.031 00688.439 00694.719 00695.688 00695.933 00692.077 00660.862 00608.260 00615.576 00629.455 00635.000 00645.245 00649.838 00659.014 00665.667 00667.212 00666.841 00665.944 00663.598 00659.727 00651.393 00647.003 00640.644 00632.259 00625.368 00613.147 00603.119 00689.302 00693.011 00696.439 00695.379
-9999.0 -9999.0 -9999.0 -9999.0 -9999.0 -9999.0 -9999.0 -9999.0 -9999.0 -9999.0 00609.760 00620.699 00631.426 00642.745 00648.845 00662.541 00671.447 00682.296 00689.062 00694.362 00695.397 00694.488 00690.204 00604.774 00612.612 00626.069 00633.450 00645.044 00653.009 00664.263 00673.857 00683.249 00689.739 00694.843 00695.804 00695.575 00691.646 00661.398 00606.987 00614.368 00627.306 00632.836 00641.147 00646.813 00651.257 00651.405 00651.173 00649.821 00648.242 00646.385 00641.748 00633.623 00629.681 00617.969 00611.388 00599.132 00689.808 00693.472 00696.428 00695.519 00694.638
-9999.0 -9999.0 -9999.0 -9999.0 -9999.0 -9999.0 -9999.0 -9999.0 -9999.0 -9999.0 -9999.0 00612.690 00626.903 00632.887 00646.064 00655.442 00665.045 00675.856 00684.193 00691.504 00694.674 00695.733 00693.301 00689.038 00604.905 00614.143 00628.590 00636.471 00646.740 00655.744 00665.370 00675.283 00683.872 00690.436 00694.922 00695.834 00695.828 00692.449 00689.032 00603.490 00612.326 00619.967 00629.310 00633.372 00638.354 00639.164 00639.194 00637.070 00633.883 00632.195 00629.837 00622.045 00613.339 00607.208 00644.234 00690.822 00694.294 00696.291 00695.419 00694.491 00688.119
-9999.0 -9999.0 -9999.0 -9999.0 -9999.0 -9999.0 -9999.0 -9999.0 -9999.0 -9999.0 -9999.0 00607.004 00614.120 00630.438 00640.175 00647.563 00659.195 00667.183 00679.465 00686.237 00693.532 00694.964 00695.990 00692.142 00672.083 00607.663 00615.389 00630.315 00638.861 00647.435 00657.006 00666.019 00676.155 00684.197 00690.174 00694.799 00695.638 00696.484 00693.566 00690.397 00635.257 00606.870 00612.990 00619.157 00624.963 00625.670 00625.749 00624.480 00618.555 00614.601 00612.474 00607.392 00623.301 00689.696 00692.394 00695.454 00696.022 00695.200 00693.380 00687.276 00681.896
-9999.0 -9999.0 -9999.0 -9999.0 -9999.0 -9999.0 -9999.0 -9999.0 -9999.0 -9999.0 -9999.0 -9999.0 00610.839 00623.547 00631.674 00643.087 00648.875 00662.283 00670.706 00681.808 00688.172 00694.232 00695.226 00695.198 00691.263 00649.605 00609.067 00617.445 00631.001 00640.220 00647.830 00657.805 00665.986 00675.073 00683.225 00688.772 00694.601 00695.364 00696.129 00695.231 00692.501 00689.850 00638.301 00605.477 00606.659 00607.539 00607.661 00606.286 00603.605 00616.969 00665.545 00689.764 00692.287 00694.858 00696.316 00695.647 00694.884 00691.404 00685.661 00680.063 00670.271
-9999.0 -9999.0 -9999.0 -9999.0 -9999.0 -9999.0 -9999.0 -9999.0 -9999.0 -9999.0 -9999.0 -9999.0 -9999.0 00612.647 00626.469 00632.625 00645.438 00653.368 00664.124 00673.967 00683.130 00689.747 00694.396 00695.377 00694.757 00690.752 00634.752 00610.036 00619.592 00631.362 00640.433 00647.496 00656.088 00664.804 00672.717 00681.952 00686.765 00692.155 00694.941 00695.628 00696.281 00695.225 00692.967 00691.259 00690.788 00690.459 00690.420 00690.878 00691.392 00692.748 00694.242 00695.498 00696.303 00695.685 00695.050 00693.536 00688.822 00683.643 00676.837 00667.658 00661.048
-9999.0 -9999.0 -9999.0 -9999.0 -9999.0 -9999.0 -9999.0 -9999.0 -9999.0 -9999.0 -9999.0 -9999.0 -9999.0 00605.870 00613.634 00629.052 00637.032 00646.689 00656.574 00665.347 00675.779 00683.840 00690.646 00694.506 00695.482 00694.459 00690.483 00625.731 00610.556 00618.522 00630.741 00638.004 00646.511 00653.244 00663.073 00669.231 00678.007 00684.001 00688.725 00693.322 00694.979 00695.545 00696.113 00696.348 00696.473 00696.323 00696.292 00696.454 00696.327 00696.057 00695.741 00695.351 00694.991 00693.516 00689.200 00684.737 00680.274 00672.625 00665.189 00657.684 00648.720
-9999.0 -9999.0 -9999.0 -9999.0 -9999.0 -9999.0 -9999.0 -9999.0 -9999.0 -9999.0 -9999.0 -9999.0 -9999.0 -9999.0 00608.545 00614.546 00630.646 00640.201 00647.340 00658.004 00666.147 00677.100 00684.398 00691.239 00694.567 00695.543 00694.266 00690.515 00637.663 00608.847 00615.381 00629.066 00634.321 00644.636 00649.500 00658.848 00665.638 00672.688 00679.987 00684.450 00688.332 00692.257 00694.732 00694.877 00694.994 00695.058 00695.066 00694.977 00694.858 00694.645 00692.921 00690.423 00687.699 00684.454 00680.413 00673.607 00666.629 00661.224 00652.954 00646.756 00640.092
-9999.0 -9999.0 -9999.0 -9999.0 -9999.0 -9999.0 -9999.0 -9999.0 -9999.0 -9999.0 -9999.0 -9999.0 -9999.0 -9999.0 -9999.0 00610.392 00620.110 00631.127 00641.368 00647.850 00659.100 00666.665 00677.836 00684.714 00691.603 00694.581 00695.486 00694.722 00691.129 00660.709 00606.684 00614.055 00626.738 00632.544 00641.047 00647.116 00653.271 00660.987 00666.349 00672.332 00678.691 00683.148 00685.184 00686.339 00687.291 00687.774 00687.835 00687.162 00686.174 00684.907 00683.201 00680.899 00676.821 00672.367 00666.381 00661.535 00654.467 00647.958 00643.114 00633.957 00629.403
-9999.0 -9999.0 -9999.0 -9999.0 -9999.0 -9999.0 -9999.0 -9999.0 -9999.0 -9999.0 -9999.0 -9999.0 -9999.0 -9999.0 -9999.0 -9999.0 00611.820 00623.774 00631.485 00642.106 00648.139 00659.722 00666.962 00678.245 00684.543 00690.882 00694.450 00695.328 00695.323 00692.051 00688.654 00602.256 00612.185 00620.028 00630.035 00634.249 00642.952 00647.758 00653.191 00660.098 00664.912 00668.958 00671.999 00674.154 00675.532 00676.190 00676.278 00675.350 00673.839 00671.855 00668.112 00665.880 00663.286 00659.062 00653.192 00647.866 00643.501 00635.859 00631.145 00625.073 00613.816
-9999.0 -9999.0 -9999.0 -9999.0 -9999.0 -9999.0 -9999.0 -9999.0 -9999.0 -9999.0 -9999.0 -9999.0 -9999.0 -9999.0 -9999.0 -9999.0 -9999.0 00612.141 00624.464 00631.688 00642.521 00648.320 00659.630 00666.490 00676.733 00683.745 00689.760 00694.283 00695.103 00695.944 00693.147 00689.925 00633.924 00607.690 00613.977 00624.969 00630.971 00634.729 00642.427 00646.865 00649.673 00655.953 00658.079 00660.091 00661.322 00661.911 00661.996 00661.154 00659.750 00658.135 00654.705 00650.448 00648.082 00645.903 00642.337 00634.569 00631.157 00625.666 00614.593 00609.611 00600.713
-9999.0 -9999.0 -9999.0 -9999.0 -9999.0 -9999.0 -9999.0 -9999.0 -9999.0 -9999.0 -9999.0 -9999.0 -9999.0 -9999.0 -9999.0 -9999.0 -9999.0 -9999.0 00612.312 00624.872 00631.736 00642.052 00647.808 00658.146 00665.552 00674.925 00682.695 00688.114 00693.981 00694.834 00695.614 00694.704 00691.684 00688.740 00601.308 00609.289 00614.314 00624.625 00630.199 00633.042 00639.308 00642.846 00644.613 00646.140 00646.758 00647.025 00647.067 00646.676 00645.919 00644.585 00642.304 00639.103 00633.843 00631.926 00629.230 00624.596 00614.274 00609.783 00597.768 00680.665 00690.899
-9999.0 -9999.0 -9999.0 -9999.0 -9999.0 -9999.0 -9999.0 -9999.0 -9999.0 -9999.0 -9999.0 -9999.0 -9999.0 -9999.0 -9999.0 -9999.0 -9999.0 -9999.0 -9999.0 00612.200 00623.900 00631.257 00640.783 00647.134 00656.256 00664.292 00672.043 00681.361 00686.114 00691.620 00694.437 00695.179 00695.915 00693.858 00690.988 00686.932 00602.742 00608.329 00613.137 00617.286 00626.784 00629.217 00630.875 00631.717 00632.291 00632.516 00632.555 00632.217 00631.600 00630.826 00628.897 00625.962 00620.376 00614.521 00612.207 00608.074 00604.187 00685.240 00690.774 00693.491 00695.820
-9999.0 -9999.0 -9999.0 -9999.0 -9999.0 -9999.0 -9999.0 -9999.0 -9999.0 -9999.0 -9999.0 -9999.0 -9999.0 -9999.0 -9999.0 -9999.0 -9999.0 -9999.0 -9999.0 -9999.0 00611.420 00619.323 00630.673 00638.596 00646.219 00652.636 00662.602 00668.382 00677.632 00683.565 00688.588 00693.730 00694.670 00695.358 00695.962 00693.809 00691.260 00689.056 00636.231 00604.696 00609.471 00611.829 00613.016 00613.914 00614.565 00614.786 00614.825 00614.484 00613.803 00612.927 00611.708 00608.498 00605.119 00612.793 00665.760 00689.444 00691.296 00693.863 00695.854 00695.423 00694.765
-9999.0 -9999.0 -9999.0 -9999.0 -9999.0 -9999.0 -9999.0 -9999.0 -9999.0 -9999.0 -9999.0 -9999.0 -9999.0 -9999.0 -9999.0 -9999.0 -9999.0 -9999.0 -9999.0 -9999.0 -9999.0 00609.562 00614.273 00629.031 00632.860 00644.381 00648.593 00658.783 00665.228 00672.791 00680.951 00685.032 00689.926 00694.121 00694.705 00695.317 00695.886 00694.552 00692.566 00690.499 00689.178 00681.662 00655.296 00635.414 00620.076 00615.620 00614.818 00621.948 00637.928 00658.121 00680.813 00689.427 00690.607 00692.036 00693.700 00695.084 00695.852 00695.303 00694.692 00694.157 00690.454
-9999.0 -9999.0 -9999.0 -9999.0 -9999.0 -9999.0 -9999.0 -9999.0 -9999.0 -9999.0 -9999.0 -9999.0 -9999.0 -9999.0 -9999.0 -9999.0 -9999.0 -9999.0 -9999.0 -9999.0 -9999.0 -9999.0 00607.024 00613.341 00626.412 00631.825 00641.154 00646.827 00653.503 00662.081 00666.964 00675.114 00681.754 00685.317 00689.811 00693.782 00694.532 00695.052 00695.542 00695.917 00695.046 00694.272 00693.647 00693.041 00692.543 00692.422 00692.399 00692.602 00693.120 00693.745 00694.263 00695.196 00695.925 00695.615 00695.245 00694.832 00694.445 00693.687 00689.718 00685.380 00682.016
-9999.0 -9999.0 -9999.0 -9999.0 -9999.0 -9999.0 -9999.0 -9999.0 -9999.0 -9999.0 -9999.0 -9999.0 -9999.0 -9999.0 -9999.0 -9999.0 -9999.0 -9999.0 -9999.0 -9999.0 -9999.0 -9999.0 -9999.0 00604.136 00612.197 00620.337 00630.350 00633.594 00643.892 00648.043 00656.421 00663.249 00667.220 00675.203 00681.368 00684.454 00688.132 00691.667 00694.187 00694.560 00694.782 00695.016 00695.204 00695.335 00695.445 00695.466 00695.470 00695.432 00695.317 00695.174 00695.012 00694.754 00694.482 00694.206 00692.615 00690.004 00687.018 00684.210 00681.260 00675.040 00667.561
-9999.0 -9999.0 -9999.0 -9999.0 -9999.0 -9999.0 -9999.0 -9999.0 -9999.0 -9999.0 -9999.0 -9999.0 -9999.0 -9999.0 -9999.0 -9999.0 -9999.0 -9999.0 -9999.0 -9999.0 -9999.0 -9999.0 -9999.0 -9999.0 -9999.0 00608.365 00613.482 00625.800 00631.368 00639.012 00645.158 00648.281 00656.752 00662.939 00666.494 00672.777 00678.602 00682.511 00685.039 00687.528 00689.278 00690.761 00692.000 00692.796 00693.554 00693.664 00693.690 00693.465 00692.683 00691.772 00690.706 00689.182 00687.040 00684.817 00683.013 00680.735 00676.408 00671.492 00666.374 00662.790 00656.601
-9999.0 -9999.0 -9999.0 -9999.0 -9999.0 -9999.0 -9999.0 -9999.0 -9999.0 -9999.0 -9999.0 -9999.0 -9999.0 -9999.0 -9999.0 -9999.0 -9999.0 -9999.0 -9999.0 -9999.0 -9999.0 -9999.0 -9999.0 -9999.0 -9999.0 -9999.0 00598.466 00611.492 00614.342 00627.360 00631.624 00639.594 00644.937 00647.869 00654.515 00660.400 00664.532 00667.620 00673.761 00676.570 00679.095 00681.271 00682.238 00682.833 00683.398 00683.485 00683.503 00683.356 00682.746 00682.059 00681.138 00679.093 00675.998 00672.517 00668.317 00665.474 00663.089 00658.842 00653.681 00647.787 00644.827
-9999.0 -9999.0 -9999.0 -9999.0 -9999.0 -9999.0 -9999.0 -9999.0 -9999.0 -9999.0 -9999.0 -9999.0 -9999.0 -9999.0 -9999.0 -9999.0 -9999.0 -9999.0 -9999.0 -9999.0 -9999.0 -9999.0 -9999.0 -9999.0 -9999.0 -9999.0 -9999.0 -9999.0 00605.228 00612.053 00614.492 00627.358 00631.356 00636.297 00643.027 00646.698 00648.721 00655.891 00660.140 00662.788 00664.287 00665.471 00666.493 00667.168 00668.387 00668.613 00668.650 00668.369 00667.071 00666.323 00665.381 00664.365 00662.358 00659.251 00655.934 00650.123 00647.597 00645.858 00642.170 00635.626 00631.293
-9999.0 -9999.0 -9999.0 -9999.0 -9999.0 -9999.0 -9999.0 -9999.0 -9999.0 -9999.0 -9999.0 -9999.0 -9999.0 -9999.0 -9999.0 -9999.0 -9999.0 -9999.0 -9999.0 -9999.0 -9999.0 -9999.0 -9999.0 -9999.0 -9999.0 -9999.0 -9999.0 -9999.0 -9999.0 -9999.0 00605.487 00611.843 00614.031 00625.404 00630.462 00632.228 00639.545 00643.603 00646.135 00647.211 00648.190 00649.239 00651.958 00653.872 00655.421 00655.609 00655.630 00655.465 00653.599 00651.581 00648.908 00648.202 00647.082 00645.860 00643.161 00640.161 00632.826 00631.424 00629.219 00624.887 00613.936
-9999.0 -9999.0 -9999.0 -9999.0 -9999.0 -9999.0 -9999.0 -9999.0 -9999.0 -9999.0 -9999.0 -9999.0 -9999.0 -9999.0 -9999.0 -9999.0 -9999.0 -9999.0 -9999.0 -9999.0 -9999.0 -9999.0 -9999.0 -9999.0 -9999.0 -9999.0 -9999.0 -9999.0 -9999.0 -9999.0 -9999.0 -9999.0 00602.464 00609.380 00612.950 00616.115 00626.369 00630.552 00631.476 00632.351 00634.494 00638.953 00640.577 00641.564 00642.336 00642.494 00642.506 00642.428 00641.420 00640.420 00638.391 00634.343 00632.290 00631.280 00629.946 00626.723 00621.844 00613.774 00612.236 00608.307 00596.006
-9999.0 -9999.0 -9999.0 -9999.0 -9999.0 -9999.0 -9999.0 -9999.0 -9999.0 -9999.0 -9999.0 -9999.0 -9999.0 -9999.0 -9999.0 -9999.0 -9999.0 -9999.0 -9999.0 -9999.0 -9999.0 -9999.0 -9999.0 -9999.0 -9999.0 -9999.0 -9999.0 -9999.0 -9999.0 -9999.0 -9999.0 -9999.0 -9999.0 -9999.0 -9999.0 00605.061 00610.000 00612.656 00613.643 00614.552 00623.351 00625.179 00626.595 00627.715 00628.544 00628.729 00628.739 00628.668 00627.572 00626.415 00624.910 00623.202 00614.535 00613.465 00612.349 00609.917 00605.986 -9999.0 -9999.0 -9999.0 -9999.0
-9999.0 -9999.0 -9999.0 -9999.0 -9999.0 -9999.0 -9999.0 -9999.0 -9999.0 -9999.0 -9999.0 -9999.0 -9999.0 -9999.0 -9999.0 -9999.0 -9999.0 -9999.0 -9999.0 -9999.0 -9999.0 -9999.0 -9999.0 -9999.0 -9999.0 -9999.0 -9999.0 -9999.0 -9999.0 -9999.0 -9999.0 -9999.0 -9999.0 -9999.0 -9999.0 -9999.0 -9999.0 -9999.0 -9999.0 00601.975 00605.864 00607.835 00609.263 00610.459 00611.299 00611.502 00611.511 00611.430 00610.309 00609.071 00607.504 00605.736 00603.554 -9999.0 -9999.0 -9999.0 -9999.0 -9999.0 -9999.0 -9999.0 -9999.0
