tests/Flatland_ArrivalTime.asc
NCOLS 100
NROWS 100
XLLCORNER 20000.000000
YLLCORNER 20000.000000
CELLSIZE 30.000000
NODATA_VALUE -9999.0
[rows 0 to 26 of 100, columns 0 to 60 of 100]
-9999.0 -9999.0 -9999.0 -9999.0 -9999.0 -9999.0 -9999.0 -9999.0 -9999.0 -9999.0 -9999.0 -9999.0 -9999.0 -9999.0 -9999.0 -9999.0 -9999.0 -9999.0 03283.678 03288.589 -9999.0 -9999.0 03212.072 03188.644 03173.720 -9999.0 -9999.0 -9999.0 03114.356 03102.993 03103.460 -9999.0 -9999.0 -9999.0 03057.354 03059.599 -9999.0 03037.088 03041.053 -9999.0 -9999.0 03018.510 03016.051 03013.835 03011.902 03010.773 -9999.0 -9999.0 03032.923 03012.551 03015.000 03017.791 -9999.0 -9999.0 -9999.0 -9999.0 03041.382 03044.729 03054.838 -9999.0 03081.240
-9999.0 -9999.0 -9999.0 -9999.0 -9999.0 -9999.0 -9999.0 -9999.0 -9999.0 -9999.0 -9999.0 -9999.0 -9999.0 -9999.0 03354.627 03330.909 03307.779 03285.548 03263.927 03243.868 03224.137 03205.423 03187.145 03170.245 03153.791 03138.197 03123.232 03109.087 03095.382 03083.002 03072.908 03063.084 03053.970 03045.310 03037.381 03029.920 03023.303 03016.969 03011.524 03006.776 03002.432 02998.224 02995.584 02993.359 02991.383 02990.258 02989.476 02988.923 02989.877 02992.090 02994.577 02997.368 03001.072 03004.973 03009.427 03015.234 03021.237 03027.616 03034.887 03042.839 03051.065
-9999.0 -9999.0 -9999.0 -9999.0 -9999.0 -9999.0 -9999.0 -9999.0 -9999.0 -9999.0 -9999.0 -9999.0 -9999.0 -9999.0 03335.185 03311.795 03288.822 03266.621 03245.401 03224.476 03205.282 03186.731 03168.635 03151.459 03135.227 03119.354 03104.561 03090.344 03076.696 03063.330 03053.330 03043.525 03034.289 03025.456 03017.595 03009.926 03003.381 02997.025 02991.325 02986.588 02982.174 02977.969 02975.146 02972.913 02970.895 02969.773 02968.979 02968.411 02969.435 02971.659 02974.184 02977.059 02980.759 02984.676 02989.400 02995.204 03001.288 03007.600 03015.127 03023.073 03031.279
-9999.0 -9999.0 -9999.0 -9999.0 -9999.0 -9999.0 -9999.0 -9999.0 -9999.0 -9999.0 -9999.0 -9999.0 -9999.0 03342.642 03317.282 03292.806 03270.322 03248.384 03227.093 03206.547 03186.833 03168.397 03150.542 03133.096 03116.934 03101.117 03086.221 03071.862 03058.314 03045.015 03033.918 03024.166 03014.793 03005.990 02997.982 02990.180 02983.507 02977.112 02971.156 02966.428 02961.948 02957.742 02954.731 02952.492 02950.450 02949.309 02948.497 02947.914 02949.012 02951.248 02953.815 02956.777 02960.478 02964.406 02969.404 02975.205 02981.370 02987.696 02995.522 03003.491 03011.962
-9999.0 -9999.0 -9999.0 -9999.0 -9999.0 -9999.0 -9999.0 -9999.0 -9999.0 -9999.0 -9999.0 -9999.0 03350.588 03324.732 03299.535 03275.100 03252.213 03230.364 03209.224 03188.990 03169.012 03150.487 03132.734 03115.477 03098.897 03083.299 03068.134 03053.900 03040.155 03026.901 03014.663 03004.989 02995.448 02986.650 02978.398 02970.606 02963.660 02957.227 02951.006 02946.285 02941.738 02937.515 02934.295 02932.039 02929.984 02928.794 02927.957 02927.355 02928.534 02930.796 02933.422 02936.490 02940.235 02944.149 02949.430 02955.232 02961.482 02968.126 02975.948 02983.953 02992.763
-9999.0 -9999.0 -9999.0 -9999.0 -9999.0 -9999.0 -9999.0 -9999.0 -9999.0 -9999.0 -9999.0 03359.977 03333.164 03307.230 03282.244 03258.122 03234.441 03212.882 03191.983 03171.562 03151.988 03132.824 03115.285 03098.104 03081.295 03065.764 03050.522 03036.099 03022.160 03008.971 02995.857 02985.886 02976.338 02967.339 02958.840 02951.053 02943.825 02937.345 02930.999 02926.075 02921.432 02917.171 02913.734 02911.464 02909.395 02908.155 02907.292 02906.671 02907.933 02910.224 02912.907 02916.084 02919.874 02923.809 02929.410 02935.303 02941.605 02948.578 02956.432 02964.441 02973.593
-9999.0 -9999.0 -9999.0 -9999.0 -9999.0 -9999.0 -9999.0 -9999.0 -9999.0 -9999.0 -9999.0 03342.968 03316.197 03290.136 03265.333 03241.340 03218.099 03195.614 03174.910 03154.696 03135.180 03116.153 03098.072 03080.993 03064.422 03048.357 03033.247 03018.441 03004.565 02991.169 02978.019 02966.769 02957.243 02948.045 02939.291 02931.463 02923.908 02917.355 02910.962 02905.742 02900.988 02896.541 02892.747 02890.385 02888.221 02886.883 02885.962 02885.297 02886.695 02889.100 02891.939 02895.348 02899.320 02903.395 02909.273 02915.289 02921.630 02928.984 02936.924 02945.143 02954.444
-9999.0 -9999.0 -9999.0 -9999.0 -9999.0 -9999.0 -9999.0 -9999.0 -9999.0 -9999.0 03353.398 03326.180 03299.506 03273.809 03248.857 03225.017 03201.919 03179.453 03158.173 03138.186 03118.586 03099.795 03081.256 03064.268 03047.659 03031.369 03016.106 03001.217 02987.081 02973.389 02960.243 02947.641 02938.134 02928.700 02919.861 02911.761 02903.889 02897.133 02890.427 02884.701 01919.674 01914.024 01909.057 01906.168 01903.485 01901.781 01900.621 01899.779 01901.604 01904.588 01908.133 01912.450 01917.466 02882.438 02888.571 02894.933 02901.539 02909.279 02917.302 02925.931 02935.281
-9999.0 -9999.0 -9999.0 -9999.0 -9999.0 -9999.0 -9999.0 -9999.0 -9999.0 -9999.0 03338.028 03309.687 03283.376 03257.770 03232.961 03208.979 03186.152 03163.808 03142.031 03121.943 03102.533 03083.646 03065.391 03047.642 03031.115 03014.870 02999.096 02984.226 02969.618 02955.789 02942.477 02929.231 02918.903 02909.351 02900.318 02891.603 02883.397 01915.267 01906.910 01899.503 01893.401 01887.783 01882.642 01879.827 01877.180 01875.452 01874.289 01873.440 01875.334 01878.285 01881.808 01886.164 01891.089 01896.946 01904.504 01912.446 02880.755 02889.033 02897.427 02906.609 02916.011
-9999.0 -9999.0 -9999.0 -9999.0 -9999.0 -9999.0 -9999.0 -9999.0 -9999.0 03352.373 03323.053 03294.450 03267.406 03242.159 03217.452 03193.699 03170.570 03148.458 03126.971 03105.857 03086.729 03067.901 03049.617 03031.644 03014.744 02998.488 02982.431 02967.257 02952.416 02938.337 02924.653 02911.316 02899.483 02889.551 02880.001 01908.776 01898.672 01889.480 01881.240 01873.617 01867.636 01862.040 01856.695 01853.931 01851.301 01849.542 01848.395 01847.551 01849.485 01852.458 01855.946 01860.376 01865.216 01871.338 01878.760 01886.664 01895.434 01905.659 01916.076 02886.662 02896.689
-9999.0 -9999.0 -9999.0 -9999.0 -9999.0 -9999.0 -9999.0 -9999.0 -9999.0 03337.624 03308.452 03280.119 03252.698 03226.749 03202.383 03178.609 03155.617 03133.464 03112.009 03091.125 03071.110 03052.436 03033.966 03016.119 02998.475 02982.216 02966.094 02950.300 02935.440 02920.796 02906.831 02893.039 01919.130 01906.791 01894.828 01883.477 01873.564 01864.170 01856.015 01848.154 01842.383 01836.900 01831.680 01828.758 01826.184 01824.411 01823.265 01822.413 01824.411 01827.379 01830.781 01835.221 01839.895 01846.179 01853.467 01861.358 01870.408 01880.475 01891.149 01903.221 01915.983
-9999.0 -9999.0 -9999.0 -9999.0 -9999.0 -9999.0 -9999.0 -9999.0 03353.592 03323.487 03294.056 03265.991 03238.756 03212.288 03187.593 03163.963 03141.017 03118.760 03097.388 03076.586 03056.220 03037.077 03018.707 03000.709 02983.015 02965.983 02949.772 02933.703 02918.379 02903.386 02888.677 01912.920 01895.668 01882.036 01870.142 01858.950 01848.840 01839.400 01831.474 01823.650 01817.781 01812.339 01807.221 01804.121 01801.596 01799.803 01798.650 01797.781 01799.863 01802.831 01806.159 01810.622 01815.193 01821.717 01828.956 01836.639 01845.819 01855.704 01866.702 01878.546 01891.434
-9999.0 -9999.0 -9999.0 -9999.0 -9999.0 -9999.0 -9999.0 -9999.0 03339.618 03309.628 03280.511 03252.327 03225.171 03198.928 03173.290 03149.613 03126.841 03104.594 03082.928 03062.306 03041.977 03021.926 03003.609 02985.433 02967.648 02949.981 02933.514 02917.278 02901.232 02885.604 01907.895 01889.983 01872.946 01857.672 01846.035 01835.037 01824.826 01815.447 01807.464 01799.761 01793.626 01788.180 01783.200 01779.965 01777.524 01775.735 01774.586 01773.708 01775.854 01778.779 01782.084 01786.428 01790.914 01797.738 01804.952 01812.469 01821.896 01831.592 01842.715 01854.444 01867.323
-9999.0 -9999.0 -9999.0 -9999.0 -9999.0 -9999.0 -9999.0 03358.053 03326.679 03296.005 03267.096 03239.112 03211.937 03185.829 03160.389 03135.604 03112.876 03090.733 03069.221 03048.192 03027.914 03007.965 02988.523 02970.368 02952.292 02934.602 02917.170 02900.780 02883.852 01904.751 01885.521 01867.709 01850.547 01834.059 01822.536 01811.623 01801.313 01792.032 01783.859 01776.392 01770.053 01764.660 01759.771 01756.367 01753.982 01752.178 01751.035 01750.147 01752.358 01755.269 01758.611 01762.869 01767.479 01774.299 01781.386 01789.026 01798.446 01808.114 01819.317 01831.147 01843.803
-9999.0 -9999.0 -9999.0 -9999.0 -9999.0 -9999.0 -9999.0 03345.205 03314.039 03283.635 03254.195 03226.214 03199.247 03172.963 03147.684 03123.120 03099.062 03077.150 03055.594 03034.552 03014.023 02994.037 02974.208 02955.309 02937.171 02919.159 02901.291 02883.673 01903.437 01882.824 01863.950 01845.760 01828.841 01812.591 01799.463 01788.567 01778.295 01769.192 01760.825 01753.512 01746.967 01741.648 01736.805 01733.202 01730.856 01729.021 01727.874 01726.966 01729.264 01732.184 01735.592 01739.798 01744.666 01751.349 01758.359 01766.284 01775.506 01785.310 01796.342 01808.314 01820.829
-9999.0 -9999.0 -9999.0 -9999.0 -9999.0 -9999.0 -9999.0 03333.180 03301.477 03271.411 03242.192 03213.757 03186.832 03160.682 03135.308 03110.798 03086.890 03063.721 03042.278 03021.121 03000.441 02980.230 02960.325 02940.501 02922.037 02903.729 02885.126 01903.288 01882.396 01861.921 01842.739 01824.517 01807.723 01791.468 01776.848 01766.176 01756.023 01746.813 01738.247 01731.022 01724.224 01719.082 01714.283 01710.513 01708.220 01706.369 01705.231 01704.307 01706.677 01709.580 01713.028 01717.148 01722.206 01728.774 01735.763 01744.002 01753.029 01763.053 01773.977 01785.819 01798.238
-9999.0 -9999.0 -9999.0 -9999.0 -9999.0 -9999.0 03353.979 03321.387 03289.930 03259.503 03230.341 03202.204 03174.735 03148.640 03123.394 03098.741 03074.934 03051.624 03029.079 03008.019 02987.165 02966.538 02946.515 02926.574 02906.817 02887.957 01906.253 01883.378 01861.713 01841.593 01821.964 01804.122 01786.889 01770.899 01755.271 01744.250 01734.145 01724.750 01716.138 01709.005 01701.989 01696.966 01692.202 01688.280 01686.041 01684.179 01683.051 01682.112 01684.553 01687.428 01690.908 01694.938 01700.228 01706.754 01713.604 01722.058 01730.924 01741.266 01752.270 01763.953 01776.201
-9999.0 -9999.0 -9999.0 -9999.0 -9999.0 -9999.0 03342.782 03310.237 03278.611 03248.439 03218.997 03190.907 03163.584 03137.017 03111.706 03087.147 03063.203 03039.887 03016.955 02994.961 02974.037 02953.288 02932.705 02912.623 02892.161 01910.099 01886.615 01863.861 01841.756 01821.662 01802.289 01783.987 01766.735 01750.815 01735.296 01722.603 01712.701 01703.193 01694.734 01687.420 01680.476 01675.255 01670.496 01666.389 01664.183 01662.301 01661.196 01660.247 01662.742 01665.609 01669.148 01673.123 01678.688 01685.172 01691.998 01700.566 01709.534 01719.828 01730.904 01742.496 01756.523
-9999.0 -9999.0 -9999.0 -9999.0 -9999.0 -9999.0 03331.872 03299.337 03267.910 03237.477 03208.284 03179.900 03152.631 03126.268 03100.413 03075.795 03051.870 03028.369 03005.452 02982.718 02961.000 02940.119 02919.316 02898.580 01916.974 01891.089 01867.434 01844.699 01822.949 01802.085 01783.000 01764.264 01747.354 01731.046 01715.746 01701.352 01691.661 01682.128 01673.699 01666.150 01659.344 01653.894 01649.166 01644.891 01642.727 01640.829 01639.735 01638.763 01641.343 01644.185 01647.766 01651.670 01657.488 01663.880 01671.028 01679.492 01688.710 01698.807 01709.979 01721.298 01737.209
-9999.0 -9999.0 -9999.0 -9999.0 -9999.0 03357.176 03321.997 03288.815 03257.610 03227.198 03197.891 03169.536 03142.060 03115.602 03089.976 03064.857 03040.714 03017.195 02994.056 02971.266 02948.546 02927.003 02905.959 02884.409 01899.007 01873.424 01848.415 01826.176 01804.506 01783.498 01764.060 01745.707 01728.188 01711.771 01696.579 01681.668 01670.926 01661.540 01653.006 01645.259 01638.554 01632.878 01628.196 01623.758 01621.638 01619.724 01618.634 01617.628 01620.318 01623.125 01626.741 01630.573 01636.635 01642.971 01650.409 01658.736 01668.189 01678.433 01689.404 01701.797 01718.302
-9999.0 -9999.0 -9999.0 -9999.0 -9999.0 03349.227 03314.109 03279.993 03247.460 03217.286 03188.002 03159.567 03132.125 03105.433 03079.593 03054.661 03030.008 03006.249 02982.962 02959.893 02937.141 02914.222 02892.375 01908.096 01881.450 01855.928 01831.302 01807.995 01786.427 01765.665 01745.505 01727.325 01709.512 01693.246 01677.734 01662.959 01650.479 01641.268 01632.643 01624.714 01618.095 01612.145 01607.479 01602.984 01600.747 01598.822 01597.739 01596.779 01599.498 01602.269 01605.950 01609.979 01616.106 01622.405 01630.120 01638.304 01648.020 01658.329 01669.076 01683.500 01699.727
-9999.0 -9999.0 -9999.0 -9999.0 -9999.0 03341.575 03306.435 03272.407 03239.524 03207.561 03178.354 03149.998 03122.498 03095.748 03069.846 03044.508 03019.962 02995.691 02972.040 02948.810 02925.706 02902.727 01918.478 01891.092 01864.607 01838.874 01814.584 01790.715 01768.865 01748.191 01728.146 01709.313 01691.769 01674.980 01659.227 01644.604 01630.323 01621.315 01612.553 01604.546 01597.830 01591.614 01586.981 01582.504 01580.074 01578.125 01577.049 01576.150 01578.890 01581.634 01585.374 01589.692 01595.796 01602.020 01610.077 01618.535 01628.173 01638.494 01649.507 01665.424 01681.594
-9999.0 -9999.0 -9999.0 -9999.0 -9999.0 03334.528 03299.185 03265.087 03232.272 03200.535 03169.580 03140.672 03113.244 03086.468 03060.361 03034.985 03010.014 02985.757 02961.540 02937.882 02914.502 02890.800 01903.610 01874.308 01848.033 01822.654 01798.036 01774.614 01751.665 01731.099 01711.189 01691.837 01674.249 01657.161 01641.417 01626.555 01612.183 01601.490 01592.742 01584.726 01577.759 01571.306 01566.707 01562.234 01559.605 01557.617 01556.516 01555.692 01558.454 01561.295 01565.000 01569.611 01575.690 01582.192 01590.231 01598.996 01608.701 01618.926 01631.941 01647.680 01664.112
-9999.0 -9999.0 -9999.0 -9999.0 -9999.0 03327.903 03292.348 03258.447 03225.376 03193.680 03162.824 03132.903 03104.142 03077.480 03051.396 03025.675 03000.690 02975.832 02951.629 02927.369 02903.464 01918.855 01888.877 01859.846 01831.883 01806.774 01782.250 01758.695 01736.036 01714.295 01694.571 01675.363 01656.965 01640.085 01623.907 01608.730 01594.426 01581.831 01573.214 01565.100 01557.867 01551.421 01546.514 01542.014 01539.164 01537.141 01536.015 01535.265 01538.052 01541.000 01544.695 01549.645 01555.737 01562.616 01570.574 01579.641 01589.415 01599.490 01614.614 01630.355 01646.906
-9999.0 -9999.0 -9999.0 -9999.0 03358.489 03321.983 03286.406 03252.056 03219.053 03187.190 03156.217 03126.405 03097.247 03068.748 03042.550 03016.914 02991.551 02966.607 02941.752 02917.384 02892.563 01904.547 01874.665 01845.661 01817.808 01791.032 01766.868 01743.299 01720.635 01698.694 01678.242 01659.104 01640.465 01623.285 01606.795 01591.471 01576.870 01562.635 01553.781 01545.539 01538.004 01531.566 01526.345 01521.832 01518.751 01516.730 01515.539 01514.866 01517.680 01520.733 01524.410 01529.716 01535.806 01543.079 01551.085 01560.477 01570.262 01581.973 01597.480 01613.524 01630.386
-9999.0 -9999.0 -9999.0 -9999.0 03353.384 03316.210 03280.688 03246.457 03213.198 03181.006 03150.128 03120.051 03090.960 03062.580 03034.636 03008.204 02982.842 02957.554 02932.537 02907.476 02882.129 01891.073 01860.755 01831.975 01804.167 01777.234 01751.750 01728.380 01705.554 01683.830 01662.481 01643.198 01624.702 01606.598 01590.247 01574.344 01559.522 01545.251 01534.332 01526.010 01518.169 01511.730 01506.187 01501.672 01498.330 01496.316 01495.050 01494.450 01497.311 01500.476 01504.135 01509.810 01515.899 01523.569 01531.958 01541.395 01551.156 01565.152 01580.684 01596.820 01614.322
-9999.0 -9999.0 -9999.0 -9999.0 03348.760 03311.685 03275.655 03240.864 03207.778 03175.658 03144.359 03114.246 03084.980 03056.448 03028.595 03001.061 02974.130 02948.838 02923.502 02898.063 01909.841 01878.378 01847.766 01818.664 01790.867 01764.056 01738.090 01713.707 01691.180 01669.109 01648.045 01627.515 01609.086 01590.945 01573.819 01557.692 01542.521 01527.966 01514.852 01506.553 01498.638 01491.859 01485.962 01481.415 01477.787 01475.780 01474.439 01473.915 01476.827 01480.103 01483.777 01489.859 01496.106 01504.076 01512.857 01522.340 01532.889 01548.432 01564.264 01580.923 01598.374
