tests/Flatland_ReactionIntensity.asc
NCOLS 100
NROWS 100
XLLCORNER 20000.000000
YLLCORNER 20000.000000
CELLSIZE 30.000000
NODATA_VALUE -9999.0
[rows 27 to 53 of 100, columns 0 to 60 of 100]
-9999.0 -9999.0 -9999.0 -9999.0 00607.408 00613.911 00629.092 00635.299 00646.075 00653.696 00663.656 00671.734 00681.698 00687.195 00693.609 00694.846 00695.760 00693.733 00690.150 00632.585 00608.629 00614.914 00627.746 00633.159 00642.359 00647.989 00655.703 00663.712 00669.112 00677.055 00683.085 00687.121 00691.657 00694.732 00695.268 00695.825 00696.338 00695.385 00693.625 00692.290 00691.196 00690.287 00689.501 00686.671 00668.882 00659.848 00653.398 00651.390 00664.782 00680.162 00689.253 00690.026 00690.870 00691.935 00693.278 00694.551 00696.008 00696.133 00695.600 00695.034 00694.002
-9999.0 -9999.0 -9999.0 -9999.0 00608.543 00614.300 00630.172 00638.132 00646.574 00655.654 00664.558 00673.748 00682.520 00688.448 00694.175 00695.041 00695.949 00692.873 00689.147 00596.637 00611.807 00620.270 00630.693 00636.640 00645.395 00650.215 00659.775 00666.286 00674.134 00681.770 00685.537 00690.397 00694.631 00695.178 00695.790 00696.353 00695.204 00693.287 00691.185 00689.682 00678.446 00644.757 00615.487 00596.211 00602.709 00604.936 00605.469 00605.599 00603.956 00598.612 00607.601 00635.183 00667.160 00689.418 00690.605 00691.849 00694.153 00695.943 00696.119 00695.545 00694.938
-9999.0 -9999.0 -9999.0 -9999.0 00609.175 00614.620 00630.651 00639.889 00647.036 00656.888 00665.271 00675.191 00683.339 00689.573 00694.317 00695.224 00695.519 00692.030 00685.035 00605.344 00613.553 00625.708 00632.242 00641.040 00647.447 00654.890 00663.543 00669.457 00678.224 00684.140 00688.745 00693.498 00695.037 00695.698 00696.285 00695.241 00693.124 00690.896 00689.021 00624.548 00598.092 00605.925 00608.262 00610.006 00611.562 00612.142 00612.442 00612.497 00611.809 00610.590 00608.912 00606.717 00601.821 00616.814 00658.965 00689.675 00691.751 00694.133 00696.076 00696.031 00695.394
-9999.0 -9999.0 -9999.0 -9999.0 00609.693 00616.835 00630.857 00640.655 00647.480 00658.005 00665.942 00676.444 00683.958 00690.522 00694.454 00695.380 00694.956 00691.235 00659.500 00607.441 00614.782 00628.515 00633.730 00643.763 00649.130 00658.676 00665.866 00673.831 00681.977 00686.399 00691.832 00694.835 00695.482 00696.150 00695.536 00693.330 00690.844 00682.187 00612.015 00606.815 00610.268 00612.549 00613.835 00614.846 00615.720 00616.594 00618.198 00618.389 00615.858 00615.188 00614.203 00613.009 00611.032 00607.940 00604.207 00638.207 00689.623 00691.838 00694.385 00696.496 00695.882
-9999.0 -9999.0 -9999.0 -9999.0 00610.121 00618.795 00631.022 00641.078 00647.726 00658.932 00666.582 00677.576 00684.548 00691.318 00694.562 00695.522 00694.436 00690.613 00635.772 00609.387 00615.963 00630.306 00637.492 00646.268 00652.310 00662.019 00668.214 00677.545 00683.988 00689.075 00694.363 00695.232 00695.932 00696.185 00693.855 00691.164 00685.287 00607.886 00607.514 00612.483 00614.905 00617.848 00624.430 00626.242 00627.709 00628.442 00628.967 00628.998 00628.005 00626.858 00625.077 00620.304 00615.274 00613.551 00611.012 00605.166 00639.547 00689.802 00692.310 00694.875 00696.301
-9999.0 -9999.0 -9999.0 -9999.0 00610.354 00620.258 00631.161 00641.445 00647.916 00659.432 00666.934 00678.518 00685.157 00692.048 00694.662 00695.635 00694.002 00690.028 00614.695 00611.153 00621.483 00631.371 00640.337 00647.578 00656.295 00664.577 00671.926 00681.064 00685.931 00691.628 00694.884 00695.626 00696.361 00694.678 00691.850 00689.255 00615.800 00607.518 00612.730 00615.759 00626.223 00628.625 00630.800 00631.831 00632.601 00633.028 00633.311 00633.312 00632.769 00632.178 00631.177 00629.304 00626.716 00622.717 00614.665 00610.982 00604.818 00651.723 00690.362 00693.134 00695.744
-9999.0 -9999.0 -9999.0 -9999.0 00610.468 00620.965 00631.227 00641.703 00648.083 00659.862 00667.203 00679.012 00685.592 00692.653 00694.770 00695.741 00693.595 00689.583 00596.297 00612.397 00624.731 00632.241 00641.959 00648.545 00658.578 00666.592 00675.467 00683.103 00688.319 00693.920 00695.209 00695.994 00695.662 00692.863 00690.082 00635.837 00606.579 00612.528 00615.895 00626.662 00631.280 00633.015 00634.163 00637.309 00639.815 00640.877 00641.400 00641.372 00640.364 00638.434 00635.037 00633.322 00631.938 00630.001 00624.611 00614.508 00610.256 00599.310 00675.151 00691.295 00694.342
-9999.0 -9999.0 -9999.0 -9999.0 00610.496 00621.103 00631.257 00641.824 00648.150 00660.142 00667.641 00679.440 00685.913 00692.961 00694.831 00695.828 00693.117 00689.162 00601.003 00613.089 00626.108 00633.025 00643.403 00649.499 00660.536 00667.816 00678.368 00684.777 00690.498 00694.788 00695.555 00696.348 00694.435 00691.177 00666.971 00603.312 00611.602 00615.491 00626.572 00631.399 00634.077 00640.660 00642.741 00644.688 00646.046 00646.737 00647.060 00647.025 00646.399 00645.232 00643.413 00641.121 00637.198 00633.148 00629.730 00624.054 00613.889 00608.633 00616.533 00689.676 00692.537
-9999.0 -9999.0 -9999.0 -9999.0 00610.238 00620.609 00631.264 00641.849 00648.177 00660.267 00667.842 00679.693 00686.171 00693.230 00694.875 00695.870 00692.857 00688.816 00604.923 00613.733 00627.215 00633.659 00644.731 00651.230 00662.336 00669.902 00680.290 00686.262 00692.616 00695.060 00695.885 00695.905 00692.889 00689.770 00611.420 00609.230 00614.454 00625.584 00631.168 00634.145 00641.577 00646.343 00647.787 00648.959 00649.821 00650.944 00651.755 00651.615 00650.061 00649.283 00648.180 00646.718 00644.572 00639.168 00632.909 00628.916 00619.671 00612.665 00605.608 00655.865 00691.109
-9999.0 -9999.0 -9999.0 -9999.0 00609.890 00619.235 00631.158 00641.691 00648.157 00660.299 00667.904 00679.798 00686.281 00693.371 00694.908 00695.909 00692.675 00688.654 00605.559 00614.265 00628.263 00634.679 00645.747 00653.049 00663.749 00671.811 00681.957 00687.560 00694.012 00695.356 00696.188 00694.811 00691.456 00666.663 00605.393 00612.931 00621.572 00629.940 00633.741 00641.389 00646.410 00649.378 00653.393 00656.255 00658.186 00659.501 00660.150 00659.996 00658.739 00656.971 00654.177 00650.531 00648.337 00644.398 00638.097 00632.291 00627.086 00615.153 00610.158 00609.148 00689.815
-9999.0 -9999.0 -9999.0 -9999.0 00609.354 00617.207 00631.026 00641.424 00648.029 00660.034 00667.748 00679.813 00686.305 00693.426 00694.922 00695.926 00692.546 00688.212 00605.999 00614.495 00628.823 00636.219 00646.487 00654.607 00664.538 00673.472 00682.820 00688.738 00694.665 00695.536 00696.452 00693.627 00690.207 00621.479 00609.341 00615.064 00627.584 00632.666 00640.054 00645.924 00649.329 00655.735 00661.330 00663.487 00664.820 00665.724 00666.146 00666.020 00665.210 00663.987 00661.746 00658.960 00652.806 00648.031 00643.478 00635.226 00631.012 00624.325 00613.025 00605.253 00674.629
-9999.0 -9999.0 -9999.0 -9999.0 00608.715 00614.669 00630.845 00640.988 00647.849 00659.656 00667.347 00679.487 00686.164 00693.387 00694.926 00695.933 00692.497 00686.168 00606.283 00614.712 00629.201 00636.897 00646.792 00655.862 00665.324 00674.797 00683.488 00689.785 00694.804 00695.705 00696.089 00692.560 00689.017 00602.169 00612.477 00622.222 00630.971 00636.228 00644.238 00648.733 00655.136 00661.775 00666.418 00668.175 00670.202 00671.890 00672.644 00672.371 00670.944 00668.649 00666.991 00665.004 00659.235 00651.492 00647.181 00641.381 00633.176 00627.726 00614.985 00608.673 00632.902
-9999.0 -9999.0 -9999.0 -9999.0 00607.750 00614.388 00630.636 00640.489 00647.628 00659.133 00667.003 00679.049 00685.911 00693.179 00694.898 00695.920 00692.493 00685.514 00606.385 00614.792 00629.423 00637.474 00647.010 00656.319 00665.691 00675.802 00684.115 00690.583 00694.918 00695.861 00695.552 00691.849 00661.358 00607.612 00614.413 00626.832 00632.831 00641.368 00647.537 00652.851 00660.895 00666.017 00671.319 00676.076 00677.936 00679.567 00680.258 00679.967 00678.674 00676.456 00673.842 00668.512 00664.253 00657.789 00649.486 00645.193 00636.445 00630.893 00620.251 00611.889 00596.729
-9999.0 -9999.0 -9999.0 -9999.0 00606.211 00613.861 00629.957 00639.631 00647.324 00658.533 00666.676 00678.510 00685.541 00692.864 00694.857 00695.889 00692.630 00688.305 00606.316 00614.817 00629.498 00637.674 00647.119 00656.660 00665.964 00676.230 00684.419 00691.229 00695.019 00695.973 00695.093 00691.213 00640.110 00609.289 00616.006 00629.986 00634.892 00644.614 00649.513 00658.510 00665.034 00670.344 00677.243 00682.924 00683.818 00684.666 00685.027 00684.852 00684.158 00682.986 00681.357 00674.528 00667.605 00662.471 00654.419 00647.618 00641.211 00632.494 00625.955 00613.650 00604.746
-9999.0 -9999.0 -9999.0 -9999.0 00604.573 00613.317 00628.538 00636.487 00646.720 00657.129 00666.033 00677.655 00685.139 00692.524 00694.806 00695.842 00692.825 00688.646 00605.977 00614.656 00629.365 00637.679 00647.152 00656.772 00666.080 00676.531 00684.631 00691.494 00695.068 00696.066 00694.704 00690.754 00620.591 00610.965 00620.788 00631.603 00640.343 00647.115 00653.568 00662.596 00668.135 00675.920 00682.514 00685.917 00688.068 00689.096 00689.631 00689.367 00688.377 00686.914 00684.651 00679.893 00672.439 00665.874 00658.800 00649.407 00644.022 00634.024 00628.300 00614.439 00606.233
-9999.0 -9999.0 -9999.0 -9999.0 -9999.0 00612.722 00626.944 00632.886 00646.082 00655.566 00665.162 00676.111 00684.342 00691.730 00694.713 00695.784 00693.044 00688.832 00605.453 00614.417 00629.026 00637.154 00647.035 00656.693 00666.114 00676.627 00684.698 00691.661 00695.099 00696.102 00694.518 00690.386 00604.802 00612.173 00624.605 00632.384 00642.104 00648.939 00657.816 00665.479 00672.665 00680.831 00685.260 00689.617 00692.953 00693.830 00694.364 00694.079 00693.107 00691.801 00687.739 00683.650 00677.345 00668.386 00662.351 00652.659 00646.612 00636.578 00629.552 00615.190 00607.446
-9999.0 -9999.0 -9999.0 -9999.0 -9999.0 00612.025 00625.142 00632.283 00644.901 00653.003 00664.195 00674.448 00683.540 00690.714 00694.579 00695.642 00693.607 00689.196 00604.747 00614.140 00628.570 00636.398 00646.827 00656.328 00665.912 00676.463 00684.697 00691.714 00695.109 00696.122 00694.414 00690.248 00597.314 00612.745 00625.755 00633.037 00643.406 00649.700 00661.001 00667.809 00676.772 00683.792 00688.311 00693.123 00695.485 00695.599 00695.653 00695.613 00695.506 00695.255 00691.023 00685.990 00681.354 00672.365 00665.032 00656.367 00647.373 00638.676 00630.628 00615.764 00608.374
-9999.0 -9999.0 -9999.0 -9999.0 -9999.0 00610.285 00622.961 00631.616 00643.251 00649.774 00663.085 00672.288 00682.647 00689.614 00694.439 00695.490 00694.143 00689.780 00598.196 00613.360 00627.583 00635.195 00646.577 00655.807 00665.641 00676.084 00684.526 00691.553 00695.101 00696.129 00694.381 00690.182 00596.690 00612.948 00626.289 00633.526 00644.465 00650.903 00662.447 00670.293 00680.565 00685.739 00691.286 00695.295 00695.912 00696.258 00696.319 00696.271 00696.149 00695.635 00693.999 00688.761 00683.643 00676.109 00666.546 00657.668 00647.973 00640.316 00631.163 00616.127 00608.580
-9999.0 -9999.0 -9999.0 -9999.0 -9999.0 00607.870 00614.516 00630.911 00641.545 00648.286 00661.181 00669.795 00681.638 00688.237 00694.275 00695.315 00694.717 00690.411 00610.196 00612.441 00626.052 00633.585 00645.548 00654.206 00665.070 00675.564 00684.306 00691.314 00695.073 00696.097 00694.435 00690.183 00597.140 00613.026 00626.507 00633.681 00644.948 00652.272 00663.717 00671.757 00682.355 00688.264 00693.781 00695.664 00696.361 00696.930 00696.968 00696.923 00696.826 00696.057 00695.361 00691.114 00685.361 00677.740 00667.228 00658.773 00648.418 00640.686 00631.252 00616.426 00608.576
-9999.0 -9999.0 -9999.0 -9999.0 -9999.0 00605.036 00613.547 00629.352 00639.073 00647.262 00658.734 00667.089 00679.758 00686.791 00694.106 00695.120 00695.356 00691.144 00635.814 00610.953 00624.372 00632.744 00644.123 00652.026 00663.972 00673.757 00683.582 00690.650 00695.022 00696.067 00694.538 00690.305 00596.032 00612.981 00626.604 00633.739 00645.114 00652.638 00664.095 00672.968 00683.042 00689.094 00695.254 00696.015 00696.759 00685.779 00682.819 00683.520 00693.334 00696.420 00695.647 00692.840 00685.874 00678.837 00667.773 00659.176 00648.476 00640.733 00631.225 00616.152 00608.365
-9999.0 -9999.0 -9999.0 -9999.0 -9999.0 -9999.0 00612.539 00626.671 00632.866 00646.150 00655.966 00665.509 00676.971 00684.887 00692.586 00694.868 00695.950 00692.094 00663.432 00608.917 00619.318 00631.788 00642.443 00649.655 00662.446 00671.710 00682.668 00689.510 00694.878 00695.921 00694.907 00690.557 00599.672 00612.803 00626.321 00633.672 00645.141 00652.792 00664.206 00673.223 00683.333 00689.762 00695.347 00696.248 00694.955 00677.583 00668.428 00669.099 00685.690 00696.747 00695.796 00693.438 00686.325 00679.161 00667.818 00659.190 00648.454 00640.623 00631.041 00615.689 00607.587
-9999.0 -9999.0 -9999.0 -9999.0 -9999.0 -9999.0 00610.861 00623.876 00631.897 00644.068 00651.629 00663.838 00674.051 00683.459 00690.760 00694.604 00695.693 00693.266 00688.822 00606.052 00615.038 00630.563 00640.429 00648.533 00660.358 00669.450 00681.504 00688.179 00694.718 00695.747 00695.481 00691.214 00621.598 00612.088 00625.576 00633.520 00644.919 00652.561 00664.191 00673.361 00683.389 00689.871 00695.383 00696.320 00691.216 00671.090 -9999.000 00663.412 00679.937 00696.828 00695.849 00693.532 00686.337 00679.119 00667.788 00658.867 00648.164 00639.687 00630.475 00615.213 00606.598
-9999.0 -9999.0 -9999.0 -9999.0 -9999.0 -9999.0 00607.307 00614.351 00630.781 00641.340 00648.268 00661.337 00670.246 00681.928 00688.784 00694.359 00695.425 00694.294 00689.869 00598.117 00613.475 00627.981 00636.267 00647.076 00657.423 00666.994 00678.825 00686.461 00694.097 00695.534 00696.132 00691.963 00646.275 00610.251 00622.863 00632.613 00643.683 00651.285 00663.888 00673.161 00683.382 00689.932 00695.389 00696.331 00691.024 00670.519 00487.672 00668.064 00679.767 00696.825 00695.846 00693.527 00686.211 00678.693 00667.337 00658.084 00647.765 00638.388 00629.362 00614.272 00603.313
-9999.0 -9999.0 -9999.0 -9999.0 -9999.0 -9999.0 00602.579 00613.102 00628.239 00636.538 00646.862 00657.814 00666.610 00678.997 00686.315 00693.974 00695.089 00695.385 00691.095 00631.410 00611.521 00625.084 00633.221 00645.147 00653.956 00665.128 00675.900 00684.739 00692.242 00695.252 00696.342 00693.127 00680.704 00607.735 00616.201 00631.589 00642.016 00649.570 00662.019 00671.249 00682.765 00689.540 00695.395 00696.343 00690.784 00670.342 00468.482 00667.900 00679.830 00696.831 00695.827 00693.248 00685.860 00677.824 00666.406 00655.906 00646.434 00634.093 00626.530 00612.561 00613.551
-9999.0 -9999.0 -9999.0 -9999.0 -9999.0 -9999.0 -9999.0 00611.573 00624.623 00632.184 00644.856 00653.309 00664.488 00675.284 00684.111 00691.657 00694.736 00695.837 00692.568 00677.210 00607.913 00617.097 00631.523 00642.160 00649.596 00662.552 00672.079 00682.955 00690.044 00694.968 00696.047 00694.391 00689.879 00604.440 00614.430 00629.611 00638.887 00648.150 00659.329 00668.461 00680.970 00688.149 00695.234 00696.237 00691.128 00670.164 00449.293 00667.735 00679.935 00696.737 00695.667 00691.615 00684.278 00674.196 00664.172 00651.573 00643.688 00632.508 00621.547 00609.546 00658.465
-9999.0 -9999.0 -9999.0 -9999.0 -9999.0 -9999.0 -9999.0 00607.424 00614.403 00630.839 00641.506 00648.359 00661.590 00670.593 00682.081 00689.013 00694.389 00695.465 00694.130 00689.648 00601.260 00613.905 00628.778 00637.801 00647.620 00658.612 00667.799 00680.190 00687.469 00694.652 00695.698 00695.553 00691.200 00617.418 00612.427 00626.428 00634.088 00646.481 00656.088 00666.584 00678.187 00686.350 00694.353 00696.066 00694.896 00673.330 00430.103 00663.810 00686.221 00696.401 00695.360 00688.975 00682.031 00669.656 00660.347 00648.603 00640.109 00630.229 00614.778 00605.279 00689.661
-9999.0 -9999.0 -9999.0 -9999.0 -9999.0 -9999.0 -9999.0 -9999.0 00612.860 00627.617 00635.075 00646.622 00657.242 00666.302 00678.482 00685.978 00693.688 00695.048 00695.511 00691.240 00635.238 00611.255 00624.888 00633.144 00645.051 00653.868 00665.126 00676.006 00684.878 00692.505 00695.307 00696.408 00692.752 00666.550 00608.681 00618.345 00631.871 00642.336 00649.673 00661.987 00670.997 00682.481 00688.904 00695.266 00696.198 00694.785 00677.671 00689.567 00696.691 00695.965 00693.624 00685.678 00676.874 00665.809 00654.798 00645.823 00633.746 00625.792 00612.077 00625.583 00691.428
