tests/Flatland_HeatPerUnitArea.asc
NCOLS 100
NROWS 100
XLLCORNER 20000.000000
YLLCORNER 20000.000000
CELLSIZE 30.000000
NODATA_VALUE -9999.0
[rows 27 to 53 of 100, columns 0 to 60 of 100]
-9999.0 -9999.0 -9999.0 -9999.0 05026.908 05080.403 05206.189 05257.671 05346.553 05409.804 05492.085 05559.073 05641.355 05686.910 05739.935 05750.141 05757.702 05740.928 05711.304 05284.923 05036.948 05088.732 05195.138 05239.714 05316.038 05362.470 05426.248 05492.529 05537.311 05603.151 05652.871 05686.291 05723.839 05749.194 05753.625 05758.239 05762.484 05754.624 05740.082 05729.023 05719.967 05712.440 05705.926 05686.906 05567.482 05502.419 05453.982 05438.540 05538.348 05644.481 05703.861 05710.276 05717.257 05726.063 05737.240 05747.704 05759.767 05760.784 05756.381 05751.691 05743.196
-9999.0 -9999.0 -9999.0 -9999.0 05036.282 05083.605 05214.960 05281.004 05350.709 05425.864 05499.587 05575.560 05648.187 05697.254 05744.580 05751.751 05759.260 05733.834 05703.000 04937.566 05062.967 05133.399 05219.258 05268.722 05341.017 05380.862 05460.222 05513.898 05578.780 05641.929 05673.106 05713.353 05748.358 05752.887 05757.951 05762.608 05753.122 05737.228 05719.830 05707.422 05633.052 05386.288 05130.231 04933.944 04987.940 05006.135 05010.613 05011.708 04998.107 04954.104 05053.124 05307.351 05555.318 05705.232 05715.067 05725.346 05744.399 05759.234 05760.674 05755.925 05750.896
-9999.0 -9999.0 -9999.0 -9999.0 05041.484 05086.231 05218.918 05295.428 05354.550 05436.240 05505.495 05587.646 05654.975 05706.514 05745.759 05753.262 05755.723 05726.858 05675.474 05009.581 05077.488 05178.207 05232.146 05305.019 05357.979 05419.627 05491.110 05540.192 05612.841 05661.604 05699.715 05739.050 05751.714 05757.191 05762.050 05753.430 05735.911 05717.472 05701.927 05214.311 04949.759 05014.449 05033.912 05048.283 05060.996 05065.734 05068.248 05068.700 05063.006 05053.067 05039.284 05021.070 04980.668 05142.819 05495.885 05707.372 05724.515 05744.233 05760.324 05759.943 05754.669
-9999.0 -9999.0 -9999.0 -9999.0 05045.735 05104.907 05220.633 05301.871 05358.225 05445.577 05511.034 05598.100 05660.084 05714.422 05746.890 05754.559 05751.067 05720.258 05499.265 05027.102 05087.638 05201.466 05244.402 05327.664 05371.867 05451.113 05510.429 05576.306 05643.655 05680.294 05725.293 05750.049 05755.404 05760.931 05755.872 05737.615 05717.044 05657.838 05096.766 05021.883 05050.433 05069.135 05079.825 05088.180 05095.357 05102.682 05116.172 05117.767 05096.490 05090.988 05082.868 05072.967 05056.680 05031.248 05000.144 05332.781 05706.940 05725.254 05746.324 05763.794 05758.709
-9999.0 -9999.0 -9999.0 -9999.0 05049.237 05121.234 05221.999 05305.418 05360.261 05453.277 05516.290 05607.493 05664.942 05721.035 05747.789 05755.733 05746.760 05715.123 05312.061 05043.186 05097.371 05216.087 05275.765 05348.146 05398.359 05478.664 05529.780 05607.225 05660.344 05702.431 05746.156 05753.328 05759.121 05761.231 05741.948 05719.685 05678.000 05055.982 05027.686 05068.584 05088.660 05113.243 05167.443 05182.651 05194.839 05200.886 05205.193 05205.449 05197.282 05187.784 05172.898 05133.687 05091.698 05077.472 05056.509 05008.067 05343.913 05708.421 05729.174 05750.395 05762.175
-9999.0 -9999.0 -9999.0 -9999.0 05051.143 05133.296 05223.157 05308.479 05361.828 05457.409 05519.180 05615.272 05669.970 05727.078 05748.609 05756.671 05743.163 05710.296 05122.710 05057.652 05143.379 05224.918 05299.101 05359.065 05431.167 05499.746 05560.570 05636.173 05676.396 05723.593 05750.449 05756.589 05762.674 05748.768 05725.357 05703.879 05133.209 05027.741 05070.648 05095.677 05182.503 05202.392 05220.140 05228.732 05235.119 05238.645 05240.975 05240.984 05236.508 05231.612 05223.278 05207.962 05186.614 05153.492 05086.685 05056.260 05005.137 05441.116 05713.063 05735.999 05757.584
-9999.0 -9999.0 -9999.0 -9999.0 05052.075 05139.090 05223.704 05310.631 05363.205 05460.955 05521.382 05619.337 05673.599 05732.070 05749.510 05757.544 05739.791 05706.616 04935.997 05067.875 05170.014 05232.135 05312.712 05367.059 05450.296 05516.415 05589.895 05653.024 05696.207 05742.518 05753.140 05759.638 05756.915 05733.752 05710.739 05312.879 05019.913 05068.962 05096.789 05186.133 05224.136 05238.536 05247.969 05274.257 05294.814 05303.613 05308.009 05307.778 05299.289 05283.528 05255.311 05241.072 05229.619 05213.648 05168.964 05085.390 05050.328 04959.911 05610.832 05720.765 05745.970
-9999.0 -9999.0 -9999.0 -9999.0 05052.297 05140.218 05223.953 05311.644 05363.753 05463.266 05525.053 05622.849 05676.276 05734.605 05750.016 05758.265 05735.849 05703.124 04973.932 05073.638 05181.548 05238.614 05324.690 05374.898 05466.504 05526.461 05614.039 05666.851 05714.201 05749.659 05756.007 05762.570 05746.735 05719.792 05553.985 04992.867 05061.319 05093.478 05185.395 05225.133 05247.268 05301.813 05319.035 05335.259 05346.351 05352.043 05354.744 05354.452 05349.222 05339.720 05324.763 05305.596 05273.227 05239.629 05211.426 05164.345 05080.270 05036.978 05140.168 05707.377 05731.053
-9999.0 -9999.0 -9999.0 -9999.0 05050.196 05136.172 05224.013 05311.848 05363.980 05464.292 05526.741 05624.920 05678.415 05736.822 05750.379 05758.614 05733.703 05700.250 05006.039 05078.980 05190.741 05243.819 05335.604 05389.383 05481.246 05543.902 05629.850 05679.153 05731.775 05751.911 05758.738 05758.914 05733.969 05708.156 05090.936 05041.902 05084.941 05177.102 05223.205 05247.824 05309.558 05348.765 05360.793 05370.484 05377.564 05386.951 05393.737 05392.572 05379.527 05373.152 05364.052 05351.892 05334.472 05289.610 05237.658 05204.753 05128.441 05070.106 05011.785 05472.715 05719.227
-9999.0 -9999.0 -9999.0 -9999.0 05047.352 05124.868 05223.130 05310.537 05363.812 05464.551 05527.260 05625.780 05679.331 05737.981 05750.654 05758.935 05732.199 05698.904 05011.391 05083.377 05199.345 05252.338 05343.877 05404.500 05492.829 05559.719 05643.490 05689.928 05743.274 05754.361 05761.246 05749.863 05722.090 05551.804 05009.980 05072.321 05144.133 05213.130 05244.511 05307.906 05349.311 05373.925 05407.353 05430.790 05447.005 05457.956 05463.328 05462.060 05451.618 05436.813 05413.818 05383.480 05365.345 05332.947 05280.800 05232.551 05189.618 05090.703 05049.523 05068.547 05708.531
-9999.0 -9999.0 -9999.0 -9999.0 05042.954 05108.018 05222.034 05308.308 05362.761 05462.375 05525.952 05625.903 05679.536 05738.429 05750.765 05759.078 05731.135 05695.813 05015.076 05085.279 05204.010 05265.224 05349.984 05417.311 05499.389 05573.366 05650.671 05699.660 05748.641 05755.848 05763.425 05740.066 05711.775 05186.341 05042.816 05089.975 05193.919 05235.653 05296.747 05345.362 05373.520 05426.557 05473.065 05490.667 05501.744 05509.256 05512.755 05511.707 05504.986 05494.789 05476.480 05453.470 05402.474 05362.807 05325.310 05256.897 05221.900 05166.554 05073.106 05008.793 05607.276
-9999.0 -9999.0 -9999.0 -9999.0 05037.706 05086.645 05220.535 05304.662 05361.277 05459.261 05522.582 05623.238 05678.359 05738.114 05750.796 05759.128 05730.728 05682.761 05017.451 05087.068 05207.106 05270.853 05352.524 05427.542 05505.977 05584.271 05656.213 05708.266 05749.790 05757.249 05760.435 05731.250 05701.898 04983.466 05068.537 05149.416 05221.557 05265.285 05331.581 05368.623 05421.664 05476.672 05515.002 05529.442 05546.389 05560.387 05566.603 05564.357 05552.544 05533.381 05519.730 05503.280 05455.706 05391.530 05355.753 05307.851 05239.862 05195.054 05089.324 05037.186 05287.832
-9999.0 -9999.0 -9999.0 -9999.0 05029.741 05084.327 05218.790 05300.477 05359.448 05454.939 05519.748 05619.641 05676.253 05736.403 05750.568 05759.025 05730.696 05678.563 05018.306 05087.725 05208.904 05275.619 05354.342 05431.367 05509.014 05592.699 05661.398 05714.907 05750.733 05758.532 05755.998 05725.346 05513.533 05028.512 05084.604 05187.572 05237.017 05307.745 05358.712 05402.860 05469.479 05511.663 05555.632 05595.024 05610.226 05623.930 05629.623 05627.227 05616.548 05597.953 05576.325 05532.221 05497.007 05443.678 05374.817 05339.404 05267.092 05220.902 05133.254 05063.643 04938.311
-9999.0 -9999.0 -9999.0 -9999.0 05016.948 05079.988 05213.222 05293.243 05356.940 05449.962 05517.063 05615.204 05673.175 05733.807 05750.227 05758.764 05731.830 05696.402 05017.725 05087.927 05209.514 05277.268 05355.247 05434.240 05511.239 05596.277 05663.904 05720.285 05751.572 05759.466 05752.203 05720.090 05348.546 05042.383 05097.707 05213.525 05254.088 05334.676 05375.036 05449.708 05503.531 05547.647 05604.844 05651.521 05658.947 05665.956 05668.935 05667.491 05661.758 05652.034 05638.788 05582.105 05524.771 05482.398 05415.800 05359.390 05306.422 05234.234 05180.259 05078.294 05004.538
-9999.0 -9999.0 -9999.0 -9999.0 05003.229 05075.490 05201.657 05267.499 05351.929 05438.258 05511.783 05608.147 05669.821 05731.009 05749.803 05758.377 05733.438 05698.831 05014.896 05086.606 05208.428 05277.309 05355.528 05435.184 05512.198 05598.790 05665.651 05722.487 05751.977 05760.230 05748.980 05716.302 05178.160 05056.123 05137.773 05226.834 05299.114 05355.201 05408.797 05483.418 05529.116 05593.601 05648.092 05676.258 05694.146 05702.635 05707.038 05704.867 05696.705 05684.560 05665.827 05626.672 05564.934 05510.503 05452.127 05374.166 05329.805 05246.836 05199.713 05084.816 05017.044
-9999.0 -9999.0 -9999.0 -9999.0 -9999.0 05070.567 05188.554 05237.391 05346.609 05425.119 05504.589 05595.330 05663.249 05724.447 05749.034 05757.909 05735.248 05700.381 05010.501 05084.636 05205.660 05272.979 05354.556 05434.521 05512.482 05599.587 05666.206 05723.870 05752.231 05760.530 05747.435 05713.260 05024.817 05066.000 05168.913 05233.316 05313.898 05370.318 05443.909 05507.228 05566.781 05634.244 05670.825 05706.900 05734.316 05741.786 05746.210 05743.869 05735.782 05724.780 05691.371 05657.516 05605.534 05531.173 05481.422 05401.266 05351.001 05268.194 05209.983 05091.003 05027.136
-9999.0 -9999.0 -9999.0 -9999.0 -9999.0 05064.773 05173.570 05232.440 05336.969 05404.115 05496.574 05581.417 05656.632 05716.020 05747.926 05756.727 05739.889 05703.401 05004.558 05082.346 05201.919 05266.711 05352.821 05431.446 05510.813 05598.224 05666.190 05724.312 05752.311 05760.695 05746.572 05712.120 04946.557 05070.772 05178.580 05238.715 05324.710 05376.569 05470.347 05526.452 05600.638 05658.732 05696.131 05736.228 05755.470 05756.357 05756.811 05756.473 05755.599 05753.544 05718.672 05676.856 05638.608 05564.183 05503.419 05431.710 05357.349 05285.510 05218.745 05095.720 05034.830
-9999.0 -9999.0 -9999.0 -9999.0 -9999.0 05050.576 05155.321 05226.932 05323.454 05377.282 05487.311 05563.622 05649.246 05706.851 05746.768 05755.470 05744.330 05708.247 04950.636 05075.884 05193.789 05256.672 05350.731 05427.096 05508.573 05595.058 05664.786 05722.979 05752.251 05760.752 05746.295 05711.571 04937.987 05072.457 05183.048 05242.744 05333.441 05386.600 05482.191 05547.057 05632.286 05674.790 05720.765 05753.856 05758.958 05761.823 05762.330 05761.927 05760.924 05756.678 05743.325 05699.878 05657.494 05595.221 05516.010 05442.657 05362.334 05298.879 05223.158 05098.728 05036.532
-9999.0 -9999.0 -9999.0 -9999.0 -9999.0 05030.728 05085.381 05221.081 05309.312 05364.877 05471.787 05543.044 05640.853 05695.513 05745.409 05754.021 05749.095 05713.456 05079.036 05068.239 05181.085 05243.233 05342.261 05414.025 05503.836 05590.709 05662.969 05720.994 05752.016 05760.494 05746.750 05711.582 04941.779 05073.113 05184.864 05244.023 05337.404 05398.047 05492.533 05559.444 05646.769 05695.753 05741.428 05756.898 05762.672 05767.358 05767.692 05767.312 05766.473 05760.148 05754.389 05719.309 05671.679 05608.812 05521.755 05451.897 05366.018 05302.005 05223.903 05101.258 05036.506
-9999.0 -9999.0 -9999.0 -9999.0 -9999.0 05007.118 05077.399 05208.302 05288.656 05356.426 05451.634 05520.452 05625.456 05683.563 05744.010 05752.410 05754.378 05719.504 05312.416 05056.020 05166.988 05236.304 05330.620 05396.011 05494.704 05575.699 05656.985 05715.465 05751.594 05760.242 05747.593 05712.587 04932.438 05072.732 05185.681 05244.496 05338.764 05401.090 05495.698 05569.320 05652.488 05702.600 05753.513 05759.810 05766.017 05674.973 05650.832 05656.648 05737.694 05763.173 05756.762 05733.617 05675.900 05617.897 05526.166 05455.254 05366.497 05302.405 05223.682 05098.939 05034.763
-9999.0 -9999.0 -9999.0 -9999.0 -9999.0 -9999.0 05069.045 05186.289 05237.231 05347.178 05428.496 05507.455 05602.479 05667.730 05731.515 05750.324 05759.269 05727.391 05527.966 05039.322 05125.517 05228.384 05316.740 05376.168 05482.133 05558.889 05649.405 05706.011 05750.399 05759.035 05750.640 05714.672 04971.604 05071.253 05183.316 05243.951 05338.982 05402.378 05496.623 05571.368 05654.907 05708.102 05754.278 05761.739 05751.732 05608.327 05532.033 05537.550 05674.966 05765.885 05757.996 05738.553 05679.637 05620.590 05526.516 05455.373 05366.320 05301.460 05222.141 05095.102 05028.315
-9999.0 -9999.0 -9999.0 -9999.0 -9999.0 -9999.0 05055.276 05162.937 05229.249 05330.168 05392.767 05493.599 05578.078 05655.966 05716.406 05748.131 05757.148 05737.078 05700.297 05015.522 05089.745 05218.173 05299.881 05366.962 05464.975 05540.132 05639.764 05695.053 05749.078 05757.590 05755.417 05720.095 05187.454 05065.282 05177.087 05242.700 05337.165 05400.458 05496.496 05572.509 05655.379 05709.006 05754.579 05762.330 05721.380 05553.651 -9999.000 05490.046 05627.598 05766.533 05758.432 05739.348 05679.741 05620.259 05526.276 05452.659 05363.920 05293.770 05217.505 05091.197 05020.077
-9999.0 -9999.0 -9999.0 -9999.0 -9999.0 -9999.0 05026.063 05084.022 05219.998 05307.604 05364.728 05473.060 05546.786 05643.271 05700.007 05746.110 05754.927 05745.586 05708.979 04949.976 05076.841 05197.075 05265.623 05354.889 05440.669 05519.724 05617.807 05680.809 05743.972 05755.833 05760.788 05726.290 05398.437 05050.289 05154.735 05235.218 05327.005 05389.804 05493.968 05570.864 05655.327 05709.517 05754.629 05762.427 05719.460 05548.929 00060.623 05530.578 05625.798 05766.510 05758.416 05739.328 05678.694 05616.744 05522.573 05446.035 05360.609 05283.150 05208.430 05083.437 04992.870
-9999.0 -9999.0 -9999.0 -9999.0 -9999.0 -9999.0 04986.786 05073.714 05199.216 05267.918 05353.103 05443.979 05516.526 05619.208 05679.625 05742.931 05752.152 05754.618 05719.099 05274.802 05060.645 05172.984 05240.224 05338.999 05411.975 05504.318 05593.514 05666.542 05728.684 05753.498 05762.519 05735.939 05648.064 05029.524 05099.366 05226.719 05313.163 05375.500 05478.673 05555.099 05650.192 05706.299 05754.688 05762.522 05717.485 05547.495 00060.547 05529.161 05626.292 05766.565 05758.251 05737.009 05675.785 05609.532 05514.898 05427.951 05349.515 05247.395 05185.055 05069.234 05111.659
-9999.0 -9999.0 -9999.0 -9999.0 -9999.0 -9999.0 -9999.0 05061.062 05169.218 05231.623 05336.600 05406.636 05499.003 05588.424 05661.345 05723.842 05749.228 05758.339 05731.314 05623.957 05031.018 05106.944 05226.180 05314.385 05375.692 05483.013 05561.929 05651.780 05710.408 05751.145 05760.074 05746.377 05709.060 05002.033 05084.752 05210.477 05287.255 05363.810 05456.243 05531.795 05635.478 05694.826 05753.351 05761.651 05719.845 05546.029 00060.483 05527.743 05626.788 05765.795 05756.937 05723.484 05662.727 05579.336 05496.342 05392.217 05327.049 05234.351 05143.920 05044.499 05492.178
-9999.0 -9999.0 -9999.0 -9999.0 -9999.0 -9999.0 -9999.0 05027.039 05084.447 05220.482 05308.992 05365.473 05475.124 05549.660 05644.544 05701.896 05746.358 05755.258 05744.223 05707.149 04976.046 05080.408 05203.624 05278.319 05359.410 05450.585 05526.324 05629.038 05689.182 05748.534 05757.187 05756.004 05719.976 05148.504 05068.120 05184.211 05247.362 05349.905 05429.416 05516.374 05612.553 05679.788 05746.259 05760.234 05750.744 05572.001 00060.429 05493.333 05680.018 05763.002 05754.388 05701.651 05644.129 05541.824 05465.035 05367.544 05297.197 05215.500 05087.619 05009.019 05707.254
-9999.0 -9999.0 -9999.0 -9999.0 -9999.0 -9999.0 -9999.0 -9999.0 05071.707 05194.107 05255.784 05351.112 05439.209 05513.990 05614.979 05676.817 05740.580 05751.812 05755.653 05720.308 05307.537 05058.478 05171.338 05239.595 05338.215 05411.253 05504.306 05594.412 05667.680 05730.864 05753.951 05763.060 05732.832 05550.981 05037.619 05117.403 05229.060 05315.833 05376.350 05478.611 05552.977 05647.818 05701.153 05753.611 05761.333 05750.230 05608.568 05706.635 05765.411 05759.447 05740.134 05674.267 05601.673 05509.980 05418.845 05344.545 05244.552 05178.893 05065.191 05223.628 05721.860
