tests/Flatland_SpreadDirection.asc
NCOLS 100
NROWS 100
XLLCORNER 20000.000000
YLLCORNER 20000.000000
CELLSIZE 30.000000
NODATA_VALUE -9999.0
[rows 0 to 38 of 100, columns 0 to 87 of 100]
-9999 -9999 -9999 -9999 -9999 -9999 -9999 -9999 -9999 -9999 -9999 -9999 -9999 -9999 -9999 -9999 -9999 -9999 312 347 -9999 -9999 319 321 357 -9999 -9999 -9999 325 333 334 -9999 -9999 -9999 339 342 -9999 343 347 -9999 -9999 349 354 355 357 357 -9999 -9999 322 006 007 007 -9999 -9999 -9999 -9999 017 017 021 -9999 022 025 025 028 028 030 -9999 039 039 -9999 -9999 -9999 -9999 043 047 015 -9999 -9999 -9999 -9999 -9999 -9999 -9999 -9999 -9999 -9999 -9999 -9999
-9999 -9999 -9999 -9999 -9999 -9999 -9999 -9999 -9999 -9999 -9999 -9999 -9999 -9999 310 310 310 312 312 316 315 316 316 319 319 322 322 324 325 333 333 334 336 339 339 342 342 343 347 347 349 349 354 355 357 357 359 359 006 006 007 010 010 011 016 016 017 017 021 022 022 025 025 028 030 030 030 039 039 041 041 044 044 044 047 048 048 051 051 -9999 -9999 -9999 -9999 -9999 -9999 -9999 -9999 -9999
-9999 -9999 -9999 -9999 -9999 -9999 -9999 -9999 -9999 -9999 -9999 -9999 -9999 -9999 310 310 310 312 312 312 315 316 316 319 319 322 322 324 325 325 333 334 336 339 339 342 342 343 347 347 349 349 354 355 357 357 359 359 006 006 007 010 010 011 016 016 017 017 021 022 025 025 028 028 030 030 039 039 039 041 041 044 044 047 047 048 051 051 051 053 -9999 -9999 -9999 -9999 -9999 -9999 -9999 -9999
-9999 -9999 -9999 -9999 -9999 -9999 -9999 -9999 -9999 -9999 -9999 -9999 -9999 306 306 310 310 310 312 312 315 315 316 316 319 319 322 324 324 324 334 334 336 336 339 339 342 343 347 347 349 349 354 355 355 357 359 359 006 006 007 010 010 010 016 016 017 021 021 022 025 025 028 028 030 030 039 039 041 041 044 044 047 047 048 048 051 051 053 053 053 -9999 -9999 -9999 -9999 -9999 -9999 -9999
-9999 -9999 -9999 -9999 -9999 -9999 -9999 -9999 -9999 -9999 -9999 -9999 305 305 306 306 310 310 310 312 312 315 315 316 319 319 322 322 324 324 334 334 334 336 339 339 342 343 347 347 349 349 354 355 355 357 359 359 006 006 007 010 010 010 016 016 017 021 021 022 025 025 028 030 030 039 039 039 041 044 044 044 047 048 048 051 051 051 053 053 057 -9999 -9999 -9999 -9999 -9999 -9999 -9999
-9999 -9999 -9999 -9999 -9999 -9999 -9999 -9999 -9999 -9999 -9999 303 303 305 305 306 306 310 310 312 312 315 315 316 316 319 319 322 324 324 324 334 334 336 339 339 342 343 343 347 349 349 354 355 355 357 359 359 006 006 007 010 010 010 016 017 017 021 022 022 025 028 028 030 030 039 039 041 041 044 044 047 047 048 048 051 051 053 053 057 057 057 -9999 -9999 -9999 -9999 -9999 -9999
-9999 -9999 -9999 -9999 -9999 -9999 -9999 -9999 -9999 -9999 -9999 302 303 303 305 306 306 310 310 310 312 312 315 315 316 319 319 322 322 324 324 334 334 336 339 339 342 342 343 347 349 349 354 354 355 357 359 359 006 006 007 010 010 016 016 017 017 021 022 025 025 028 028 030 030 039 039 041 044 044 044 047 048 048 051 051 053 053 053 057 057 058 060 -9999 -9999 -9999 -9999 -9999
-9999 -9999 -9999 -9999 -9999 -9999 -9999 -9999 -9999 -9999 302 302 302 303 303 305 306 306 310 310 310 312 312 315 316 316 319 319 322 324 324 334 334 336 336 339 339 342 343 347 347 349 354 354 355 357 359 359 006 006 007 010 010 016 016 017 017 021 022 025 025 028 029 030 039 039 041 041 044 044 047 047 048 051 051 053 053 053 057 057 058 058 060 -9999 -9999 -9999 -9999 -9999
-9999 -9999 -9999 -9999 -9999 -9999 -9999 -9999 -9999 -9999 298 302 302 302 303 305 305 306 306 310 310 312 312 315 315 316 319 319 322 322 324 324 334 334 336 339 339 342 343 347 347 349 354 354 355 357 359 359 006 006 007 010 010 016 016 017 021 021 022 025 025 028 029 029 039 039 041 044 044 047 047 048 048 051 051 053 053 057 057 058 058 060 060 061 -9999 -9999 -9999 -9999
-9999 -9999 -9999 -9999 -9999 -9999 -9999 -9999 -9999 297 298 298 302 302 302 303 305 305 306 310 310 310 312 312 315 316 316 319 319 322 324 324 334 334 336 339 339 342 343 347 347 349 354 354 355 357 359 359 006 007 007 010 010 016 016 017 021 022 022 025 028 028 029 040 039 041 041 044 044 047 048 048 051 051 053 053 057 057 058 058 060 060 060 061 -9999 -9999 -9999 -9999
-9999 -9999 -9999 -9999 -9999 -9999 -9999 -9999 -9999 297 297 298 298 302 302 303 303 305 306 306 310 310 312 312 315 315 316 319 319 322 322 324 334 334 336 339 339 342 343 347 347 349 349 354 355 357 358 358 006 007 007 010 010 016 017 017 021 022 025 025 028 029 029 040 040 041 044 044 047 047 048 051 051 053 053 053 057 057 058 060 060 060 060 065 065 -9999 -9999 -9999
-9999 -9999 -9999 -9999 -9999 -9999 -9999 -9999 296 296 297 297 298 298 302 302 303 303 305 306 306 310 310 312 312 316 316 316 319 319 322 324 324 335 335 336 339 343 343 343 347 349 349 354 355 357 358 358 006 007 007 010 010 016 017 017 022 022 025 025 028 029 029 040 041 041 044 044 047 048 048 051 051 053 053 057 057 058 060 060 060 060 065 065 066 -9999 -9999 -9999
-9999 -9999 -9999 -9999 -9999 -9999 -9999 -9999 293 296 296 297 297 298 298 302 302 303 303 305 306 306 310 310 311 311 316 316 319 319 322 322 323 335 335 336 339 339 343 343 347 349 349 355 355 357 358 358 006 007 010 010 010 016 017 017 022 022 025 028 028 029 040 040 041 044 044 047 048 048 052 051 053 053 057 057 058 060 060 060 060 065 065 066 066 067 -9999 -9999
-9999 -9999 -9999 -9999 -9999 -9999 -9999 293 293 293 296 296 297 297 298 298 302 302 303 305 305 306 310 310 311 311 316 316 316 319 319 322 323 323 335 336 339 339 343 343 347 349 349 355 355 357 358 358 006 007 010 010 016 016 017 022 022 025 025 028 029 029 040 041 041 044 044 047 048 052 052 053 053 057 057 058 058 060 060 060 065 065 066 066 067 067 -9999 -9999
-9999 -9999 -9999 -9999 -9999 -9999 -9999 293 293 293 293 296 296 297 297 298 302 302 302 303 305 306 305 310 310 311 311 316 316 319 319 322 323 323 335 336 336 339 343 343 347 347 349 355 355 357 358 358 006 007 010 010 016 016 017 022 022 025 025 028 029 040 040 041 044 044 047 048 048 052 053 053 053 057 058 058 060 060 060 060 065 066 066 067 067 069 -9999 -9999
-9999 -9999 -9999 -9999 -9999 -9999 -9999 291 291 293 293 293 296 296 297 297 297 302 302 303 303 305 305 305 310 310 311 316 316 316 319 319 322 323 335 335 336 339 343 343 348 348 348 355 355 357 358 358 006 007 010 010 016 016 017 022 022 025 028 028 029 040 041 041 044 047 047 047 052 052 053 053 057 058 058 060 060 060 060 065 066 066 067 067 069 069 069 -9999
-9999 -9999 -9999 -9999 -9999 -9999 289 291 291 291 293 293 293 296 296 297 297 297 302 302 303 303 305 305 310 310 311 311 316 316 319 319 322 323 323 335 336 339 339 343 348 348 348 355 355 357 358 358 007 007 010 010 016 017 017 022 022 025 028 028 041 040 041 044 044 047 047 052 052 053 053 057 057 058 060 060 060 060 065 066 066 067 067 069 069 069 071 -9999
-9999 -9999 -9999 -9999 -9999 -9999 289 289 291 291 291 293 293 293 296 296 297 297 297 302 302 303 305 305 305 310 310 311 311 316 316 319 319 322 322 335 336 339 339 343 343 348 348 355 355 357 358 358 007 007 010 010 016 017 022 022 026 026 028 028 041 041 041 044 047 047 047 052 053 053 057 057 058 060 060 060 060 065 066 066 067 067 069 069 069 071 071 073
-9999 -9999 -9999 -9999 -9999 -9999 289 289 289 289 291 291 293 293 293 296 296 297 297 297 302 303 303 305 305 305 310 310 311 316 316 316 319 322 322 336 336 336 339 343 343 348 348 355 355 357 358 358 007 007 010 010 016 017 022 022 026 028 028 028 041 041 044 044 047 047 052 052 053 053 057 058 060 060 060 060 065 066 066 067 067 069 069 069 071 071 073 073
-9999 -9999 -9999 -9999 -9999 283 283 289 289 289 289 291 291 293 293 293 296 296 297 297 297 303 303 303 305 305 310 310 311 311 316 316 319 319 322 322 336 336 339 343 343 348 348 355 355 357 358 358 007 007 010 010 016 017 022 022 026 028 028 041 041 044 044 047 047 052 052 053 053 058 058 060 060 060 060 065 066 066 067 067 069 069 069 071 071 073 073 073
-9999 -9999 -9999 -9999 -9999 283 283 283 289 289 289 289 291 291 293 293 293 296 296 297 297 297 303 303 303 305 305 310 310 311 316 316 316 319 322 322 336 336 339 343 343 348 348 348 355 358 358 007 007 007 010 016 016 017 022 022 026 028 028 041 041 044 047 047 047 052 053 053 058 058 058 060 060 060 066 066 066 067 067 069 069 069 071 071 073 073 073 073
-9999 -9999 -9999 -9999 -9999 282 283 283 283 283 289 289 289 291 291 293 293 293 296 296 297 297 297 303 303 303 305 305 310 310 311 316 316 319 319 322 336 336 339 339 343 348 348 348 355 357 357 007 007 007 010 016 017 017 022 026 026 027 041 041 044 044 047 047 052 052 053 058 058 058 060 060 060 066 066 067 067 067 069 069 071 071 071 073 073 073 078 078
-9999 -9999 -9999 -9999 -9999 282 282 283 283 283 283 289 289 289 291 291 293 293 293 296 296 297 297 303 303 303 305 305 305 310 311 311 316 316 319 322 322 336 337 339 343 343 348 348 355 357 357 007 007 010 010 016 017 022 022 026 027 027 042 041 044 047 047 052 052 052 053 058 058 060 060 060 066 066 067 067 067 069 069 071 071 073 073 073 073 078 078 079
-9999 -9999 -9999 -9999 -9999 280 282 282 282 283 283 283 289 289 289 291 291 293 293 293 296 296 297 297 303 303 303 305 305 311 311 311 316 316 319 319 321 337 337 339 343 343 348 348 355 357 357 007 007 010 010 017 017 022 022 026 027 027 042 044 044 047 047 052 052 052 058 058 060 060 060 066 066 067 067 067 069 069 071 071 073 073 073 079 079 079 079 080
-9999 -9999 -9999 -9999 280 280 280 280 282 282 283 283 283 283 289 289 289 291 291 293 293 296 296 297 297 303 303 303 305 305 311 311 311 316 316 319 321 321 337 339 343 343 348 348 355 355 357 007 007 010 010 017 017 022 026 026 027 042 042 044 047 047 052 052 052 058 058 060 060 060 066 066 067 067 069 069 069 071 071 072 073 073 079 079 079 080 080 080
-9999 -9999 -9999 -9999 278 278 280 280 280 282 282 282 283 283 283 289 289 290 291 291 293 293 296 296 297 297 303 303 303 305 305 311 311 316 316 319 321 321 337 339 342 342 348 348 355 355 357 008 008 010 010 017 017 022 026 027 027 042 044 044 047 052 052 052 058 058 060 060 060 066 066 067 067 069 069 069 071 071 072 072 079 079 079 079 080 080 081 081
-9999 -9999 -9999 -9999 278 278 278 280 280 280 280 282 282 283 283 283 290 290 290 291 291 293 293 296 296 297 297 303 303 305 305 311 311 311 316 316 319 321 338 338 339 342 348 348 355 355 357 008 008 010 010 017 022 022 026 026 043 042 044 047 047 052 052 058 058 058 060 060 066 066 067 067 069 069 069 071 072 072 072 079 079 079 080 080 081 081 081 081
-9999 -9999 -9999 -9999 277 277 278 278 278 280 280 280 280 282 282 283 283 283 290 290 291 291 293 293 296 296 297 297 303 303 305 305 311 311 311 316 319 320 320 338 339 342 348 348 355 355 357 008 008 010 017 017 022 022 026 026 043 044 047 047 052 052 052 058 058 060 060 066 066 067 067 069 069 071 071 072 072 072 079 079 080 080 080 081 081 081 084 084
-9999 -9999 -9999 -9999 277 277 277 277 278 278 277 280 280 280 282 282 283 283 282 290 290 291 291 293 293 296 296 297 297 303 303 305 305 311 311 316 316 320 319 339 339 342 342 348 355 355 357 008 008 010 017 017 022 025 025 026 044 044 047 052 052 052 058 058 059 060 066 066 067 067 069 069 071 071 072 072 079 079 079 080 080 081 081 081 081 084 084 084
-9999 -9999 -9999 -9999 273 273 277 277 277 277 277 277 277 280 280 280 282 282 282 282 290 290 291 291 293 293 296 296 297 297 303 303 305 305 311 311 316 319 319 339 339 342 342 348 355 355 357 008 008 010 017 017 022 025 025 044 044 047 047 052 052 058 058 059 059 066 066 067 067 069 069 071 071 072 072 079 079 080 080 081 081 081 081 084 084 084 084 084
-9999 -9999 -9999 -9999 273 273 273 273 277 277 277 277 277 277 280 280 280 282 282 282 282 282 290 290 291 293 293 296 296 297 296 303 303 305 311 311 316 316 319 319 339 340 342 348 348 355 357 008 008 009 017 017 022 025 025 044 044 047 052 052 058 058 059 059 066 066 067 067 069 069 071 072 072 079 079 079 080 080 081 081 081 084 084 084 084 084 084 088
-9999 -9999 -9999 -9999 273 273 273 273 273 273 277 277 277 277 277 277 280 280 280 282 282 282 282 290 290 291 293 293 296 296 296 303 303 305 305 311 311 316 319 318 340 340 342 348 348 355 356 008 008 009 017 022 022 025 045 045 047 047 052 052 058 059 059 066 066 067 067 069 069 071 072 072 079 079 080 080 081 081 081 084 084 084 084 084 084 088 088 088
-9999 -9999 -9999 -9999 271 271 273 273 273 273 273 273 277 277 277 277 277 277 280 280 280 282 282 282 290 291 291 293 293 296 296 296 303 304 305 305 311 311 316 318 340 340 342 348 348 355 356 008 009 009 017 022 024 024 045 047 047 052 052 058 058 059 066 066 067 067 069 071 071 072 072 080 080 080 081 081 081 084 084 084 084 084 084 088 088 088 088 088
-9999 -9999 -9999 -9999 271 271 271 271 273 273 273 273 273 273 277 277 277 277 277 280 280 280 282 282 282 282 291 291 291 293 296 296 296 304 304 305 311 311 316 316 317 341 342 348 348 356 356 009 009 017 017 022 024 046 046 047 052 052 058 058 059 059 066 067 069 069 071 071 071 080 080 080 080 081 081 081 084 084 084 084 084 088 088 088 088 088 088 090
-9999 -9999 -9999 -9999 271 271 271 271 271 271 271 273 273 273 273 273 277 277 277 277 277 280 280 280 282 282 282 291 291 291 293 296 296 296 304 304 305 311 311 316 317 342 342 342 348 356 356 009 009 017 017 022 023 046 047 047 052 058 058 059 059 067 067 069 069 071 071 071 080 080 080 081 081 081 084 084 084 084 084 088 088 088 088 088 090 090 090 090
-9999 -9999 -9999 -9999 269 269 269 271 271 271 271 271 271 273 273 273 273 273 277 277 277 277 277 280 280 282 282 281 291 291 291 293 296 296 296 304 304 304 311 316 316 316 343 343 348 356 356 009 009 017 017 022 022 047 047 052 052 058 059 059 067 067 070 070 071 071 080 080 080 081 081 081 084 084 084 084 084 088 088 088 088 088 090 090 090 091 091 091
-9999 -9999 -9999 -9999 268 269 269 269 269 271 271 271 271 271 271 273 273 273 273 273 277 277 277 277 280 280 280 281 281 281 291 291 293 296 296 296 304 304 311 311 315 315 343 343 348 355 355 009 009 017 021 021 048 047 052 052 058 059 059 067 067 070 070 071 071 080 080 080 081 081 084 084 084 084 084 088 088 088 088 088 090 090 090 091 091 091 091 091
-9999 -9999 -9999 -9999 268 268 268 268 269 269 269 269 271 271 271 271 271 271 273 273 273 273 277 277 277 277 280 280 281 281 281 291 292 293 296 296 296 304 304 311 311 315 344 344 348 355 355 009 009 017 021 021 048 048 052 058 058 058 067 067 070 071 071 071 080 080 081 081 084 084 084 084 084 088 088 088 088 090 090 090 091 091 091 091 091 093 093 093
-9999 -9999 -9999 -9999 267 267 267 268 268 268 269 269 269 269 271 271 271 271 271 271 273 273 273 273 277 277 277 277 280 280 281 281 292 292 293 296 296 296 304 304 311 314 313 344 347 355 355 010 010 017 020 050 049 052 058 058 058 067 067 070 070 070 081 081 081 081 081 084 084 084 084 088 088 088 088 090 090 090 091 091 091 091 093 093 093 093 093 093
