tests/Flatland_SpreadRate.asc
NCOLS 100
NROWS 100
XLLCORNER 20000.000000
YLLCORNER 20000.000000
CELLSIZE 30.000000
NODATA_VALUE -9999.0
[rows 33 to 65 of 100, columns 0 to 72 of 100]
-9999.0 -9999.0 -9999.0 -9999.0 00.77 00.80 00.82 00.86 00.88 00.91 00.93 00.97 00.99 01.01 01.02 01.02 01.02 01.02 00.78 00.82 00.86 00.88 00.92 00.94 00.98 01.02 01.06 01.09 01.12 01.14 01.16 01.17 01.19 01.20 01.21 01.06 00.98 01.01 01.03 01.08 01.14 01.18 01.21 01.23 01.25 01.26 01.26 01.26 01.25 01.24 01.21 01.20 01.17 01.13 01.07 01.02 00.99 00.95 01.17 01.20 01.19 01.18 01.16 01.15 01.13 01.11 01.08 01.04 01.01 00.97 00.94 00.89 00.87
-9999.0 -9999.0 -9999.0 -9999.0 00.77 00.79 00.82 00.85 00.87 00.91 00.93 00.96 00.98 01.00 01.01 01.01 01.01 01.01 00.79 00.82 00.85 00.88 00.91 00.94 00.98 01.01 01.05 01.08 01.11 01.14 01.15 01.16 01.17 01.18 01.12 00.94 00.98 01.01 01.06 01.09 01.13 01.19 01.24 01.26 01.28 01.29 01.29 01.29 01.28 01.27 01.25 01.23 01.18 01.12 01.07 01.04 00.99 00.97 00.98 01.18 01.17 01.16 01.15 01.14 01.12 01.10 01.07 01.04 01.00 00.96 00.93 00.90 00.87
-9999.0 -9999.0 -9999.0 -9999.0 00.76 00.79 00.81 00.85 00.87 00.90 00.93 00.96 00.97 00.99 01.00 01.00 01.00 01.00 00.79 00.81 00.85 00.87 00.91 00.94 00.97 01.00 01.04 01.07 01.10 01.12 01.14 01.15 01.16 01.16 00.94 00.94 00.98 01.03 01.06 01.09 01.15 01.21 01.25 01.28 01.29 01.30 01.31 01.31 01.30 01.28 01.27 01.23 01.19 01.13 01.07 01.04 01.00 00.96 00.93 01.06 01.15 01.15 01.14 01.13 01.11 01.08 01.06 01.02 00.99 00.95 00.92 00.89 00.86
-9999.0 -9999.0 -9999.0 -9999.0 00.76 00.78 00.81 00.84 00.86 00.90 00.92 00.95 00.97 00.98 00.99 01.00 00.99 00.98 00.78 00.80 00.84 00.86 00.90 00.93 00.97 00.99 01.02 01.05 01.08 01.10 01.12 01.13 01.14 01.08 00.91 00.94 00.98 01.02 01.06 01.11 01.16 01.21 01.26 01.30 01.33 01.34 01.34 01.34 01.33 01.31 01.29 01.24 01.20 01.14 01.08 01.04 01.01 00.95 00.92 00.92 01.14 01.13 01.13 01.11 01.09 01.07 01.04 01.01 00.97 00.95 00.91 00.89 00.85
-9999.0 -9999.0 -9999.0 -9999.0 00.75 00.77 00.80 00.84 00.86 00.89 00.91 00.94 00.96 00.98 00.98 00.99 00.98 00.98 00.77 00.79 00.83 00.86 00.89 00.92 00.96 00.98 01.01 01.03 01.05 01.07 01.09 01.11 01.12 00.94 00.91 00.93 00.98 01.02 01.07 01.11 01.15 01.21 01.28 01.32 01.35 01.36 01.36 01.36 01.35 01.34 01.31 01.26 01.19 01.13 01.09 01.04 01.00 00.96 00.92 00.89 01.08 01.12 01.11 01.09 01.07 01.05 01.02 01.00 00.97 00.94 00.91 00.88 00.84
-9999.0 -9999.0 -9999.0 -9999.0 00.74 00.76 00.80 00.83 00.85 00.89 00.91 00.94 00.95 00.97 00.98 00.98 00.98 00.97 00.77 00.79 00.83 00.85 00.88 00.91 00.95 00.98 01.00 01.02 01.04 01.05 01.06 01.08 01.09 00.86 00.91 00.94 00.98 01.02 01.07 01.10 01.15 01.20 01.28 01.33 01.37 01.38 01.39 01.38 01.37 01.35 01.32 01.27 01.18 01.12 01.08 01.04 01.00 00.96 00.91 00.88 00.95 01.09 01.08 01.06 01.04 01.03 01.01 00.99 00.96 00.93 00.89 00.87 00.83
-9999.0 -9999.0 -9999.0 -9999.0 00.73 00.75 00.79 00.82 00.84 00.88 00.90 00.93 00.95 00.96 00.97 00.97 00.97 00.96 00.76 00.78 00.82 00.85 00.88 00.91 00.94 00.97 00.99 01.01 01.03 01.04 01.05 01.04 00.98 00.84 00.88 00.93 00.97 01.02 01.06 01.10 01.15 01.19 01.26 01.33 01.39 01.41 01.41 01.41 01.40 01.37 01.31 01.24 01.17 01.13 01.08 01.04 00.99 00.95 00.91 00.87 00.82 01.05 01.04 01.04 01.03 01.02 01.00 00.98 00.95 00.93 00.89 00.86 00.83
-9999.0 -9999.0 -9999.0 -9999.0 00.72 00.74 00.78 00.81 00.83 00.86 00.89 00.92 00.94 00.96 00.96 00.97 00.96 00.96 00.76 00.78 00.81 00.84 00.87 00.90 00.93 00.96 00.98 01.00 01.02 01.03 01.03 01.03 00.91 00.83 00.86 00.92 00.96 01.01 01.05 01.10 01.15 01.19 01.26 01.35 01.39 01.42 01.43 01.42 01.41 01.37 01.33 01.23 01.16 01.12 01.08 01.03 00.99 00.94 00.90 00.86 00.82 01.03 01.03 01.03 01.02 01.01 00.99 00.97 00.94 00.92 00.88 00.86 00.82
-9999.0 -9999.0 -9999.0 -9999.0 00.71 00.73 00.77 00.79 00.82 00.85 00.88 00.90 00.92 00.94 00.95 00.96 00.95 00.95 00.75 00.77 00.81 00.83 00.86 00.89 00.92 00.95 00.97 00.99 01.01 01.01 01.02 01.02 00.84 00.82 00.86 00.90 00.95 01.00 01.04 01.09 01.14 01.19 01.25 01.33 01.39 01.43 01.44 01.44 01.42 01.37 01.31 01.22 01.16 01.11 01.07 01.02 00.98 00.92 00.89 00.84 00.81 01.00 01.01 01.02 01.01 01.00 00.98 00.96 00.93 00.91 00.87 00.85 00.81
-9999.0 -9999.0 -9999.0 -9999.0 -9999.0 00.73 00.76 00.77 00.81 00.84 00.86 00.89 00.91 00.93 00.94 00.95 00.95 00.94 00.74 00.76 00.80 00.82 00.86 00.89 00.91 00.94 00.96 00.98 00.99 01.00 01.00 01.00 00.79 00.81 00.85 00.88 00.93 00.98 01.03 01.08 01.13 01.17 01.22 01.30 01.38 01.44 01.46 01.45 01.42 01.36 01.27 01.19 01.14 01.10 01.05 01.00 00.96 00.90 00.87 00.82 00.79 00.95 01.00 01.00 00.99 00.99 00.97 00.95 00.92 00.90 00.86 00.84 00.80
-9999.0 -9999.0 -9999.0 -9999.0 -9999.0 00.72 00.75 00.77 00.80 00.83 00.86 00.88 00.90 00.92 00.93 00.93 00.93 00.93 00.73 00.75 00.79 00.81 00.85 00.88 00.90 00.93 00.95 00.97 00.98 00.99 00.99 00.99 00.76 00.80 00.84 00.86 00.90 00.94 01.00 01.05 01.10 01.15 01.19 01.26 01.37 01.43 01.45 01.45 01.40 01.32 01.21 01.17 01.12 01.07 01.03 00.98 00.93 00.88 00.85 00.81 00.78 00.92 00.99 00.99 00.98 00.98 00.96 00.94 00.91 00.89 00.85 00.83 00.80
-9999.0 -9999.0 -9999.0 -9999.0 -9999.0 00.71 00.74 00.76 00.79 00.81 00.85 00.87 00.89 00.91 00.92 00.92 00.92 00.91 00.70 00.74 00.77 00.80 00.83 00.86 00.89 00.92 00.94 00.96 00.97 00.98 00.98 00.97 00.75 00.78 00.82 00.85 00.89 00.92 00.96 01.01 01.07 01.12 01.17 01.24 01.34 01.42 01.45 01.44 01.40 01.30 01.20 01.14 01.09 01.05 00.99 00.94 00.90 00.87 00.84 00.79 00.77 00.90 00.97 00.98 00.97 00.96 00.95 00.93 00.90 00.88 00.84 00.82 00.79
-9999.0 -9999.0 -9999.0 -9999.0 -9999.0 00.70 00.71 00.75 00.78 00.80 00.83 00.86 00.88 00.90 00.91 00.91 00.91 00.91 00.73 00.73 00.76 00.78 00.82 00.84 00.87 00.90 00.92 00.95 00.96 00.97 00.97 00.96 00.74 00.78 00.81 00.83 00.88 00.91 00.95 00.98 01.04 01.08 01.13 01.18 01.27 01.37 01.44 01.41 01.34 01.23 01.16 01.10 01.06 01.02 00.96 00.93 00.89 00.86 00.82 00.78 00.76 00.89 00.96 00.96 00.96 00.95 00.93 00.92 00.89 00.87 00.83 00.81 00.77
-9999.0 -9999.0 -9999.0 -9999.0 -9999.0 00.69 00.71 00.74 00.77 00.79 00.82 00.84 00.87 00.88 00.90 00.91 00.91 00.90 00.78 00.72 00.75 00.77 00.80 00.83 00.86 00.88 00.91 00.93 00.94 00.95 00.95 00.95 00.73 00.77 00.80 00.83 00.86 00.89 00.93 00.96 01.00 01.04 01.08 01.13 01.20 01.32 01.35 01.35 01.26 01.14 01.10 01.06 01.02 00.98 00.94 00.91 00.87 00.85 00.81 00.77 00.75 00.89 00.95 00.95 00.95 00.94 00.92 00.91 00.87 00.85 00.81 00.79 00.76
-9999.0 -9999.0 -9999.0 -9999.0 -9999.0 -9999.0 00.70 00.73 00.75 00.78 00.81 00.83 00.86 00.87 00.89 00.90 00.90 00.90 00.83 00.71 00.73 00.76 00.79 00.81 00.84 00.87 00.89 00.91 00.92 00.93 00.93 00.93 00.73 00.75 00.78 00.81 00.85 00.88 00.92 00.94 00.97 01.00 01.03 01.07 01.14 01.20 01.29 01.28 01.16 01.10 01.05 01.01 00.98 00.95 00.92 00.90 00.86 00.83 00.80 00.76 00.74 00.90 00.93 00.93 00.93 00.92 00.90 00.88 00.85 00.82 00.80 00.76 00.74
-9999.0 -9999.0 -9999.0 -9999.0 -9999.0 -9999.0 00.69 00.72 00.74 00.77 00.79 00.82 00.84 00.86 00.88 00.89 00.89 00.89 00.88 00.69 00.71 00.75 00.77 00.80 00.83 00.85 00.88 00.89 00.91 00.91 00.92 00.91 00.76 00.73 00.77 00.79 00.83 00.86 00.90 00.93 00.96 00.98 00.99 01.00 01.02 01.00 -9999.00 01.06 01.01 01.01 00.99 00.98 00.96 00.94 00.90 00.87 00.84 00.82 00.78 00.74 00.72 00.91 00.91 00.91 00.91 00.90 00.88 00.85 00.83 00.80 00.78 00.75 00.72
-9999.0 -9999.0 -9999.0 -9999.0 -9999.0 -9999.0 00.68 00.69 00.73 00.76 00.78 00.81 00.83 00.85 00.87 00.88 00.88 00.88 00.87 00.67 00.70 00.73 00.75 00.78 00.81 00.83 00.86 00.88 00.89 00.90 00.90 00.90 00.80 00.71 00.74 00.77 00.81 00.83 00.87 00.90 00.93 00.96 00.99 00.99 00.98 00.93 6307.38 00.92 00.95 00.98 00.98 00.97 00.94 00.91 00.88 00.85 00.82 00.78 00.75 00.72 00.69 00.89 00.89 00.89 00.88 00.87 00.86 00.84 00.82 00.78 00.76 00.73 00.70
-9999.0 -9999.0 -9999.0 -9999.0 -9999.0 -9999.0 00.67 00.68 00.72 00.74 00.77 00.79 00.81 00.84 00.85 00.87 00.87 00.87 00.87 00.74 00.69 00.72 00.74 00.77 00.79 00.82 00.84 00.86 00.88 00.89 00.89 00.89 00.86 00.69 00.71 00.75 00.78 00.81 00.84 00.87 00.90 00.92 00.94 00.97 00.98 00.93 6906.78 00.92 00.95 00.97 00.95 00.93 00.90 00.88 00.85 00.82 00.79 00.75 00.73 00.70 00.70 00.87 00.88 00.88 00.87 00.86 00.84 00.82 00.80 00.77 00.75 00.72 00.69
-9999.0 -9999.0 -9999.0 -9999.0 -9999.0 -9999.0 -9999.0 00.68 00.70 00.72 00.75 00.78 00.80 00.82 00.84 00.86 00.86 00.87 00.86 00.83 00.67 00.69 00.72 00.75 00.77 00.80 00.83 00.85 00.86 00.87 00.88 00.87 00.87 00.68 00.69 00.73 00.76 00.79 00.81 00.83 00.86 00.89 00.89 00.90 00.91 00.93 7506.19 00.92 00.90 00.89 00.90 00.88 00.86 00.84 00.81 00.78 00.75 00.72 00.70 00.67 00.79 00.86 00.87 00.86 00.86 00.84 00.83 00.80 00.78 00.75 00.72 00.70 00.68
-9999.0 -9999.0 -9999.0 -9999.0 -9999.0 -9999.0 -9999.0 00.66 00.68 00.71 00.74 00.76 00.79 00.81 00.83 00.84 00.85 00.86 00.85 00.85 00.66 00.68 00.71 00.73 00.76 00.79 00.81 00.83 00.84 00.85 00.86 00.86 00.85 00.70 00.67 00.70 00.72 00.75 00.77 00.79 00.81 00.83 00.83 00.84 00.80 00.78 8105.60 00.73 00.79 00.82 00.84 00.83 00.83 00.80 00.78 00.75 00.73 00.70 00.67 00.65 00.84 00.84 00.85 00.85 00.84 00.83 00.81 00.78 00.75 00.74 00.71 00.68 00.66
-9999.0 -9999.0 -9999.0 -9999.0 -9999.0 -9999.0 -9999.0 -9999.0 00.67 00.70 00.72 00.75 00.77 00.79 00.82 00.83 00.85 00.85 00.85 00.84 00.72 00.66 00.69 00.71 00.74 00.76 00.78 00.80 00.82 00.83 00.83 00.83 00.83 00.77 00.64 00.66 00.68 00.70 00.71 00.74 00.75 00.76 00.76 00.77 00.75 00.72 00.65 00.69 00.74 00.75 00.78 00.78 00.78 00.76 00.74 00.73 00.70 00.68 00.65 00.69 00.83 00.83 00.83 00.83 00.82 00.81 00.78 00.76 00.74 00.71 00.69 00.66 00.64
-9999.0 -9999.0 -9999.0 -9999.0 -9999.0 -9999.0 -9999.0 -9999.0 00.66 00.68 00.70 00.73 00.75 00.78 00.80 00.81 00.83 00.83 00.83 00.82 00.82 00.64 00.66 00.69 00.71 00.73 00.75 00.77 00.78 00.80 00.81 00.81 00.80 00.78 00.63 00.62 00.64 00.65 00.67 00.69 00.71 00.71 00.72 00.73 00.71 00.68 00.67 00.67 00.69 00.70 00.72 00.72 00.73 00.72 00.71 00.70 00.67 00.64 00.63 00.81 00.82 00.82 00.82 00.81 00.80 00.78 00.76 00.74 00.72 00.69 00.67 00.65 00.74
-9999.0 -9999.0 -9999.0 -9999.0 -9999.0 -9999.0 -9999.0 -9999.0 00.64 00.65 00.69 00.71 00.73 00.75 00.77 00.79 00.80 00.81 00.81 00.81 00.81 00.67 00.64 00.66 00.67 00.70 00.72 00.74 00.76 00.77 00.78 00.78 00.78 00.78 00.77 00.60 00.61 00.63 00.64 00.66 00.67 00.68 00.69 00.69 00.69 00.67 00.66 00.66 00.67 00.67 00.68 00.66 00.68 00.66 00.66 00.65 00.64 00.62 00.68 00.80 00.81 00.81 00.81 00.80 00.78 00.76 00.74 00.72 00.70 00.68 00.65 00.63 00.81
-9999.0 -9999.0 -9999.0 -9999.0 -9999.0 -9999.0 -9999.0 -9999.0 -9999.0 00.64 00.66 00.68 00.71 00.73 00.75 00.77 00.78 00.79 00.80 00.80 00.80 00.79 00.62 00.63 00.66 00.68 00.70 00.72 00.73 00.75 00.76 00.77 00.77 00.77 00.76 00.73 00.59 00.60 00.62 00.63 00.64 00.65 00.66 00.66 00.66 00.65 00.64 00.64 00.65 00.64 00.64 00.64 00.63 00.63 00.61 00.61 00.60 00.59 00.77 00.78 00.79 00.79 00.79 00.78 00.76 00.75 00.72 00.70 00.67 00.66 00.63 00.72 00.81
-9999.0 -9999.0 -9999.0 -9999.0 -9999.0 -9999.0 -9999.0 -9999.0 -9999.0 00.62 00.64 00.67 00.69 00.71 00.73 00.75 00.77 00.78 00.79 00.79 00.79 00.78 00.71 00.61 00.63 00.65 00.68 00.69 00.72 00.73 00.75 00.76 00.76 00.76 00.76 00.75 00.68 00.58 00.58 00.60 00.61 00.62 00.62 00.63 00.63 00.62 00.62 00.62 00.62 00.62 00.61 00.61 00.61 00.59 00.58 00.57 00.56 00.73 00.74 00.76 00.77 00.77 00.77 00.76 00.74 00.72 00.70 00.68 00.66 00.63 00.61 00.79 00.80
-9999.0 -9999.0 -9999.0 -9999.0 -9999.0 -9999.0 -9999.0 -9999.0 -9999.0 -9999.0 00.62 00.64 00.66 00.69 00.71 00.73 00.75 00.77 00.78 00.79 00.79 00.78 00.77 00.61 00.61 00.64 00.65 00.68 00.69 00.71 00.73 00.74 00.75 00.75 00.75 00.74 00.73 00.67 00.56 00.56 00.58 00.59 00.60 00.60 00.60 00.59 00.59 00.59 00.59 00.59 00.59 00.58 00.58 00.56 00.56 00.54 00.71 00.72 00.74 00.74 00.75 00.75 00.74 00.73 00.72 00.70 00.68 00.66 00.63 00.62 00.75 00.79 00.80
-9999.0 -9999.0 -9999.0 -9999.0 -9999.0 -9999.0 -9999.0 -9999.0 -9999.0 -9999.0 -9999.0 00.63 00.65 00.66 00.69 00.71 00.73 00.75 00.76 00.78 00.78 00.78 00.77 00.76 00.60 00.61 00.63 00.65 00.67 00.69 00.70 00.72 00.73 00.73 00.74 00.73 00.72 00.71 00.70 00.54 00.55 00.56 00.57 00.57 00.57 00.57 00.57 00.56 00.56 00.56 00.56 00.55 00.54 00.54 00.61 00.70 00.71 00.72 00.72 00.73 00.72 00.72 00.71 00.70 00.68 00.67 00.65 00.64 00.62 00.64 00.78 00.79 00.79
-9999.0 -9999.0 -9999.0 -9999.0 -9999.0 -9999.0 -9999.0 -9999.0 -9999.0 -9999.0 -9999.0 00.61 00.62 00.65 00.67 00.69 00.71 00.73 00.75 00.76 00.77 00.77 00.77 00.76 00.72 00.59 00.60 00.63 00.64 00.66 00.68 00.69 00.71 00.71 00.72 00.72 00.72 00.71 00.70 00.69 00.59 00.53 00.54 00.54 00.54 00.54 00.54 00.54 00.53 00.53 00.53 00.53 00.56 00.68 00.69 00.70 00.71 00.71 00.71 00.71 00.70 00.69 00.68 00.67 00.66 00.64 00.63 00.61 00.59 00.76 00.78 00.78 00.78
-9999.0 -9999.0 -9999.0 -9999.0 -9999.0 -9999.0 -9999.0 -9999.0 -9999.0 -9999.0 -9999.0 -9999.0 00.61 00.63 00.65 00.67 00.69 00.71 00.73 00.75 00.76 00.76 00.76 00.76 00.75 00.67 00.59 00.60 00.62 00.64 00.65 00.67 00.68 00.69 00.70 00.71 00.71 00.70 00.70 00.70 00.69 00.68 00.58 00.52 00.51 00.51 00.51 00.51 00.51 00.54 00.62 00.67 00.68 00.69 00.69 00.70 00.70 00.70 00.70 00.69 00.68 00.67 00.65 00.64 00.62 00.61 00.59 00.59 00.73 00.76 00.77 00.78 00.77
-9999.0 -9999.0 -9999.0 -9999.0 -9999.0 -9999.0 -9999.0 -9999.0 -9999.0 -9999.0 -9999.0 -9999.0 -9999.0 00.61 00.63 00.65 00.68 00.69 00.71 00.73 00.74 00.75 00.75 00.75 00.75 00.74 00.64 00.58 00.60 00.61 00.63 00.64 00.66 00.67 00.68 00.69 00.69 00.70 00.70 00.69 00.69 00.68 00.67 00.66 00.66 00.65 00.65 00.65 00.66 00.66 00.67 00.67 00.68 00.68 00.69 00.69 00.69 00.68 00.68 00.67 00.66 00.64 00.63 00.61 00.60 00.58 00.57 00.70 00.74 00.75 00.75 00.76 00.75
-9999.0 -9999.0 -9999.0 -9999.0 -9999.0 -9999.0 -9999.0 -9999.0 -9999.0 -9999.0 -9999.0 -9999.0 -9999.0 00.60 00.61 00.63 00.65 00.67 00.69 00.71 00.72 00.73 00.74 00.75 00.75 00.74 00.73 00.61 00.57 00.58 00.60 00.61 00.63 00.64 00.66 00.66 00.67 00.68 00.68 00.68 00.68 00.68 00.67 00.66 00.66 00.66 00.66 00.66 00.66 00.67 00.67 00.67 00.67 00.68 00.68 00.67 00.67 00.66 00.65 00.64 00.63 00.62 00.60 00.59 00.57 00.56 00.70 00.73 00.74 00.74 00.74 00.74 00.73
-9999.0 -9999.0 -9999.0 -9999.0 -9999.0 -9999.0 -9999.0 -9999.0 -9999.0 -9999.0 -9999.0 -9999.0 -9999.0 -9999.0 00.60 00.60 00.63 00.65 00.67 00.69 00.70 00.72 00.73 00.74 00.74 00.74 00.73 00.72 00.62 00.56 00.57 00.59 00.60 00.62 00.63 00.64 00.65 00.66 00.66 00.67 00.67 00.67 00.67 00.66 00.66 00.66 00.66 00.66 00.66 00.66 00.66 00.66 00.66 00.66 00.66 00.65 00.64 00.64 00.63 00.62 00.61 00.59 00.58 00.57 00.55 00.71 00.72 00.73 00.73 00.73 00.73 00.72 00.71
-9999.0 -9999.0 -9999.0 -9999.0 -9999.0 -9999.0 -9999.0 -9999.0 -9999.0 -9999.0 -9999.0 -9999.0 -9999.0 -9999.0 -9999.0 00.59 00.61 00.63 00.65 00.66 00.68 00.70 00.71 00.72 00.73 00.73 00.73 00.72 00.71 00.66 00.56 00.56 00.58 00.59 00.60 00.61 00.62 00.63 00.64 00.65 00.65 00.65 00.65 00.65 00.65 00.65 00.65 00.65 00.65 00.65 00.65 00.65 00.64 00.64 00.64 00.63 00.62 00.61 00.60 00.59 00.58 00.56 00.56 00.55 00.71 00.72 00.72 00.72 00.73 00.72 00.71 00.70 00.69
