tests/Flatland_HeatPerUnitArea.asc
NCOLS 100
NROWS 100
XLLCORNER 20000.000000
YLLCORNER 20000.000000
CELLSIZE 30.000000
NODATA_VALUE -9999.0
[rows 54 to 80 of 100, columns 0 to 60 of 100]
-9999.0 -9999.0 -9999.0 -9999.0 -9999.0 -9999.0 -9999.0 -9999.0 05048.985 05156.654 05227.704 05326.987 05387.617 05492.255 05576.443 05655.683 05716.572 05748.220 05757.336 05735.703 05698.759 05021.244 05093.336 05221.618 05305.442 05369.896 05470.215 05545.632 05643.277 05698.419 05749.517 05758.083 05753.741 05718.331 05134.359 05067.028 05179.196 05242.845 05337.921 05403.221 05498.572 05573.757 05655.766 05706.647 05753.218 05760.113 05761.917 05759.264 05755.061 05730.349 05682.080 05640.479 05547.842 05469.527 05370.008 05302.644 05220.884 05091.581 05017.455 05704.066 05740.866
-9999.0 -9999.0 -9999.0 -9999.0 -9999.0 -9999.0 -9999.0 -9999.0 05008.767 05078.339 05211.724 05294.515 05358.650 05457.102 05525.357 05630.424 05686.933 05744.441 05752.971 05752.353 05716.977 05209.319 05063.895 05175.016 05240.602 05338.365 05408.241 05501.119 05586.781 05662.526 05722.253 05752.385 05761.163 05743.186 05707.252 05002.216 05081.937 05201.786 05262.041 05351.290 05421.471 05506.059 05573.796 05649.333 05690.009 05741.183 05732.070 05717.836 05696.788 05660.913 05609.260 05530.594 05477.297 05389.396 05337.937 05240.098 05171.125 05058.907 05290.796 05722.873 05757.870
-9999.0 -9999.0 -9999.0 -9999.0 -9999.0 -9999.0 -9999.0 -9999.0 -9999.0 05057.317 05164.574 05229.707 05330.944 05393.434 05493.588 05577.303 05655.182 05714.837 05747.863 05756.779 05739.083 05702.504 05007.751 05084.996 05209.205 05284.689 05359.999 05448.428 05522.923 05620.415 05680.864 05741.643 05755.046 05763.551 05733.015 05621.332 05023.851 05090.467 05212.179 05278.142 05353.249 05411.769 05493.098 05542.121 05614.881 05654.767 05648.820 05636.099 05607.607 05556.289 05507.315 05449.154 05372.603 05324.933 05242.416 05190.869 05081.273 04989.479 05709.519 05746.242 05760.362
-9999.0 -9999.0 -9999.0 -9999.0 -9999.0 -9999.0 -9999.0 -9999.0 -9999.0 05004.595 05076.320 05204.839 05278.655 05354.424 05445.946 05516.876 05617.961 05677.335 05739.627 05751.447 05757.547 05723.735 05450.912 05043.581 05133.864 05229.156 05317.010 05375.693 05478.384 05550.992 05644.102 05697.196 05749.082 05757.105 05759.144 05727.239 05509.877 05033.890 05094.195 05209.198 05254.998 05339.833 05377.704 05453.935 05508.790 05521.543 05518.491 05511.082 05491.566 05459.832 05390.711 05354.252 05301.650 05232.300 05175.334 05074.111 04991.339 05704.275 05734.985 05763.318 05754.550
-9999.0 -9999.0 -9999.0 -9999.0 -9999.0 -9999.0 -9999.0 -9999.0 -9999.0 -9999.0 05046.285 05136.908 05225.354 05319.280 05369.461 05482.866 05556.688 05646.329 05702.300 05746.129 05754.700 05747.193 05711.753 05024.754 05069.671 05181.224 05242.102 05338.162 05404.167 05497.125 05576.517 05654.228 05707.885 05750.117 05758.067 05756.189 05723.658 05513.812 05023.319 05084.233 05191.562 05237.050 05305.891 05352.685 05389.571 05390.815 05388.867 05377.559 05364.590 05349.105 05310.926 05243.541 05211.037 05114.254 05059.575 04965.900 05708.471 05738.789 05763.232 05755.706 05748.417
-9999.0 -9999.0 -9999.0 -9999.0 -9999.0 -9999.0 -9999.0 -9999.0 -9999.0 -9999.0 -9999.0 05070.297 05188.211 05237.404 05346.464 05424.068 05503.619 05593.201 05662.024 05722.579 05748.712 05757.479 05737.368 05702.091 05005.890 05082.367 05202.085 05267.316 05352.105 05426.583 05506.328 05588.356 05659.388 05713.677 05750.771 05758.315 05758.284 05730.330 05702.027 04994.314 05067.274 05130.895 05208.014 05241.473 05282.878 05289.510 05289.748 05272.284 05245.678 05231.755 05212.313 05148.008 05075.711 05025.159 05382.101 05716.863 05745.573 05762.094 05754.877 05747.208 05694.545
-9999.0 -9999.0 -9999.0 -9999.0 -9999.0 -9999.0 -9999.0 -9999.0 -9999.0 -9999.0 -9999.0 05023.549 05082.120 05217.140 05297.835 05358.914 05455.453 05521.222 05623.051 05678.964 05739.303 05751.117 05759.599 05727.789 05589.047 05028.948 05092.634 05216.164 05286.999 05357.878 05437.155 05511.698 05595.653 05662.071 05711.494 05749.752 05756.692 05763.687 05739.567 05713.349 05307.979 05022.345 05072.816 05124.172 05171.936 05177.873 05178.534 05167.860 05119.152 05086.157 05068.512 05026.687 05203.014 05707.540 05729.870 05755.192 05759.872 05753.063 05738.079 05687.578 05642.974
-9999.0 -9999.0 -9999.0 -9999.0 -9999.0 -9999.0 -9999.0 -9999.0 -9999.0 -9999.0 -9999.0 -9999.0 05055.099 05160.156 05227.409 05322.101 05369.709 05480.767 05550.602 05642.272 05694.979 05745.056 05753.279 05753.069 05720.490 05424.212 05040.552 05109.871 05221.831 05298.114 05361.126 05443.850 05511.425 05586.586 05654.028 05699.941 05748.111 05754.421 05760.754 05753.346 05730.754 05708.818 05333.524 05010.683 05020.577 05027.909 05028.926 05017.465 04995.246 05144.309 05543.823 05708.109 05728.984 05750.254 05762.304 05756.763 05750.449 05721.736 05674.135 05627.988 05546.972
-9999.0 -9999.0 -9999.0 -9999.0 -9999.0 -9999.0 -9999.0 -9999.0 -9999.0 -9999.0 -9999.0 -9999.0 -9999.0 05069.938 05184.616 05235.253 05341.334 05407.115 05495.982 05577.366 05653.244 05707.961 05746.416 05754.529 05749.426 05716.274 05303.432 05048.522 05127.788 05224.841 05299.914 05358.405 05429.420 05501.630 05567.182 05643.444 05683.333 05727.969 05750.923 05756.608 05762.012 05753.312 05734.639 05720.469 05716.579 05713.867 05713.543 05717.325 05721.561 05732.801 05745.141 05755.554 05762.191 05757.079 05751.822 05739.360 05700.349 05657.492 05601.341 05525.173 05470.714
-9999.0 -9999.0 -9999.0 -9999.0 -9999.0 -9999.0 -9999.0 -9999.0 -9999.0 -9999.0 -9999.0 -9999.0 -9999.0 05014.102 05078.112 05205.858 05271.995 05351.666 05433.607 05506.125 05592.560 05659.116 05715.451 05747.329 05755.398 05746.955 05714.053 05224.829 05052.772 05118.889 05219.656 05279.980 05350.186 05406.107 05487.236 05538.302 05611.051 05660.456 05699.553 05737.604 05751.235 05755.926 05760.623 05762.563 05763.603 05762.361 05762.109 05763.440 05762.395 05760.157 05757.543 05754.315 05751.340 05739.198 05703.462 05666.525 05629.718 05566.422 05504.823 05442.834 05368.496
-9999.0 -9999.0 -9999.0 -9999.0 -9999.0 -9999.0 -9999.0 -9999.0 -9999.0 -9999.0 -9999.0 -9999.0 -9999.0 -9999.0 05036.300 05085.623 05218.878 05298.059 05357.071 05445.566 05512.717 05603.550 05663.712 05720.384 05747.832 05755.905 05745.351 05714.319 05327.927 05038.733 05092.564 05205.985 05249.313 05334.821 05374.907 05452.537 05508.545 05566.942 05627.366 05664.155 05696.318 05728.809 05749.191 05750.395 05751.363 05751.894 05751.957 05751.225 05750.240 05748.470 05734.302 05713.575 05691.084 05664.192 05630.858 05574.476 05516.727 05472.157 05403.670 05352.222 05297.039
-9999.0 -9999.0 -9999.0 -9999.0 -9999.0 -9999.0 -9999.0 -9999.0 -9999.0 -9999.0 -9999.0 -9999.0 -9999.0 -9999.0 -9999.0 05051.447 05132.076 05222.871 05307.836 05361.286 05454.669 05516.973 05609.645 05666.308 05723.399 05747.948 05755.429 05749.131 05719.378 05508.147 05020.775 05081.645 05186.790 05234.643 05305.077 05355.223 05406.330 05470.214 05514.418 05564.020 05616.710 05653.396 05670.198 05679.796 05687.704 05691.703 05692.203 05686.632 05678.420 05667.921 05653.833 05634.828 05601.206 05564.306 05514.679 05474.705 05416.178 05362.208 05322.298 05246.258 05208.737
-9999.0 -9999.0 -9999.0 -9999.0 -9999.0 -9999.0 -9999.0 -9999.0 -9999.0 -9999.0 -9999.0 -9999.0 -9999.0 -9999.0 -9999.0 -9999.0 05063.067 05162.073 05225.845 05313.982 05363.661 05459.804 05519.414 05613.021 05664.901 05717.413 05746.863 05754.129 05754.103 05727.035 05698.899 04984.220 05066.105 05131.397 05213.878 05248.710 05320.960 05360.558 05405.664 05462.894 05502.527 05536.019 05561.274 05578.940 05590.439 05595.939 05596.673 05588.915 05576.372 05560.088 05528.927 05510.548 05488.967 05454.316 05405.679 05361.449 05325.503 05262.223 05223.032 05172.892 05079.666
-9999.0 -9999.0 -9999.0 -9999.0 -9999.0 -9999.0 -9999.0 -9999.0 -9999.0 -9999.0 -9999.0 -9999.0 -9999.0 -9999.0 -9999.0 -9999.0 -9999.0 05065.732 05167.881 05227.525 05317.427 05365.150 05459.044 05515.536 05600.501 05658.331 05708.076 05745.480 05752.261 05759.222 05736.096 05709.441 05296.394 05029.169 05080.997 05172.011 05221.582 05252.751 05316.602 05353.136 05376.323 05428.281 05446.179 05462.840 05472.963 05477.783 05478.476 05471.585 05460.017 05446.600 05418.109 05382.820 05363.240 05345.142 05315.856 05251.409 05223.129 05177.859 05086.082 05045.029 04982.841
-9999.0 -9999.0 -9999.0 -9999.0 -9999.0 -9999.0 -9999.0 -9999.0 -9999.0 -9999.0 -9999.0 -9999.0 -9999.0 -9999.0 -9999.0 -9999.0 -9999.0 -9999.0 05067.159 05171.269 05227.921 05313.536 05360.932 05446.749 05507.812 05585.412 05649.646 05694.504 05742.987 05750.036 05756.491 05748.986 05723.986 05699.615 04989.043 05042.384 05083.782 05169.124 05215.219 05238.754 05290.649 05320.086 05334.634 05347.078 05352.245 05354.472 05354.821 05351.563 05345.277 05334.409 05315.587 05288.982 05245.324 05229.526 05207.322 05168.879 05083.456 05046.441 04947.064 05646.961 05717.483
-9999.0 -9999.0 -9999.0 -9999.0 -9999.0 -9999.0 -9999.0 -9999.0 -9999.0 -9999.0 -9999.0 -9999.0 -9999.0 -9999.0 -9999.0 -9999.0 -9999.0 -9999.0 -9999.0 05066.230 05163.159 05223.951 05302.941 05355.360 05430.933 05497.379 05561.615 05638.543 05677.944 05723.539 05746.754 05752.895 05758.980 05741.967 05718.217 05687.653 05003.915 05034.467 05074.033 05108.539 05187.176 05207.216 05220.774 05227.792 05232.554 05234.413 05234.732 05231.942 05226.824 05220.365 05204.602 05180.333 05134.269 05085.491 05066.291 05032.353 05018.753 05676.798 05716.453 05738.933 05758.206
-9999.0 -9999.0 -9999.0 -9999.0 -9999.0 -9999.0 -9999.0 -9999.0 -9999.0 -9999.0 -9999.0 -9999.0 -9999.0 -9999.0 -9999.0 -9999.0 -9999.0 -9999.0 -9999.0 -9999.0 05059.819 05125.598 05219.098 05284.779 05347.759 05401.085 05483.364 05531.268 05607.956 05656.839 05698.403 05740.925 05748.678 05754.375 05759.370 05741.560 05720.464 05702.244 05315.919 05004.132 05043.880 05063.144 05073.033 05080.480 05085.852 05087.676 05087.993 05085.182 05079.561 05072.291 05062.168 05035.857 05007.691 05104.401 05544.682 05705.463 05720.766 05742.013 05758.484 05754.911 05749.470
-9999.0 -9999.0 -9999.0 -9999.0 -9999.0 -9999.0 -9999.0 -9999.0 -9999.0 -9999.0 -9999.0 -9999.0 -9999.0 -9999.0 -9999.0 -9999.0 -9999.0 -9999.0 -9999.0 -9999.0 -9999.0 05044.658 05083.381 05205.686 05237.177 05332.724 05367.396 05452.038 05505.138 05567.744 05635.197 05668.921 05709.461 05744.133 05748.970 05754.033 05758.742 05747.723 05731.293 05714.183 05703.254 05653.518 05467.869 05309.042 05173.361 05131.538 05123.882 05190.594 05330.131 05489.038 05647.931 05705.318 05715.078 05726.911 05740.654 05752.118 05758.456 05753.920 05748.862 05744.433 05713.861
-9999.0 -9999.0 -9999.0 -9999.0 -9999.0 -9999.0 -9999.0 -9999.0 -9999.0 -9999.0 -9999.0 -9999.0 -9999.0 -9999.0 -9999.0 -9999.0 -9999.0 -9999.0 -9999.0 -9999.0 -9999.0 -9999.0 05023.716 05075.691 05184.147 05228.654 05306.050 05352.812 05408.236 05479.126 05519.426 05587.003 05641.824 05671.303 05708.499 05741.355 05747.536 05751.845 05755.899 05759.003 05751.811 05745.407 05740.217 05735.220 05731.104 05730.107 05729.916 05731.598 05735.871 05741.027 05745.328 05753.050 05759.068 05756.505 05753.437 05750.022 05746.815 05740.573 05707.727 05671.828 05644.001
-9999.0 -9999.0 -9999.0 -9999.0 -9999.0 -9999.0 -9999.0 -9999.0 -9999.0 -9999.0 -9999.0 -9999.0 -9999.0 -9999.0 -9999.0 -9999.0 -9999.0 -9999.0 -9999.0 -9999.0 -9999.0 -9999.0 -9999.0 04999.550 05066.200 05133.941 05216.406 05243.367 05328.727 05362.874 05432.324 05488.685 05521.520 05587.747 05638.608 05664.169 05694.654 05723.916 05744.679 05747.768 05749.603 05751.542 05753.102 05754.181 05755.090 05755.266 05755.303 05754.983 05754.036 05752.849 05751.515 05749.375 05747.126 05744.838 05731.758 05710.111 05685.447 05662.162 05637.709 05586.379 05524.386
-9999.0 -9999.0 -9999.0 -9999.0 -9999.0 -9999.0 -9999.0 -9999.0 -9999.0 -9999.0 -9999.0 -9999.0 -9999.0 -9999.0 -9999.0 -9999.0 -9999.0 -9999.0 -9999.0 -9999.0 -9999.0 -9999.0 -9999.0 -9999.0 -9999.0 05034.822 05076.858 05179.034 05224.872 05288.164 05339.059 05364.835 05435.105 05486.097 05515.568 05567.629 05615.962 05648.114 05668.982 05689.664 05704.073 05716.411 05726.677 05733.249 05739.484 05740.385 05740.598 05738.756 05732.318 05724.795 05715.953 05703.285 05685.629 05667.152 05652.278 05633.435 05597.802 05557.079 05514.582 05484.885 05433.834
-9999.0 -9999.0 -9999.0 -9999.0 -9999.0 -9999.0 -9999.0 -9999.0 -9999.0 -9999.0 -9999.0 -9999.0 -9999.0 -9999.0 -9999.0 -9999.0 -9999.0 -9999.0 -9999.0 -9999.0 -9999.0 -9999.0 -9999.0 -9999.0 -9999.0 -9999.0 04953.063 05060.408 05083.949 05191.993 05226.998 05292.932 05337.262 05361.440 05416.505 05465.385 05499.372 05524.875 05575.661 05599.145 05620.020 05637.801 05645.849 05650.782 05655.464 05656.182 05656.327 05655.118 05650.064 05644.360 05636.724 05619.997 05594.387 05565.505 05530.723 05507.171 05487.344 05452.530 05409.682 05360.761 05336.367
-9999.0 -9999.0 -9999.0 -9999.0 -9999.0 -9999.0 -9999.0 -9999.0 -9999.0 -9999.0 -9999.0 -9999.0 -9999.0 -9999.0 -9999.0 -9999.0 -9999.0 -9999.0 -9999.0 -9999.0 -9999.0 -9999.0 -9999.0 -9999.0 -9999.0 -9999.0 -9999.0 -9999.0 05008.731 05065.003 05085.181 05191.966 05224.777 05265.934 05321.608 05351.741 05368.442 05427.864 05463.249 05484.870 05497.339 05507.146 05515.560 05521.096 05531.310 05533.200 05533.506 05531.156 05520.303 05514.169 05506.403 05497.983 05481.378 05455.914 05428.224 05380.202 05359.191 05344.745 05314.513 05260.370 05224.257
-9999.0 -9999.0 -9999.0 -9999.0 -9999.0 -9999.0 -9999.0 -9999.0 -9999.0 -9999.0 -9999.0 -9999.0 -9999.0 -9999.0 -9999.0 -9999.0 -9999.0 -9999.0 -9999.0 -9999.0 -9999.0 -9999.0 -9999.0 -9999.0 -9999.0 -9999.0 -9999.0 -9999.0 -9999.0 -9999.0 05010.898 05063.256 05081.385 05175.756 05217.344 05231.984 05292.516 05326.349 05347.059 05355.997 05364.087 05372.779 05395.496 05411.248 05423.893 05425.478 05425.657 05424.261 05409.010 05392.369 05369.986 05364.180 05354.935 05344.763 05322.713 05297.721 05236.902 05225.337 05207.224 05171.436 05080.609
-9999.0 -9999.0 -9999.0 -9999.0 -9999.0 -9999.0 -9999.0 -9999.0 -9999.0 -9999.0 -9999.0 -9999.0 -9999.0 -9999.0 -9999.0 -9999.0 -9999.0 -9999.0 -9999.0 -9999.0 -9999.0 -9999.0 -9999.0 -9999.0 -9999.0 -9999.0 -9999.0 -9999.0 -9999.0 -9999.0 -9999.0 -9999.0 04985.857 05043.172 05072.451 05098.861 05183.791 05218.088 05225.768 05232.997 05250.928 05287.683 05301.213 05309.473 05315.893 05317.204 05317.302 05316.660 05308.269 05299.895 05283.118 05249.667 05232.497 05224.141 05213.134 05186.720 05146.256 05079.271 05066.522 05034.341 04932.551
-9999.0 -9999.0 -9999.0 -9999.0 -9999.0 -9999.0 -9999.0 -9999.0 -9999.0 -9999.0 -9999.0 -9999.0 -9999.0 -9999.0 -9999.0 -9999.0 -9999.0 -9999.0 -9999.0 -9999.0 -9999.0 -9999.0 -9999.0 -9999.0 -9999.0 -9999.0 -9999.0 -9999.0 -9999.0 -9999.0 -9999.0 -9999.0 -9999.0 -9999.0 -9999.0 05007.330 05048.250 05070.020 05078.184 05085.671 05158.499 05173.881 05185.660 05194.908 05201.712 05203.221 05203.308 05202.728 05193.735 05184.175 05171.630 05157.263 05085.536 05076.718 05067.469 05047.571 05015.070 -9999.0 -9999.0 -9999.0 -9999.0
-9999.0 -9999.0 -9999.0 -9999.0 -9999.0 -9999.0 -9999.0 -9999.0 -9999.0 -9999.0 -9999.0 -9999.0 -9999.0 -9999.0 -9999.0 -9999.0 -9999.0 -9999.0 -9999.0 -9999.0 -9999.0 -9999.0 -9999.0 -9999.0 -9999.0 -9999.0 -9999.0 -9999.0 -9999.0 -9999.0 -9999.0 -9999.0 -9999.0 -9999.0 -9999.0 -9999.0 -9999.0 -9999.0 -9999.0 04981.875 05014.056 05030.443 05042.206 05051.995 05058.839 05060.486 05060.555 05059.899 05050.777 05040.633 05027.704 05012.980 04994.687 -9999.0 -9999.0 -9999.0 -9999.0 -9999.0 -9999.0 -9999.0 -9999.0
