tests/Flatland_HeatPerUnitArea.asc
NCOLS 100
NROWS 100
XLLCORNER 20000.000000
YLLCORNER 20000.000000
CELLSIZE 30.000000
NODATA_VALUE -9999.0
[rows 0 to 26 of 100, columns 0 to 60 of 100]
-9999.0 -9999.0 -9999.0 -9999.0 -9999.0 -9999.0 -9999.0 -9999.0 -9999.0 -9999.0 -9999.0 -9999.0 -9999.0 -9999.0 -9999.0 -9999.0 -9999.0 -9999.0 05178.968 05207.574 -9999.0 -9999.0 05329.281 05356.699 05396.995 -9999.0 -9999.0 -9999.0 05541.121 05578.588 05577.351 -9999.0 -9999.0 -9999.0 05673.857 05669.542 -9999.0 05713.456 05706.353 -9999.0 -9999.0 05744.257 05744.859 05745.395 05745.863 05746.136 -9999.0 -9999.0 05738.020 05745.704 05745.111 05744.432 -9999.0 -9999.0 -9999.0 -9999.0 05705.421 05697.586 05678.910 -9999.0 05638.716
-9999.0 -9999.0 -9999.0 -9999.0 -9999.0 -9999.0 -9999.0 -9999.0 -9999.0 -9999.0 -9999.0 -9999.0 -9999.0 -9999.0 05003.621 05053.787 05080.024 05174.298 05218.550 05233.527 05304.932 05342.727 05362.556 05410.511 05458.664 05493.812 05516.851 05558.712 05600.292 05634.345 05650.565 05664.256 05680.632 05697.748 05712.891 05726.706 05738.783 05744.635 05745.956 05747.105 05748.151 05749.244 05750.002 05750.633 05751.195 05751.515 05751.735 05751.909 05751.639 05750.992 05750.285 05749.489 05748.478 05747.543 05746.465 05745.056 05742.519 05730.912 05717.548 05702.589 05686.416
-9999.0 -9999.0 -9999.0 -9999.0 -9999.0 -9999.0 -9999.0 -9999.0 -9999.0 -9999.0 -9999.0 -9999.0 -9999.0 -9999.0 05048.423 05076.841 05166.851 05216.346 05233.426 05304.278 05343.567 05362.973 05417.080 05464.752 05498.453 05523.968 05573.712 05614.137 05645.184 05663.972 05681.998 05701.246 05718.641 05734.854 05744.480 05746.346 05747.924 05749.589 05751.213 05752.558 05753.805 05754.951 05755.711 05756.303 05756.840 05757.139 05757.347 05757.519 05757.248 05756.634 05755.962 05755.194 05754.201 05753.102 05751.761 05750.108 05748.426 05746.906 05745.084 05739.200 05724.183
-9999.0 -9999.0 -9999.0 -9999.0 -9999.0 -9999.0 -9999.0 -9999.0 -9999.0 -9999.0 -9999.0 -9999.0 -9999.0 05031.405 05072.391 05157.484 05208.336 05231.016 05298.726 05341.056 05362.882 05418.056 05467.081 05501.730 05532.272 05583.907 05625.516 05651.950 05671.930 05698.406 05719.444 05737.203 05745.164 05747.296 05749.313 05751.538 05753.430 05755.183 05756.772 05758.030 05759.216 05757.065 05754.261 05752.209 05750.321 05749.266 05748.495 05747.957 05748.970 05751.037 05753.432 05756.174 05759.603 05758.569 05757.240 05755.692 05754.031 05752.247 05750.019 05747.898 05745.849
-9999.0 -9999.0 -9999.0 -9999.0 -9999.0 -9999.0 -9999.0 -9999.0 -9999.0 -9999.0 -9999.0 -9999.0 05013.025 05066.335 05090.958 05197.776 05228.004 05291.804 05335.625 05360.692 05415.539 05467.260 05502.316 05537.221 05590.198 05633.495 05657.207 05680.776 05707.716 05732.358 05745.209 05747.535 05750.037 05752.541 05754.835 05756.918 05758.765 05756.581 05750.832 05746.471 05742.277 05737.669 05733.760 05731.055 05728.573 05727.136 05726.105 05725.381 05726.801 05729.531 05732.726 05736.433 05740.892 05744.488 05749.372 05754.739 05759.339 05757.583 05755.495 05753.304 05750.803
-9999.0 -9999.0 -9999.0 -9999.0 -9999.0 -9999.0 -9999.0 -9999.0 -9999.0 -9999.0 -9999.0 04914.265 05052.910 05080.471 05181.792 05223.233 05269.502 05328.281 05357.657 05405.073 05463.322 05502.176 05537.879 05592.462 05638.543 05660.516 05687.475 05715.287 05740.846 05746.597 05749.934 05752.771 05755.384 05757.789 05758.084 05750.877 05744.196 05737.457 05729.780 05723.852 05718.387 05713.936 05710.330 05707.993 05705.837 05704.545 05703.624 05702.979 05704.290 05706.672 05709.496 05712.808 05716.751 05721.113 05727.874 05734.996 05742.155 05748.573 05755.846 05758.558 05756.121
-9999.0 -9999.0 -9999.0 -9999.0 -9999.0 -9999.0 -9999.0 -9999.0 -9999.0 -9999.0 -9999.0 05030.549 05073.261 05163.853 05217.393 05236.611 05317.513 05354.011 05391.232 05456.237 05498.502 05534.903 05592.561 05638.977 05662.400 05691.753 05720.559 05744.275 05747.639 05751.260 05754.943 05757.971 05756.583 05748.084 05739.819 05730.358 05721.235 05714.122 05707.445 05702.030 05681.495 05551.459 05429.196 05347.910 05270.561 05219.881 05183.038 05156.690 05211.589 05301.826 05402.964 05514.590 05633.930 05699.589 05705.702 05711.976 05718.595 05727.347 05736.950 05745.419 05754.014
-9999.0 -9999.0 -9999.0 -9999.0 -9999.0 -9999.0 -9999.0 -9999.0 -9999.0 -9999.0 05006.602 05065.158 05091.252 05200.618 05230.648 05303.092 05347.513 05372.048 05447.228 05493.823 05526.600 05587.648 05638.599 05662.618 05693.146 05724.044 05744.843 05748.443 05752.421 05756.182 05759.383 05747.686 05738.404 05727.009 05716.741 05708.299 05700.104 05569.341 05349.614 05133.408 04933.299 04989.317 05011.329 05018.083 05024.217 05028.145 05030.906 05032.835 05028.646 05021.751 05013.438 05003.333 04955.466 05038.577 05283.187 05501.347 05696.778 05705.694 05714.066 05723.680 05734.972
-9999.0 -9999.0 -9999.0 -9999.0 -9999.0 -9999.0 -9999.0 -9999.0 -9999.0 -9999.0 05041.984 05078.511 05179.264 05223.518 05277.810 05336.126 05363.553 05432.134 05487.822 05518.832 05579.866 05632.540 05661.039 05693.185 05724.520 05745.146 05748.994 05753.226 05757.186 05755.247 05742.940 05727.616 05715.719 05705.740 05662.629 05391.362 05079.518 04977.184 05016.339 05033.388 05047.267 05059.891 05068.089 05071.655 05074.936 05077.099 05078.608 05079.667 05077.301 05073.596 05069.116 05063.498 05052.530 05039.237 05021.888 05003.342 04964.282 05299.585 05578.211 05702.935 05712.732
-9999.0 -9999.0 -9999.0 -9999.0 -9999.0 -9999.0 -9999.0 -9999.0 -9999.0 05008.849 05067.722 05141.552 05214.674 05235.966 05318.855 05355.919 05409.156 05472.466 05511.159 05569.474 05624.176 05657.525 05689.269 05723.519 05745.178 05749.169 05753.733 05757.809 05752.136 05738.661 05722.116 05707.776 05638.387 05317.191 04930.037 05011.943 05035.284 05056.108 05069.859 05079.401 05086.826 05093.714 05118.688 05137.154 05154.417 05164.776 05167.334 05169.208 05164.909 05146.829 05123.678 05095.747 05089.841 05082.245 05072.967 05062.385 05042.720 05019.231 04969.229 05211.299 05555.894
-9999.0 -9999.0 -9999.0 -9999.0 -9999.0 -9999.0 -9999.0 -9999.0 -9999.0 05042.804 05079.495 05186.645 05227.612 05299.465 05347.036 05375.627 05453.838 05501.157 05548.933 05612.021 05653.013 05683.681 05719.231 05744.840 05749.173 05753.794 05758.121 05750.179 05735.162 05717.719 05703.152 05437.784 04938.806 05016.687 05044.070 05067.009 05079.465 05091.109 05123.246 05167.849 05180.503 05192.375 05203.517 05209.732 05215.086 05218.592 05219.956 05220.966 05218.594 05212.577 05205.399 05195.946 05185.988 05172.206 05140.185 05094.547 05083.427 05070.817 05052.339 05024.834 04970.138
-9999.0 -9999.0 -9999.0 -9999.0 -9999.0 -9999.0 -9999.0 -9999.0 05006.041 05067.345 05145.378 05216.858 05244.885 05329.478 05362.113 05431.722 05489.408 05526.008 05594.443 05645.286 05676.157 05713.459 05744.209 05748.565 05753.568 05758.151 05749.680 05733.052 05715.200 05699.581 05286.738 05000.026 05042.312 05068.883 05083.814 05103.390 05166.331 05187.008 05203.972 05219.497 05226.384 05232.720 05238.616 05242.185 05245.028 05247.620 05252.198 05255.627 05247.385 05243.622 05239.819 05234.686 05229.449 05221.772 05209.268 05192.923 05173.026 05125.320 05087.976 05073.226 05051.717
-9999.0 -9999.0 -9999.0 -9999.0 -9999.0 -9999.0 -9999.0 -9999.0 05038.346 05078.543 05185.671 05227.880 05302.772 05350.610 05397.971 05469.510 05511.361 05573.606 05634.504 05665.335 05704.272 05741.284 05747.868 05752.885 05757.706 05749.883 05732.818 05714.040 05688.284 05169.712 05014.024 05054.981 05080.351 05112.117 05172.610 05196.381 05217.928 05229.105 05238.347 05247.793 05271.788 05292.589 05305.041 05312.052 05317.137 05320.921 05323.460 05325.304 05320.788 05314.473 05307.416 05298.068 05282.247 05255.777 05241.208 05232.562 05221.573 05203.725 05179.774 05133.716 05087.220
-9999.0 -9999.0 -9999.0 -9999.0 -9999.0 -9999.0 -9999.0 04989.859 05064.752 05126.283 05215.345 05242.815 05330.128 05363.880 05441.327 05497.903 05546.020 05613.080 05655.665 05692.072 05730.356 05746.824 05752.009 05756.983 05752.020 05734.148 05713.922 05675.612 05098.170 05021.306 05064.417 05086.751 05159.365 05198.649 05220.837 05233.552 05245.353 05277.926 05303.634 05319.617 05332.837 05343.985 05351.431 05355.958 05359.007 05361.356 05362.919 05364.070 05361.201 05357.325 05352.942 05347.330 05338.189 05323.983 05308.959 05289.394 05252.998 05237.582 05224.585 05204.643 05177.558
-9999.0 -9999.0 -9999.0 -9999.0 -9999.0 -9999.0 -9999.0 05025.505 05075.006 05178.698 05226.400 05300.568 05350.247 05399.280 05474.461 05517.051 05589.750 05644.467 05677.393 05718.136 05745.348 05750.447 05755.965 05754.811 05737.254 05716.013 05689.921 05090.525 05024.381 05067.837 05091.369 05173.134 05209.627 05232.546 05248.985 05291.128 05315.534 05334.643 05350.034 05359.637 05368.136 05374.937 05387.991 05400.266 05408.028 05414.145 05418.009 05420.996 05413.418 05403.605 05392.101 05377.722 05371.084 05362.460 05353.304 05340.646 05321.429 05300.486 05261.238 05237.357 05222.876
-9999.0 -9999.0 -9999.0 -9999.0 -9999.0 -9999.0 -9999.0 05052.875 05085.063 05205.909 05235.942 05326.457 05362.863 05440.441 05498.302 05552.980 05623.747 05663.375 05703.684 05742.728 05748.629 05754.343 05759.460 05741.136 05719.019 05699.937 05150.544 05024.749 05068.397 05093.864 05179.730 05218.467 05238.043 05280.194 05318.794 05340.953 05356.356 05368.328 05383.052 05407.500 05429.718 05443.891 05456.941 05466.956 05473.050 05477.943 05481.009 05483.415 05477.226 05469.442 05460.227 05449.105 05435.319 05415.015 05391.547 05371.924 05360.266 05347.082 05324.637 05299.376 05253.859
-9999.0 -9999.0 -9999.0 -9999.0 -9999.0 -9999.0 05005.109 05069.053 05164.321 05222.109 05291.852 05347.225 05391.939 05471.982 05516.598 05590.626 05647.597 05685.357 05728.249 05746.807 05752.393 05757.999 05746.691 05724.430 05703.148 05260.461 05017.826 05067.137 05094.122 05182.257 05221.480 05242.157 05297.054 05331.304 05357.495 05371.686 05397.006 05428.237 05451.891 05470.979 05489.312 05498.218 05506.583 05513.328 05517.188 05520.383 05522.362 05523.953 05519.810 05514.796 05508.774 05501.746 05492.453 05476.966 05458.742 05435.694 05407.826 05375.420 05361.243 05345.455 05320.209
-9999.0 -9999.0 -9999.0 -9999.0 -9999.0 -9999.0 05031.166 05078.063 05189.932 05230.976 05315.626 05358.757 05432.755 05495.680 05549.923 05622.933 05664.084 05708.213 05744.643 05750.179 05756.006 05752.947 05731.865 05709.208 05408.893 05008.853 05062.493 05091.479 05181.872 05221.851 05244.250 05303.354 05339.734 05363.144 05393.291 05434.276 05461.114 05486.289 05502.133 05514.820 05526.706 05542.513 05557.355 05569.905 05576.623 05582.281 05585.523 05588.286 05580.994 05572.281 05561.442 05549.135 05531.693 05518.710 05506.889 05491.838 05469.602 05441.828 05407.879 05373.909 05355.838
-9999.0 -9999.0 -9999.0 -9999.0 -9999.0 -9999.0 05055.865 05092.977 05213.572 05252.233 05337.525 05370.146 05461.658 05512.253 05585.936 05646.358 05684.800 05729.519 05747.422 05753.656 05759.466 05740.787 05716.182 05612.890 04960.372 05052.562 05087.078 05175.480 05220.319 05244.488 05305.467 05344.793 05367.637 05407.415 05453.371 05490.499 05507.742 05523.881 05547.395 05570.640 05590.814 05606.414 05619.754 05631.548 05637.517 05642.358 05644.014 05645.476 05641.325 05633.492 05623.564 05612.626 05596.205 05577.554 05555.648 05529.127 05512.626 05495.006 05468.217 05437.973 05386.721
-9999.0 -9999.0 -9999.0 -9999.0 -9999.0 04997.604 05068.601 05166.929 05223.672 05298.507 05351.642 05413.393 05487.772 05536.782 05615.208 05661.795 05706.672 05744.578 05750.433 05756.739 05748.517 05724.947 05702.230 05121.728 05034.481 05079.719 05167.282 05215.119 05241.718 05304.415 05345.212 05369.739 05416.942 05463.681 05498.943 05524.713 05556.083 05584.520 05608.942 05630.538 05645.748 05654.168 05661.042 05667.432 05670.492 05673.395 05675.592 05677.604 05672.398 05668.343 05663.107 05657.516 05648.631 05636.866 05616.188 05592.560 05564.433 05532.526 05511.497 05489.659 05446.084
-9999.0 -9999.0 -9999.0 -9999.0 -9999.0 05016.186 05075.001 05186.996 05231.790 05319.271 05361.690 05443.417 05503.219 05570.834 05640.982 05679.242 05726.521 05747.231 05753.582 05759.060 05737.216 05710.858 05416.197 05013.518 05069.561 05123.837 05204.308 05237.747 05298.065 05341.934 05369.998 05419.778 05469.635 05504.759 05534.756 05580.345 05616.169 05641.528 05654.517 05666.054 05676.629 05688.368 05697.465 05706.092 05710.345 05713.986 05716.128 05717.958 05712.767 05707.437 05700.363 05692.623 05680.600 05669.400 05658.188 05646.119 05622.914 05593.856 05561.794 05521.613 05493.369
-9999.0 -9999.0 -9999.0 -9999.0 -9999.0 05033.808 05081.106 05203.705 05240.440 05339.049 05376.733 05468.597 05517.965 05599.045 05654.790 05699.319 05743.903 05749.968 05756.536 05748.798 05723.404 05698.894 04945.335 05052.552 05090.550 05188.101 05230.109 05282.962 05335.354 05366.572 05417.086 05470.166 05507.289 05543.391 05591.187 05632.469 05657.990 05670.983 05687.574 05703.092 05715.876 05727.578 05736.198 05744.385 05748.077 05748.560 05748.825 05749.046 05748.371 05745.944 05739.092 05731.192 05719.737 05707.922 05692.375 05675.765 05661.054 05645.886 05618.925 05572.930 05524.816
-9999.0 -9999.0 -9999.0 -9999.0 -9999.0 05049.831 05094.496 05217.591 05281.651 05348.977 05413.274 05489.979 05544.833 05624.810 05668.039 05717.339 05746.321 05752.792 05759.323 05738.113 05711.152 05363.283 05023.958 05078.611 05168.153 05220.665 05254.601 05323.307 05362.040 05407.283 05465.220 05507.205 05545.636 05597.073 05641.119 05663.490 05688.409 05708.937 05725.587 05740.310 05748.647 05750.225 05751.346 05752.425 05753.071 05753.644 05753.960 05754.197 05753.404 05752.647 05751.755 05750.648 05749.158 05744.931 05730.118 05713.678 05695.174 05675.009 05655.639 05623.997 05576.857
-9999.0 -9999.0 -9999.0 -9999.0 -9999.0 05063.748 05158.766 05222.959 05302.343 05355.930 05434.734 05502.160 05575.096 05644.069 05685.728 05734.448 05748.570 05755.522 05751.411 05725.416 05699.660 04941.557 05057.448 05097.266 05203.189 05239.187 05307.064 05352.837 05390.605 05456.910 05502.443 05542.182 05597.631 05643.469 05667.243 05695.020 05722.456 05745.625 05749.780 05751.733 05753.570 05755.408 05756.801 05758.064 05758.842 05759.393 05759.696 05759.898 05759.147 05758.346 05757.308 05755.923 05754.183 05752.329 05750.404 05748.185 05731.797 05712.785 05683.617 05657.873 05626.025
-9999.0 -9999.0 -9999.0 -9999.0 04973.033 05068.585 05172.376 05228.097 05315.525 05362.510 05452.235 05511.998 05594.878 05656.349 05703.181 05744.650 05751.155 05757.983 05742.289 05714.163 05424.007 05021.788 05078.099 05173.347 05226.360 05281.819 05339.522 05372.804 05439.614 05495.154 05533.107 05591.538 05642.905 05668.122 05698.740 05727.843 05748.882 05752.337 05754.759 05757.075 05759.155 05760.884 05762.276 05763.465 05762.218 05760.321 05759.197 05758.565 05761.207 05763.752 05762.786 05761.377 05759.748 05757.764 05755.505 05752.844 05750.504 05745.379 05716.649 05685.668 05657.800
-9999.0 -9999.0 -9999.0 -9999.0 05006.490 05073.245 05185.335 05232.570 05327.547 05368.715 05468.156 05521.676 05612.456 05664.963 05718.063 05746.765 05753.619 05756.879 05731.650 05703.832 05025.295 05052.510 05095.285 05202.891 05242.108 05317.789 05362.063 05416.299 05480.108 05520.991 05581.762 05636.257 05666.095 05699.121 05730.091 05749.487 05753.098 05757.176 05760.168 05762.362 05761.672 05755.648 05750.508 05746.333 05742.757 05740.308 05738.761 05738.033 05741.511 05745.229 05748.600 05753.871 05759.551 05763.007 05760.777 05758.238 05755.511 05751.739 05747.683 05717.806 05684.076
-9999.0 -9999.0 -9999.0 -9999.0 05017.260 05076.892 05196.516 05236.988 05338.547 05388.050 05482.990 05541.381 05628.910 05675.685 05729.165 05748.482 05755.985 05748.804 05720.742 05597.416 05009.458 05073.437 05168.702 05225.356 05282.387 05345.222 05383.609 05458.443 05508.327 05561.582 05622.811 05662.032 05694.354 05728.832 05749.613 05753.620 05757.921 05761.878 05758.486 05750.750 05743.137 05734.909 05727.814 05722.474 05718.642 05716.530 05715.107 05714.556 05717.618 05721.085 05725.185 05732.506 05740.054 05748.546 05756.718 05763.340 05760.566 05756.285 05751.934 05747.246 05714.849
