tests/raster.toa
north:    23000.000000
south:    20000.000000
east:     23000.000000
west:     20000.000000
rows:     100
cols:     100
[rows 26 to 51 of 100, columns 0 to 59 of 100]
-0001.000 -0001.000 -0001.000 -0001.000 -0001.000 -0001.000 -0001.000 -0001.000 -0001.000 -0001.000 -0001.000 -0001.000 00023.472 00022.544 00021.732 00021.005 00020.336 00019.710 00019.111 00018.560 00018.027 00017.519 00017.035 00016.572 00016.127 00015.706 00015.297 00014.911 00014.542 00014.188 00013.859 00013.543 00013.237 00012.953 00012.680 00012.423 00012.180 00011.972 00011.787 00011.619 00011.466 00011.334 00011.220 00011.129 00011.058 00011.007 00010.974 00010.987 00011.027 00011.087 00011.168 00011.264 00011.392 00011.533 00011.692 00011.869 00012.059 00012.288 00012.536 00012.799
-0001.000 -0001.000 -0001.000 -0001.000 -0001.000 -0001.000 -0001.000 -0001.000 -0001.000 -0001.000 -0001.000 -0001.000 00023.301 00022.385 00021.577 00020.856 00020.186 00019.558 00018.959 00018.383 00017.842 00017.331 00016.843 00016.376 00015.930 00015.499 00015.091 00014.696 00014.325 00013.971 00013.626 00013.307 00012.997 00012.701 00012.422 00012.158 00011.910 00011.679 00011.489 00011.312 00011.153 00011.016 00010.894 00010.802 00010.727 00010.673 00010.638 00010.652 00010.694 00010.756 00010.842 00010.945 00011.077 00011.225 00011.391 00011.574 00011.778 00012.021 00012.276 00012.547
-0001.000 -0001.000 -0001.000 -0001.000 -0001.000 -0001.000 -0001.000 -0001.000 -0001.000 -0001.000 -0001.000 -0001.000 00023.152 00022.243 00021.446 00020.723 00020.052 00019.421 00018.817 00018.237 00017.680 00017.154 00016.664 00016.192 00015.741 00015.308 00014.890 00014.496 00014.116 00013.759 00013.411 00013.073 00012.761 00012.457 00012.172 00011.900 00011.642 00011.396 00011.191 00011.008 00010.843 00010.697 00010.566 00010.472 00010.393 00010.337 00010.301 00010.316 00010.358 00010.423 00010.514 00010.625 00010.759 00010.915 00011.088 00011.278 00011.506 00011.756 00012.020 00012.298
-0001.000 -0001.000 -0001.000 -0001.000 -0001.000 -0001.000 -0001.000 -0001.000 -0001.000 -0001.000 -0001.000 00024.097 00023.028 00022.127 00021.327 00020.605 00019.934 00019.296 00018.689 00018.103 00017.543 00017.007 00016.493 00016.021 00015.564 00015.126 00014.706 00014.302 00013.923 00013.551 00013.200 00012.857 00012.530 00012.222 00011.924 00011.645 00011.376 00011.122 00010.892 00010.702 00010.530 00010.377 00010.243 00010.140 00010.057 00009.999 00009.960 00009.976 00010.022 00010.091 00010.183 00010.303 00010.442 00010.605 00010.787 00010.987 00011.235 00011.495 00011.771 00012.058
-0001.000 -0001.000 -0001.000 -0001.000 -0001.000 -0001.000 -0001.000 -0001.000 -0001.000 -0001.000 -0001.000 00023.981 00022.920 00022.025 00021.230 00020.505 00019.826 00019.189 00018.575 00017.984 00017.420 00016.879 00016.361 00015.861 00015.399 00014.955 00014.530 00014.125 00013.734 00013.360 00012.995 00012.648 00012.310 00011.992 00011.688 00011.394 00011.113 00010.850 00010.598 00010.398 00010.216 00010.055 00009.918 00009.805 00009.717 00009.655 00009.615 00009.631 00009.681 00009.755 00009.849 00009.979 00010.127 00010.297 00010.485 00010.711 00010.968 00011.239 00011.522 00011.824
-0001.000 -0001.000 -0001.000 -0001.000 -0001.000 -0001.000 -0001.000 -0001.000 -0001.000 -0001.000 -0001.000 00023.902 00022.844 00021.942 00021.144 00020.420 00019.741 00019.095 00018.474 00017.880 00017.309 00016.764 00016.240 00015.737 00015.252 00014.795 00014.366 00013.956 00013.560 00013.173 00012.804 00012.444 00012.102 00011.767 00011.453 00011.147 00010.858 00010.581 00010.321 00010.093 00009.905 00009.734 00009.588 00009.465 00009.370 00009.306 00009.262 00009.280 00009.333 00009.412 00009.513 00009.651 00009.809 00009.988 00010.182 00010.437 00010.703 00010.986 00011.285 00011.593
-0001.000 -0001.000 -0001.000 -0001.000 -0001.000 -0001.000 -0001.000 -0001.000 -0001.000 -0001.000 -0001.000 00023.841 00022.785 00021.885 00021.084 00020.350 00019.665 00019.016 00018.392 00017.789 00017.214 00016.663 00016.133 00015.625 00015.134 00014.661 00014.213 00013.798 00013.394 00013.001 00012.619 00012.254 00011.900 00011.558 00011.221 00010.908 00010.602 00010.316 00010.045 00009.785 00009.588 00009.409 00009.253 00009.118 00009.021 00008.950 00008.905 00008.923 00008.980 00009.064 00009.176 00009.318 00009.487 00009.677 00009.903 00010.166 00010.445 00010.740 00011.049 00011.372
-0001.000 -0001.000 -0001.000 -0001.000 -0001.000 -0001.000 -0001.000 -0001.000 -0001.000 -0001.000 -0001.000 00023.803 00022.748 00021.843 00021.038 00020.302 00019.611 00018.951 00018.320 00017.715 00017.134 00016.574 00016.042 00015.526 00015.029 00014.551 00014.093 00013.647 00013.238 00012.837 00012.448 00012.071 00011.708 00011.352 00011.007 00010.673 00010.359 00010.057 00009.772 00009.502 00009.271 00009.079 00008.912 00008.768 00008.667 00008.589 00008.541 00008.561 00008.621 00008.711 00008.833 00008.985 00009.164 00009.361 00009.622 00009.898 00010.189 00010.500 00010.819 00011.162
-0001.000 -0001.000 -0001.000 -0001.000 -0001.000 -0001.000 -0001.000 -0001.000 -0001.000 -0001.000 -0001.000 00023.794 00022.722 00021.816 00021.009 00020.268 00019.571 00018.908 00018.269 00017.652 00017.067 00016.505 00015.964 00015.440 00014.938 00014.453 00013.990 00013.540 00013.097 00012.685 00012.287 00011.902 00011.523 00011.156 00010.798 00010.450 00010.119 00009.802 00009.501 00009.215 00008.947 00008.749 00008.570 00008.420 00008.307 00008.224 00008.172 00008.194 00008.256 00008.352 00008.486 00008.649 00008.838 00009.066 00009.343 00009.635 00009.945 00010.262 00010.606 00010.956
-0001.000 -0001.000 -0001.000 -0001.000 -0001.000 -0001.000 -0001.000 -0001.000 -0001.000 -0001.000 -0001.000 00023.827 00022.744 00021.817 00020.993 00020.246 00019.546 00018.877 00018.233 00017.613 00017.019 00016.446 00015.900 00015.372 00014.862 00014.371 00013.901 00013.442 00012.993 00012.555 00012.137 00011.741 00011.351 00010.969 00010.597 00010.237 00009.885 00009.554 00009.232 00008.931 00008.647 00008.416 00008.227 00008.067 00007.941 00007.853 00007.796 00007.819 00007.886 00007.988 00008.134 00008.309 00008.507 00008.774 00009.067 00009.377 00009.701 00010.044 00010.397 00010.765
-0001.000 -0001.000 -0001.000 -0001.000 -0001.000 -0001.000 -0001.000 -0001.000 -0001.000 -0001.000 -0001.000 00023.884 00022.782 00021.846 00021.015 00020.254 00019.539 00018.858 00018.211 00017.585 00016.986 00016.409 00015.854 00015.315 00014.800 00014.304 00013.825 00013.359 00012.900 00012.455 00012.019 00011.590 00011.190 00010.795 00010.408 00010.032 00009.668 00009.306 00008.974 00008.653 00008.352 00008.079 00007.879 00007.706 00007.565 00007.470 00007.407 00007.432 00007.508 00007.621 00007.779 00007.969 00008.194 00008.485 00008.792 00009.124 00009.470 00009.831 00010.202 00010.582
-0001.000 -0001.000 -0001.000 -0001.000 -0001.000 -0001.000 -0001.000 -0001.000 -0001.000 -0001.000 -0001.000 00023.965 00022.842 00021.892 00021.050 00020.281 00019.560 00018.873 00018.210 00017.569 00016.965 00016.385 00015.824 00015.281 00014.757 00014.249 00013.766 00013.291 00012.823 00012.369 00011.923 00011.482 00011.040 00010.633 00010.232 00009.839 00009.454 00009.081 00008.718 00008.379 00008.059 00007.758 00007.526 00007.334 00007.178 00007.075 00007.007 00007.034 00007.119 00007.246 00007.418 00007.619 00007.894 00008.202 00008.532 00008.878 00009.249 00009.629 00010.017 00010.412
-0001.000 -0001.000 -0001.000 -0001.000 -0001.000 -0001.000 -0001.000 -0001.000 -0001.000 -0001.000 -0001.000 00024.082 00022.923 00021.953 00021.103 00020.325 00019.596 00018.901 00018.233 00017.589 00016.971 00016.376 00015.805 00015.259 00014.729 00014.217 00013.724 00013.236 00012.765 00012.300 00011.843 00011.390 00010.940 00010.491 00010.068 00009.659 00009.255 00008.858 00008.479 00008.115 00007.771 00007.449 00007.163 00006.958 00006.785 00006.668 00006.594 00006.625 00006.718 00006.861 00007.047 00007.275 00007.591 00007.925 00008.271 00008.650 00009.038 00009.438 00009.845 00010.252
-0001.000 -0001.000 -0001.000 -0001.000 -0001.000 -0001.000 -0001.000 -0001.000 -0001.000 -0001.000 -0001.000 -0001.000 00023.042 00022.052 00021.179 00020.387 00019.645 00018.945 00018.271 00017.620 00016.995 00016.396 00015.817 00015.257 00014.712 00014.197 00013.698 00013.206 00012.723 00012.245 00011.782 00011.317 00010.855 00010.395 00009.938 00009.491 00009.070 00008.655 00008.249 00007.860 00007.490 00007.139 00006.806 00006.573 00006.385 00006.250 00006.167 00006.201 00006.302 00006.463 00006.670 00006.956 00007.292 00007.653 00008.037 00008.432 00008.842 00009.261 00009.684 00010.145
-0001.000 -0001.000 -0001.000 -0001.000 -0001.000 -0001.000 -0001.000 -0001.000 -0001.000 -0001.000 -0001.000 -0001.000 00023.182 00022.168 00021.280 00020.476 00019.726 00019.013 00018.327 00017.664 00017.035 00016.430 00015.845 00015.277 00014.730 00014.201 00013.688 00013.187 00012.698 00012.216 00011.740 00011.260 00010.789 00010.314 00009.845 00009.372 00008.895 00008.464 00008.038 00007.620 00007.211 00006.833 00006.477 00006.177 00005.969 00005.812 00005.714 00005.754 00005.867 00006.059 00006.284 00006.635 00007.004 00007.397 00007.808 00008.230 00008.660 00009.109 00009.586 00010.058
-0001.000 -0001.000 -0001.000 -0001.000 -0001.000 -0001.000 -0001.000 -0001.000 -0001.000 -0001.000 -0001.000 -0001.000 00023.363 00022.314 00021.402 00020.581 00019.819 00019.100 00018.408 00017.740 00017.099 00016.483 00015.887 00015.313 00014.761 00014.226 00013.707 00013.198 00012.694 00012.197 00011.716 00011.231 00010.745 00010.255 00009.774 00009.283 00008.791 00008.294 00007.842 00007.396 00006.959 00006.535 00006.145 00005.765 00005.523 00005.329 00005.207 00005.256 00005.406 00005.629 00005.940 00006.320 00006.724 00007.153 00007.597 00008.042 00008.520 00009.014 00009.505 00009.993
-0001.000 -0001.000 -0001.000 -0001.000 -0001.000 -0001.000 -0001.000 -0001.000 -0001.000 -0001.000 -0001.000 -0001.000 00023.574 00022.485 00021.550 00020.714 00019.941 00019.209 00018.507 00017.828 00017.179 00016.557 00015.957 00015.375 00014.811 00014.266 00013.739 00013.226 00012.717 00012.215 00011.719 00011.217 00010.721 00010.226 00009.727 00009.218 00008.711 00008.200 00007.683 00007.187 00006.719 00006.260 00005.817 00005.386 00005.018 00004.743 00004.565 00004.642 00004.866 00005.142 00005.579 00006.009 00006.463 00006.931 00007.396 00007.918 00008.429 00008.941 00009.448 00009.953
-0001.000 -0001.000 -0001.000 -0001.000 -0001.000 -0001.000 -0001.000 -0001.000 -0001.000 -0001.000 -0001.000 -0001.000 00023.827 00022.693 00021.728 00020.870 00020.082 00019.339 00018.627 00017.942 00017.285 00016.653 00016.043 00015.453 00014.881 00014.331 00013.800 00013.276 00012.758 00012.246 00011.745 00011.240 00010.731 00010.219 00009.702 00009.187 00008.661 00008.128 00007.592 00007.044 00006.496 00006.002 00005.494 00004.965 00004.322 00003.662 00003.243 00003.404 00003.975 00004.643 00005.206 00005.723 00006.226 00006.732 00007.293 00007.837 00008.368 00008.899 00009.421 00009.935
-0001.000 -0001.000 -0001.000 -0001.000 -0001.000 -0001.000 -0001.000 -0001.000 -0001.000 -0001.000 -0001.000 -0001.000 00024.135 00022.934 00021.933 00021.052 00020.248 00019.493 00018.771 00018.077 00017.411 00016.770 00016.151 00015.554 00014.975 00014.417 00013.878 00013.347 00012.822 00012.307 00011.797 00011.283 00010.764 00010.246 00009.723 00009.188 00008.639 00008.094 00007.537 00006.961 00006.374 00005.750 00005.180 00004.466 00003.168 00002.365 00001.980 00002.117 00002.601 00003.780 00004.820 00005.448 00006.041 00006.642 00007.221 00007.792 00008.339 00008.889 00009.431 00009.961
-0001.000 -0001.000 -0001.000 -0001.000 -0001.000 -0001.000 -0001.000 -0001.000 -0001.000 -0001.000 -0001.000 -0001.000 -0001.000 00023.217 00022.173 00021.262 00020.438 00019.671 00018.940 00018.237 00017.558 00016.909 00016.283 00015.678 00015.091 00014.524 00013.978 00013.442 00012.912 00012.390 00011.874 00011.354 00010.829 00010.303 00009.771 00009.224 00008.669 00008.106 00007.524 00006.922 00006.310 00005.661 00004.893 00003.636 00002.232 00001.531 00001.340 00001.415 00001.749 00002.810 00004.364 00005.268 00005.958 00006.590 00007.193 00007.790 00008.361 00008.918 00009.473 00010.013
-0001.000 -0001.000 -0001.000 -0001.000 -0001.000 -0001.000 -0001.000 -0001.000 -0001.000 -0001.000 -0001.000 -0001.000 -0001.000 00023.567 00022.462 00021.511 00020.661 00019.874 00019.128 00018.415 00017.728 00017.070 00016.436 00015.824 00015.231 00014.655 00014.101 00013.560 00013.026 00012.498 00011.975 00011.452 00010.924 00010.390 00009.852 00009.301 00008.735 00008.160 00007.568 00006.948 00006.308 00005.615 00004.801 00003.063 00001.660 00001.125 00000.879 00000.948 00001.340 00002.041 00004.066 00005.198 00005.939 00006.601 00007.230 00007.839 00008.421 00008.992 00009.552 00010.095
-0001.000 -0001.000 -0001.000 -0001.000 -0001.000 -0001.000 -0001.000 -0001.000 -0001.000 -0001.000 -0001.000 -0001.000 -0001.000 00024.010 00022.825 00021.829 00020.949 00020.143 00019.385 00018.660 00017.960 00017.288 00016.642 00016.019 00015.415 00014.829 00014.263 00013.714 00013.172 00012.635 00012.105 00011.574 00011.041 00010.505 00009.964 00009.410 00008.841 00008.259 00007.661 00007.034 00006.377 00005.676 00004.822 00002.990 00001.500 00000.817 00000.461 00000.583 00001.088 00001.956 00004.043 00005.240 00006.002 00006.678 00007.321 00007.934 00008.524 00009.100 00009.662 00010.209
-0001.000 -0001.000 -0001.000 -0001.000 -0001.000 -0001.000 -0001.000 -0001.000 -0001.000 -0001.000 -0001.000 -0001.000 -0001.000 -0001.000 00023.240 00022.186 00021.268 00020.438 00019.664 00018.928 00018.219 00017.536 00016.881 00016.249 00015.639 00015.047 00014.473 00013.920 00013.376 00012.838 00012.307 00011.779 00011.246 00010.708 00010.163 00009.608 00009.037 00008.451 00007.850 00007.220 00006.556 00005.847 00005.013 00003.278 00001.544 00000.776 00000.144 00000.422 00001.090 00002.119 00004.364 00005.417 00006.175 00006.860 00007.508 00008.124 00008.718 00009.297 00009.861 00010.410
-0001.000 -0001.000 -0001.000 -0001.000 -0001.000 -0001.000 -0001.000 -0001.000 -0001.000 -0001.000 -0001.000 -0001.000 -0001.000 -0001.000 00023.727 00022.596 00021.628 00020.768 00019.974 00019.225 00018.507 00017.814 00017.149 00016.509 00015.891 00015.293 00014.712 00014.152 00013.607 00013.067 00012.534 00012.006 00011.477 00010.942 00010.402 00009.857 00009.298 00008.723 00008.133 00007.523 00006.882 00006.215 00005.483 00004.517 00002.462 00001.262 00000.830 00000.982 00001.650 00003.375 00005.010 00005.827 00006.521 00007.175 00007.802 00008.401 00008.984 00009.552 00010.104 00010.646
-0001.000 -0001.000 -0001.000 -0001.000 -0001.000 -0001.000 -0001.000 -0001.000 -0001.000 -0001.000 -0001.000 -0001.000 -0001.000 -0001.000 -0001.000 00023.065 00022.039 00021.139 00020.321 00019.556 00018.826 00018.122 00017.444 00016.794 00016.169 00015.565 00014.979 00014.412 00013.864 00013.324 00012.791 00012.264 00011.740 00011.211 00010.677 00010.143 00009.599 00009.040 00008.468 00007.880 00007.273 00006.655 00006.002 00005.289 00004.270 00002.917 00002.071 00002.389 00003.475 00004.811 00005.625 00006.302 00006.938 00007.547 00008.148 00008.728 00009.294 00009.847 00010.385 00010.918
-0001.000 -0001.000 -0001.000 -0001.000 -0001.000 -0001.000 -0001.000 -0001.000 -0001.000 -0001.000 -0001.000 -0001.000 -0001.000 -0001.000 -0001.000 00023.605 00022.500 00021.550 00020.702 00019.918 00019.176 00018.463 00017.775 00017.116 00016.481 00015.869 00015.275 00014.699 00014.143 00013.607 00013.077 00012.553 00012.035 00011.516 00010.994 00010.466 00009.931 00009.398 00008.854 00008.300 00007.735 00007.163 00006.573 00005.996 00005.530 00005.093 00004.773 00004.910 00005.284 00005.745 00006.236 00006.841 00007.424 00007.991 00008.552 00009.101 00009.639 00010.173 00010.705 00011.230
