tests/raster.toa
north:    23000.000000
south:    20000.000000
east:     23000.000000
west:     20000.000000
rows:     100
cols:     100
[rows 0 to 25 of 100, columns 0 to 59 of 100]
-0001.000 -0001.000 -0001.000 -0001.000 -0001.000 -0001.000 -0001.000 -0001.000 -0001.000 -0001.000 -0001.000 -0001.000 -0001.000 -0001.000 -0001.000 -0001.000 -0001.000 -0001.000 -0001.000 -0001.000 -0001.000 -0001.000 -0001.000 -0001.000 -0001.000 -0001.000 -0001.000 -0001.000 -0001.000 00024.085 00023.662 00023.300 00022.971 00022.681 00022.419 00022.182 00021.963 00021.784 00021.621 00021.477 00021.350 00021.245 00021.153 00021.080 00021.023 00020.982 00020.957 00020.967 00020.999 00021.047 00021.112 00021.190 00021.291 00021.402 00021.541 00021.693 00021.862 00022.061 00022.287 00022.535
-0001.000 -0001.000 -0001.000 -0001.000 -0001.000 -0001.000 -0001.000 -0001.000 -0001.000 -0001.000 -0001.000 -0001.000 -0001.000 -0001.000 -0001.000 -0001.000 -0001.000 -0001.000 -0001.000 -0001.000 -0001.000 -0001.000 -0001.000 -0001.000 -0001.000 -0001.000 -0001.000 -0001.000 00023.796 00023.373 00023.001 00022.668 00022.366 00022.091 00021.847 00021.624 00021.419 00021.245 00021.091 00020.952 00020.829 00020.728 00020.639 00020.569 00020.514 00020.474 00020.449 00020.459 00020.490 00020.537 00020.600 00020.677 00020.773 00020.881 00021.013 00021.158 00021.318 00021.510 00021.722 00021.955
-0001.000 -0001.000 -0001.000 -0001.000 -0001.000 -0001.000 -0001.000 -0001.000 -0001.000 -0001.000 -0001.000 -0001.000 -0001.000 -0001.000 -0001.000 -0001.000 -0001.000 -0001.000 -0001.000 -0001.000 -0001.000 -0001.000 -0001.000 -0001.000 -0001.000 -0001.000 00024.047 00023.560 00023.130 00022.749 00022.405 00022.091 00021.808 00021.545 00021.317 00021.105 00020.909 00020.738 00020.589 00020.455 00020.333 00020.236 00020.149 00020.081 00020.027 00019.988 00019.963 00019.973 00020.004 00020.049 00020.111 00020.187 00020.280 00020.387 00020.513 00020.654 00020.807 00020.995 00021.197 00021.419
-0001.000 -0001.000 -0001.000 -0001.000 -0001.000 -0001.000 -0001.000 -0001.000 -0001.000 -0001.000 -0001.000 -0001.000 -0001.000 -0001.000 -0001.000 -0001.000 -0001.000 -0001.000 -0001.000 -0001.000 -0001.000 -0001.000 -0001.000 -0001.000 -0001.000 00023.902 00023.368 00022.932 00022.538 00022.181 00021.856 00021.558 00021.291 00021.042 00020.819 00020.613 00020.425 00020.254 00020.110 00019.979 00019.859 00019.763 00019.676 00019.611 00019.557 00019.518 00019.494 00019.504 00019.534 00019.579 00019.640 00019.715 00019.806 00019.912 00020.035 00020.174 00020.325 00020.508 00020.704 00020.916
-0001.000 -0001.000 -0001.000 -0001.000 -0001.000 -0001.000 -0001.000 -0001.000 -0001.000 -0001.000 -0001.000 -0001.000 -0001.000 -0001.000 -0001.000 -0001.000 -0001.000 -0001.000 -0001.000 -0001.000 -0001.000 -0001.000 -0001.000 -0001.000 00023.815 00023.268 00022.785 00022.364 00021.992 00021.655 00021.346 00021.064 00020.804 00020.564 00020.344 00020.144 00019.960 00019.788 00019.648 00019.518 00019.401 00019.305 00019.220 00019.154 00019.101 00019.062 00019.038 00019.048 00019.077 00019.121 00019.182 00019.258 00019.346 00019.453 00019.575 00019.711 00019.864 00020.042 00020.233 00020.437
-0001.000 -0001.000 -0001.000 -0001.000 -0001.000 -0001.000 -0001.000 -0001.000 -0001.000 -0001.000 -0001.000 -0001.000 -0001.000 -0001.000 -0001.000 -0001.000 -0001.000 -0001.000 -0001.000 -0001.000 -0001.000 -0001.000 -0001.000 00023.772 00023.206 00022.703 00022.250 00021.837 00021.489 00021.166 00020.869 00020.595 00020.340 00020.107 00019.888 00019.693 00019.511 00019.341 00019.200 00019.071 00018.956 00018.859 00018.775 00018.708 00018.655 00018.617 00018.592 00018.602 00018.631 00018.675 00018.736 00018.812 00018.899 00019.007 00019.128 00019.261 00019.417 00019.592 00019.780 00019.984
-0001.000 -0001.000 -0001.000 -0001.000 -0001.000 -0001.000 -0001.000 -0001.000 -0001.000 -0001.000 -0001.000 -0001.000 -0001.000 -0001.000 -0001.000 -0001.000 -0001.000 -0001.000 -0001.000 -0001.000 -0001.000 -0001.000 00023.778 00023.183 00022.658 00022.184 00021.756 00021.363 00021.017 00020.705 00020.415 00020.146 00019.895 00019.666 00019.449 00019.256 00019.075 00018.907 00018.763 00018.635 00018.521 00018.423 00018.339 00018.272 00018.219 00018.181 00018.156 00018.166 00018.195 00018.240 00018.300 00018.376 00018.462 00018.571 00018.692 00018.823 00018.982 00019.154 00019.341 00019.546
-0001.000 -0001.000 -0001.000 -0001.000 -0001.000 -0001.000 -0001.000 -0001.000 -0001.000 -0001.000 -0001.000 -0001.000 -0001.000 -0001.000 -0001.000 -0001.000 -0001.000 -0001.000 -0001.000 -0001.000 -0001.000 00023.829 00023.200 00022.651 00022.154 00021.706 00021.295 00020.917 00020.568 00020.264 00019.979 00019.713 00019.468 00019.239 00019.024 00018.829 00018.649 00018.483 00018.335 00018.209 00018.094 00017.995 00017.913 00017.845 00017.792 00017.755 00017.730 00017.740 00017.769 00017.813 00017.872 00017.948 00018.035 00018.145 00018.264 00018.395 00018.556 00018.729 00018.913 00019.120
-0001.000 -0001.000 -0001.000 -0001.000 -0001.000 -0001.000 -0001.000 -0001.000 -0001.000 -0001.000 -0001.000 -0001.000 -0001.000 -0001.000 -0001.000 -0001.000 -0001.000 -0001.000 -0001.000 -0001.000 00023.923 00023.262 00022.683 00022.159 00021.690 00021.259 00020.861 00020.492 00020.147 00019.841 00019.560 00019.297 00019.051 00018.821 00018.610 00018.412 00018.233 00018.067 00017.916 00017.792 00017.678 00017.578 00017.497 00017.430 00017.377 00017.340 00017.315 00017.325 00017.354 00017.399 00017.456 00017.533 00017.620 00017.727 00017.847 00017.980 00018.141 00018.313 00018.497 00018.704
-0001.000 -0001.000 -0001.000 -0001.000 -0001.000 -0001.000 -0001.000 -0001.000 -0001.000 -0001.000 -0001.000 -0001.000 -0001.000 -0001.000 -0001.000 -0001.000 -0001.000 -0001.000 -0001.000 00024.080 00023.368 00022.748 00022.205 00021.708 00021.256 00020.837 00020.450 00020.088 00019.747 00019.432 00019.153 00018.891 00018.645 00018.414 00018.203 00018.002 00017.826 00017.662 00017.508 00017.386 00017.273 00017.172 00017.093 00017.025 00016.972 00016.935 00016.911 00016.920 00016.950 00016.994 00017.052 00017.128 00017.216 00017.322 00017.440 00017.577 00017.735 00017.905 00018.092 00018.297
-0001.000 -0001.000 -0001.000 -0001.000 -0001.000 -0001.000 -0001.000 -0001.000 -0001.000 -0001.000 -0001.000 -0001.000 -0001.000 -0001.000 -0001.000 -0001.000 -0001.000 -0001.000 -0001.000 00023.522 00022.867 00022.285 00021.760 00021.286 00020.843 00020.438 00020.055 00019.696 00019.359 00019.038 00018.757 00018.494 00018.248 00018.019 00017.806 00017.609 00017.431 00017.268 00017.115 00016.990 00016.878 00016.776 00016.697 00016.629 00016.576 00016.539 00016.515 00016.525 00016.554 00016.599 00016.657 00016.732 00016.821 00016.927 00017.044 00017.183 00017.339 00017.508 00017.697 00017.899
-0001.000 -0001.000 -0001.000 -0001.000 -0001.000 -0001.000 -0001.000 -0001.000 -0001.000 -0001.000 -0001.000 -0001.000 -0001.000 -0001.000 -0001.000 -0001.000 -0001.000 -0001.000 00023.717 00023.023 00022.409 00021.854 00021.346 00020.887 00020.458 00020.055 00019.677 00019.320 00018.983 00018.664 00018.370 00018.108 00017.862 00017.633 00017.420 00017.225 00017.045 00016.882 00016.732 00016.603 00016.491 00016.391 00016.310 00016.242 00016.189 00016.152 00016.128 00016.138 00016.168 00016.213 00016.271 00016.345 00016.436 00016.541 00016.656 00016.799 00016.955 00017.121 00017.312 00017.513
-0001.000 -0001.000 -0001.000 -0001.000 -0001.000 -0001.000 -0001.000 -0001.000 -0001.000 -0001.000 -0001.000 -0001.000 -0001.000 -0001.000 -0001.000 -0001.000 -0001.000 00024.001 00023.230 00022.567 00021.983 00021.450 00020.962 00020.505 00020.086 00019.686 00019.311 00018.953 00018.616 00018.297 00017.992 00017.731 00017.485 00017.257 00017.044 00016.850 00016.668 00016.506 00016.357 00016.225 00016.114 00016.015 00015.933 00015.863 00015.811 00015.774 00015.750 00015.759 00015.790 00015.834 00015.894 00015.967 00016.059 00016.163 00016.278 00016.423 00016.579 00016.748 00016.936 00017.139
-0001.000 -0001.000 -0001.000 -0001.000 -0001.000 -0001.000 -0001.000 -0001.000 -0001.000 -0001.000 -0001.000 -0001.000 -0001.000 -0001.000 -0001.000 -0001.000 -0001.000 00023.504 00022.788 00022.151 00021.586 00021.073 00020.596 00020.148 00019.728 00019.333 00018.955 00018.600 00018.261 00017.940 00017.638 00017.365 00017.120 00016.891 00016.679 00016.484 00016.301 00016.140 00015.990 00015.854 00015.745 00015.645 00015.562 00015.492 00015.440 00015.402 00015.378 00015.387 00015.418 00015.463 00015.523 00015.595 00015.689 00015.793 00015.913 00016.056 00016.211 00016.383 00016.569 00016.774
-0001.000 -0001.000 -0001.000 -0001.000 -0001.000 -0001.000 -0001.000 -0001.000 -0001.000 -0001.000 -0001.000 -0001.000 -0001.000 -0001.000 -0001.000 -0001.000 00023.837 00023.060 00022.381 00021.771 00021.214 00020.714 00020.246 00019.804 00019.382 00018.989 00018.612 00018.255 00017.913 00017.594 00017.293 00017.007 00016.764 00016.536 00016.323 00016.126 00015.945 00015.781 00015.631 00015.491 00015.382 00015.283 00015.198 00015.128 00015.076 00015.037 00015.013 00015.022 00015.053 00015.098 00015.159 00015.231 00015.325 00015.430 00015.554 00015.696 00015.851 00016.025 00016.212 00016.415
-0001.000 -0001.000 -0001.000 -0001.000 -0001.000 -0001.000 -0001.000 -0001.000 -0001.000 -0001.000 -0001.000 -0001.000 -0001.000 -0001.000 -0001.000 -0001.000 00023.388 00022.652 00022.002 00021.414 00020.874 00020.369 00019.910 00019.471 00019.053 00018.653 00018.278 00017.916 00017.580 00017.259 00016.957 00016.672 00016.418 00016.187 00015.974 00015.775 00015.595 00015.428 00015.278 00015.140 00015.026 00014.927 00014.840 00014.772 00014.719 00014.679 00014.655 00014.665 00014.696 00014.741 00014.802 00014.876 00014.970 00015.074 00015.201 00015.345 00015.500 00015.676 00015.865 00016.069
-0001.000 -0001.000 -0001.000 -0001.000 -0001.000 -0001.000 -0001.000 -0001.000 -0001.000 -0001.000 -0001.000 -0001.000 -0001.000 -0001.000 -0001.000 00023.796 00022.985 00022.278 00021.649 00021.078 00020.550 00020.053 00019.586 00019.150 00018.733 00018.333 00017.953 00017.595 00017.255 00016.933 00016.630 00016.345 00016.078 00015.849 00015.634 00015.435 00015.252 00015.081 00014.933 00014.795 00014.677 00014.578 00014.490 00014.423 00014.369 00014.330 00014.305 00014.315 00014.346 00014.391 00014.453 00014.528 00014.622 00014.724 00014.856 00014.999 00015.157 00015.332 00015.523 00015.729
-0001.000 -0001.000 -0001.000 -0001.000 -0001.000 -0001.000 -0001.000 -0001.000 -0001.000 -0001.000 -0001.000 -0001.000 -0001.000 -0001.000 -0001.000 00023.381 00022.615 00021.935 00021.318 00020.761 00020.239 00019.748 00019.279 00018.839 00018.422 00018.022 00017.638 00017.282 00016.940 00016.619 00016.314 00016.027 00015.756 00015.518 00015.302 00015.101 00014.916 00014.746 00014.595 00014.457 00014.336 00014.237 00014.148 00014.082 00014.028 00013.988 00013.963 00013.974 00014.004 00014.049 00014.111 00014.188 00014.281 00014.386 00014.518 00014.660 00014.822 00014.996 00015.188 00015.397
-0001.000 -0001.000 -0001.000 -0001.000 -0001.000 -0001.000 -0001.000 -0001.000 -0001.000 -0001.000 -0001.000 -0001.000 -0001.000 -0001.000 00023.866 00023.013 00022.271 00021.614 00021.015 00020.457 00019.943 00019.453 00018.987 00018.539 00018.120 00017.720 00017.339 00016.976 00016.636 00016.311 00016.006 00015.717 00015.445 00015.193 00014.976 00014.773 00014.586 00014.418 00014.265 00014.128 00014.002 00013.904 00013.815 00013.746 00013.691 00013.650 00013.625 00013.635 00013.666 00013.712 00013.776 00013.855 00013.948 00014.057 00014.187 00014.329 00014.493 00014.670 00014.863 00015.072
-0001.000 -0001.000 -0001.000 -0001.000 -0001.000 -0001.000 -0001.000 -0001.000 -0001.000 -0001.000 -0001.000 -0001.000 -0001.000 -0001.000 00023.490 00022.671 00021.958 00021.312 00020.726 00020.177 00019.656 00019.172 00018.705 00018.258 00017.825 00017.429 00017.048 00016.684 00016.341 00016.016 00015.708 00015.416 00015.141 00014.881 00014.658 00014.455 00014.268 00014.098 00013.941 00013.804 00013.675 00013.575 00013.485 00013.413 00013.356 00013.315 00013.289 00013.299 00013.330 00013.378 00013.442 00013.524 00013.618 00013.733 00013.865 00014.010 00014.172 00014.350 00014.544 00014.755
-0001.000 -0001.000 -0001.000 -0001.000 -0001.000 -0001.000 -0001.000 -0001.000 -0001.000 -0001.000 -0001.000 -0001.000 -0001.000 00024.071 00023.149 00022.364 00021.663 00021.035 00020.451 00019.908 00019.392 00018.897 00018.433 00017.983 00017.554 00017.146 00016.767 00016.403 00016.053 00015.728 00015.415 00015.122 00014.845 00014.585 00014.348 00014.145 00013.957 00013.783 00013.623 00013.483 00013.353 00013.247 00013.156 00013.082 00013.023 00012.982 00012.955 00012.966 00012.998 00013.047 00013.111 00013.195 00013.291 00013.411 00013.545 00013.695 00013.859 00014.039 00014.235 00014.447
-0001.000 -0001.000 -0001.000 -0001.000 -0001.000 -0001.000 -0001.000 -0001.000 -0001.000 -0001.000 -0001.000 -0001.000 -0001.000 00023.720 00022.840 00022.077 00021.395 00020.771 00020.196 00019.650 00019.136 00018.642 00018.167 00017.720 00017.291 00016.880 00016.493 00016.129 00015.781 00015.447 00015.135 00014.837 00014.557 00014.296 00014.048 00013.842 00013.649 00013.470 00013.310 00013.165 00013.034 00012.922 00012.830 00012.753 00012.693 00012.651 00012.623 00012.634 00012.668 00012.718 00012.783 00012.870 00012.965 00013.091 00013.226 00013.382 00013.551 00013.735 00013.933 00014.159
-0001.000 -0001.000 -0001.000 -0001.000 -0001.000 -0001.000 -0001.000 -0001.000 -0001.000 -0001.000 -0001.000 -0001.000 -0001.000 00023.401 00022.558 00021.812 00021.142 00020.527 00019.951 00019.409 00018.888 00018.395 00017.919 00017.465 00017.037 00016.626 00016.232 00015.864 00015.513 00015.177 00014.861 00014.561 00014.280 00014.015 00013.766 00013.542 00013.346 00013.165 00012.999 00012.849 00012.716 00012.598 00012.506 00012.426 00012.365 00012.322 00012.294 00012.305 00012.340 00012.391 00012.459 00012.547 00012.647 00012.774 00012.913 00013.071 00013.244 00013.433 00013.633 00013.877
-0001.000 -0001.000 -0001.000 -0001.000 -0001.000 -0001.000 -0001.000 -0001.000 -0001.000 -0001.000 -0001.000 -0001.000 00024.158 00023.153 00022.302 00021.568 00020.908 00020.297 00019.723 00019.177 00018.658 00018.156 00017.681 00017.226 00016.792 00016.381 00015.986 00015.605 00015.255 00014.917 00014.593 00014.295 00014.010 00013.740 00013.487 00013.244 00013.046 00012.861 00012.691 00012.535 00012.401 00012.277 00012.184 00012.102 00012.039 00011.995 00011.966 00011.978 00012.014 00012.067 00012.137 00012.226 00012.332 00012.461 00012.605 00012.765 00012.943 00013.135 00013.353 00013.600
-0001.000 -0001.000 -0001.000 -0001.000 -0001.000 -0001.000 -0001.000 -0001.000 -0001.000 -0001.000 -0001.000 -0001.000 00023.899 00022.925 00022.094 00021.353 00020.688 00020.081 00019.507 00018.959 00018.435 00017.933 00017.452 00016.997 00016.560 00016.144 00015.748 00015.367 00015.002 00014.665 00014.342 00014.036 00013.748 00013.473 00013.213 00012.967 00012.751 00012.560 00012.385 00012.229 00012.090 00011.963 00011.865 00011.778 00011.715 00011.668 00011.638 00011.650 00011.687 00011.743 00011.817 00011.907 00012.020 00012.150 00012.299 00012.463 00012.644 00012.839 00013.076 00013.327
-0001.000 -0001.000 -0001.000 -0001.000 -0001.000 -0001.000 -0001.000 -0001.000 -0001.000 -0001.000 -0001.000 -0001.000 00023.672 00022.722 00021.904 00021.171 00020.501 00019.877 00019.303 00018.753 00018.225 00017.720 00017.239 00016.777 00016.339 00015.919 00015.518 00015.135 00014.767 00014.420 00014.096 00013.786 00013.491 00013.208 00012.942 00012.692 00012.457 00012.265 00012.086 00011.924 00011.779 00011.650 00011.543 00011.455 00011.388 00011.338 00011.307 00011.320 00011.359 00011.416 00011.494 00011.586 00011.707 00011.840 00011.995 00012.164 00012.350 00012.560 00012.804 00013.062
