tests/raster.sdr
north:    23000.000000
south:    20000.000000
east:     23000.000000
west:     20000.000000
rows:     100
cols:     100
[rows 0 to 41 of 100, columns 0 to 93 of 100]
-01 -01 -01 -01 -01 -01 -01 -01 -01 -01 -01 -01 -01 -01 -01 -01 -01 -01 -01 -01 -01 -01 -01 -01 -01 -01 -01 -01 -01 330 331 333 334 337 337 339 340 343 344 346 349 350 352 353 355 357 358 003 004 005 007 010 011 014 014 016 017 020 021 023 023 026 027 029 -01 -01 -01 -01 -01 -01 -01 -01 -01 -01 -01 -01 -01 -01 -01 -01 -01 -01 -01 -01 -01 -01 -01 -01 -01 -01 -01 -01 -01 -01
-01 -01 -01 -01 -01 -01 -01 -01 -01 -01 -01 -01 -01 -01 -01 -01 -01 -01 -01 -01 -01 -01 -01 -01 -01 -01 -01 -01 328 330 331 333 334 337 337 339 340 343 344 346 349 350 352 353 355 356 358 003 004 005 007 010 011 014 014 016 017 021 021 023 026 026 027 030 031 033 -01 -01 -01 -01 -01 -01 -01 -01 -01 -01 -01 -01 -01 -01 -01 -01 -01 -01 -01 -01 -01 -01 -01 -01 -01 -01 -01 -01
-01 -01 -01 -01 -01 -01 -01 -01 -01 -01 -01 -01 -01 -01 -01 -01 -01 -01 -01 -01 -01 -01 -01 -01 -01 -01 325 326 327 329 331 333 334 337 337 339 340 343 344 346 349 350 352 353 355 356 358 003 004 005 008 010 011 014 014 017 017 021 023 023 026 027 029 030 032 033 034 -01 -01 -01 -01 -01 -01 -01 -01 -01 -01 -01 -01 -01 -01 -01 -01 -01 -01 -01 -01 -01 -01 -01 -01 -01 -01 -01
-01 -01 -01 -01 -01 -01 -01 -01 -01 -01 -01 -01 -01 -01 -01 -01 -01 -01 -01 -01 -01 -01 -01 -01 -01 320 321 326 327 329 330 331 333 334 337 339 339 343 344 346 346 349 352 353 355 356 358 003 004 005 008 010 011 014 016 017 020 021 023 023 026 027 029 032 032 034 035 039 -01 -01 -01 -01 -01 -01 -01 -01 -01 -01 -01 -01 -01 -01 -01 -01 -01 -01 -01 -01 -01 -01 -01 -01 -01 -01
-01 -01 -01 -01 -01 -01 -01 -01 -01 -01 -01 -01 -01 -01 -01 -01 -01 -01 -01 -01 -01 -01 -01 -01 319 320 321 325 327 328 330 331 333 334 337 337 339 343 343 346 346 349 350 353 355 356 358 003 004 005 008 010 011 014 016 017 020 021 023 023 026 027 030 032 033 034 035 039 041 042 -01 -01 -01 -01 -01 -01 -01 -01 -01 -01 -01 -01 -01 -01 -01 -01 -01 -01 -01 -01 -01 -01 -01 -01
-01 -01 -01 -01 -01 -01 -01 -01 -01 -01 -01 -01 -01 -01 -01 -01 -01 -01 -01 -01 -01 -01 -01 315 317 319 320 325 326 327 328 330 333 334 337 337 339 340 343 346 346 349 350 353 355 356 358 003 004 005 008 010 011 014 016 017 021 021 023 026 027 029 030 032 033 035 039 040 041 043 045 -01 -01 -01 -01 -01 -01 -01 -01 -01 -01 -01 -01 -01 -01 -01 -01 -01 -01 -01 -01 -01 -01 -01
-01 -01 -01 -01 -01 -01 -01 -01 -01 -01 -01 -01 -01 -01 -01 -01 -01 -01 -01 -01 -01 -01 315 315 317 319 320 321 325 327 328 330 331 333 334 337 339 339 343 344 346 349 350 353 355 356 358 003 004 007 008 010 011 014 016 017 021 023 023 026 027 029 032 033 034 035 039 041 043 045 045 047 -01 -01 -01 -01 -01 -01 -01 -01 -01 -01 -01 -01 -01 -01 -01 -01 -01 -01 -01 -01 -01 -01
-01 -01 -01 -01 -01 -01 -01 -01 -01 -01 -01 -01 -01 -01 -01 -01 -01 -01 -01 -01 -01 312 313 315 315 317 319 321 325 326 328 330 331 333 334 337 339 339 343 344 346 349 350 352 355 356 357 003 005 007 008 010 014 014 017 021 021 023 023 026 027 030 032 033 035 039 040 041 043 045 045 047 048 -01 -01 -01 -01 -01 -01 -01 -01 -01 -01 -01 -01 -01 -01 -01 -01 -01 -01 -01 -01 -01
-01 -01 -01 -01 -01 -01 -01 -01 -01 -01 -01 -01 -01 -01 -01 -01 -01 -01 -01 -01 309 312 313 315 315 317 319 320 321 326 327 328 330 333 334 337 337 339 344 344 346 349 350 352 355 356 357 003 005 007 008 011 014 014 016 021 021 023 026 027 029 030 032 034 035 039 041 043 045 045 047 048 048 -01 -01 -01 -01 -01 -01 -01 -01 -01 -01 -01 -01 -01 -01 -01 -01 -01 -01 -01 -01 -01
-01 -01 -01 -01 -01 -01 -01 -01 -01 -01 -01 -01 -01 -01 -01 -01 -01 -01 -01 309 309 312 312 313 315 315 317 319 321 326 327 328 330 331 334 337 337 339 344 344 346 349 350 352 355 356 357 003 005 007 010 011 014 016 016 021 021 023 026 027 029 032 033 034 039 040 041 043 045 045 047 048 051 051 -01 -01 -01 -01 -01 -01 -01 -01 -01 -01 -01 -01 -01 -01 -01 -01 -01 -01 -01 -01
-01 -01 -01 -01 -01 -01 -01 -01 -01 -01 -01 -01 -01 -01 -01 -01 -01 -01 -01 307 309 309 312 313 313 315 317 319 320 321 326 327 328 331 333 334 337 339 339 344 346 346 350 352 355 356 357 003 005 007 010 011 014 016 016 021 023 023 026 027 030 032 033 034 039 041 043 045 045 047 048 048 051 053 053 -01 -01 -01 -01 -01 -01 -01 -01 -01 -01 -01 -01 -01 -01 -01 -01 -01 -01 -01
-01 -01 -01 -01 -01 -01 -01 -01 -01 -01 -01 -01 -01 -01 -01 -01 -01 -01 306 307 307 309 309 312 313 315 315 317 319 321 326 327 328 330 333 334 337 339 339 344 346 346 349 352 355 356 357 003 005 007 010 011 014 016 016 021 023 023 027 029 030 032 034 039 040 041 043 045 047 047 048 051 051 053 054 057 -01 -01 -01 -01 -01 -01 -01 -01 -01 -01 -01 -01 -01 -01 -01 -01 -01 -01
-01 -01 -01 -01 -01 -01 -01 -01 -01 -01 -01 -01 -01 -01 -01 -01 -01 302 303 306 307 309 309 312 312 313 315 317 317 320 320 326 328 330 331 334 337 337 339 344 344 346 349 352 353 356 357 003 005 007 010 011 014 016 021 021 023 026 027 029 032 033 034 040 041 043 045 045 047 048 051 051 053 053 057 057 -01 -01 -01 -01 -01 -01 -01 -01 -01 -01 -01 -01 -01 -01 -01 -01 -01 -01
-01 -01 -01 -01 -01 -01 -01 -01 -01 -01 -01 -01 -01 -01 -01 -01 -01 302 303 303 306 307 309 309 312 313 315 315 317 319 320 326 327 328 331 333 334 337 339 344 344 346 349 350 353 356 357 003 005 007 010 011 014 016 021 021 023 026 027 030 032 034 034 040 041 043 045 047 048 048 051 053 053 054 057 058 059 -01 -01 -01 -01 -01 -01 -01 -01 -01 -01 -01 -01 -01 -01 -01 -01 -01
-01 -01 -01 -01 -01 -01 -01 -01 -01 -01 -01 -01 -01 -01 -01 -01 301 301 302 303 303 307 307 309 309 312 313 315 317 317 320 326 327 328 330 333 334 337 339 339 344 346 349 350 353 356 357 003 005 007 010 014 014 016 021 023 023 026 029 030 033 034 040 041 043 045 045 047 048 051 051 053 054 057 058 059 059 -01 -01 -01 -01 -01 -01 -01 -01 -01 -01 -01 -01 -01 -01 -01 -01 -01
-01 -01 -01 -01 -01 -01 -01 -01 -01 -01 -01 -01 -01 -01 -01 -01 298 301 301 302 303 306 307 307 309 312 313 313 315 317 319 320 326 327 330 331 334 337 339 339 344 346 349 350 353 355 357 004 005 007 010 014 016 016 021 023 026 027 029 032 033 034 040 043 043 045 047 048 051 051 053 054 057 057 058 059 059 062 -01 -01 -01 -01 -01 -01 -01 -01 -01 -01 -01 -01 -01 -01 -01 -01
-01 -01 -01 -01 -01 -01 -01 -01 -01 -01 -01 -01 -01 -01 -01 297 298 298 301 301 302 303 306 307 309 309 312 313 315 315 317 320 326 327 328 331 333 337 337 339 344 346 349 350 353 355 357 004 005 007 011 014 016 016 021 023 026 027 030 032 034 040 041 043 045 047 048 048 051 053 053 057 057 058 059 059 062 063 -01 -01 -01 -01 -01 -01 -01 -01 -01 -01 -01 -01 -01 -01 -01 -01
-01 -01 -01 -01 -01 -01 -01 -01 -01 -01 -01 -01 -01 -01 -01 295 297 298 298 301 301 302 303 307 307 309 309 312 313 315 317 319 320 326 328 330 333 334 337 339 344 346 346 350 353 355 357 004 005 007 011 014 016 021 021 023 026 029 032 033 034 040 043 045 045 047 048 051 051 053 053 057 058 059 059 062 063 063 065 -01 -01 -01 -01 -01 -01 -01 -01 -01 -01 -01 -01 -01 -01 -01
-01 -01 -01 -01 -01 -01 -01 -01 -01 -01 -01 -01 -01 -01 294 294 295 297 298 298 301 301 303 303 307 307 309 312 313 315 315 317 320 326 327 331 331 334 337 339 344 344 346 350 353 355 357 004 005 007 011 014 016 021 023 026 027 029 032 034 040 041 043 045 047 048 051 051 053 053 057 058 059 059 062 063 063 065 066 -01 -01 -01 -01 -01 -01 -01 -01 -01 -01 -01 -01 -01 -01 -01
-01 -01 -01 -01 -01 -01 -01 -01 -01 -01 -01 -01 -01 -01 293 294 294 295 297 298 298 301 302 303 307 307 309 309 312 313 315 317 319 320 327 328 331 333 337 339 339 344 346 350 353 355 356 004 007 010 011 014 016 021 023 026 027 029 032 034 040 043 045 045 047 048 051 053 053 057 058 059 059 062 063 063 065 066 067 067 -01 -01 -01 -01 -01 -01 -01 -01 -01 -01 -01 -01 -01 -01
-01 -01 -01 -01 -01 -01 -01 -01 -01 -01 -01 -01 -01 290 291 293 293 294 295 297 298 301 301 302 303 307 307 309 309 312 313 315 317 320 326 328 330 333 334 337 339 344 346 349 353 355 356 004 007 010 011 014 016 021 023 026 030 032 033 040 041 043 045 047 048 051 053 053 057 058 059 059 062 062 063 065 066 067 067 069 -01 -01 -01 -01 -01 -01 -01 -01 -01 -01 -01 -01 -01 -01
-01 -01 -01 -01 -01 -01 -01 -01 -01 -01 -01 -01 -01 289 290 291 293 293 294 295 297 298 301 301 302 303 307 307 309 312 313 315 317 319 320 327 328 330 334 337 339 344 346 349 353 355 356 004 007 010 014 016 016 021 023 027 030 032 033 040 043 045 047 048 051 051 053 053 057 059 059 062 062 063 065 066 067 067 069 070 -01 -01 -01 -01 -01 -01 -01 -01 -01 -01 -01 -01 -01 -01
-01 -01 -01 -01 -01 -01 -01 -01 -01 -01 -01 -01 -01 289 289 290 291 293 293 294 295 297 298 301 301 302 303 307 307 309 312 313 315 317 320 327 328 330 333 337 339 344 346 349 353 355 356 004 007 010 014 016 021 023 026 027 030 033 040 041 043 045 047 048 051 053 053 057 058 059 062 062 063 065 066 067 069 069 070 071 075 -01 -01 -01 -01 -01 -01 -01 -01 -01 -01 -01 -01 -01
-01 -01 -01 -01 -01 -01 -01 -01 -01 -01 -01 -01 285 285 285 289 290 291 293 293 294 295 297 298 301 301 302 303 307 309 309 313 315 317 319 319 327 330 333 337 339 344 346 349 350 355 356 004 007 010 014 016 021 023 026 030 032 033 041 043 045 047 048 051 053 053 057 058 059 062 062 063 065 066 067 069 069 071 071 075 075 -01 -01 -01 -01 -01 -01 -01 -01 -01 -01 -01 -01 -01
-01 -01 -01 -01 -01 -01 -01 -01 -01 -01 -01 -01 284 284 285 285 289 290 291 293 293 295 295 297 298 301 301 303 307 307 309 312 313 315 317 319 327 328 330 334 337 339 344 346 350 355 356 004 007 011 014 016 021 023 027 030 032 033 041 043 045 048 051 051 053 057 058 059 059 062 063 065 066 067 069 070 070 071 075 075 076 -01 -01 -01 -01 -01 -01 -01 -01 -01 -01 -01 -01 -01
-01 -01 -01 -01 -01 -01 -01 -01 -01 -01 -01 -01 282 282 284 285 285 290 290 291 293 293 295 295 297 298 301 302 303 307 307 309 312 315 315 319 327 328 330 333 337 339 344 346 350 353 356 005 007 010 014 016 021 023 027 030 033 041 043 045 047 048 051 053 057 058 059 059 062 063 065 065 067 069 070 070 075 075 075 076 078 078 -01 -01 -01 -01 -01 -01 -01 -01 -01 -01 -01 -01
-01 -01 -01 -01 -01 -01 -01 -01 -01 -01 -01 -01 280 282 282 284 285 285 285 290 291 291 293 295 295 297 298 301 302 303 307 309 312 313 315 317 319 327 330 333 337 339 344 346 350 353 355 005 007 010 014 021 023 027 030 032 033 041 045 047 048 051 053 053 057 059 059 062 063 065 065 067 069 070 070 075 075 076 076 078 078 080 -01 -01 -01 -01 -01 -01 -01 -01 -01 -01 -01 -01
-01 -01 -01 -01 -01 -01 -01 -01 -01 -01 -01 -01 280 280 282 282 284 284 285 285 290 290 291 293 295 295 297 298 301 302 303 307 309 312 313 315 319 327 328 330 333 339 344 346 350 353 355 005 007 010 016 022 023 027 030 033 041 043 045 047 051 051 053 057 059 059 062 063 065 065 067 069 070 070 075 075 076 078 078 080 080 080 -01 -01 -01 -01 -01 -01 -01 -01 -01 -01 -01 -01
-01 -01 -01 -01 -01 -01 -01 -01 -01 -01 -01 -01 278 280 280 280 282 282 284 285 285 290 290 291 293 295 295 297 298 301 302 307 307 309 312 315 318 319 328 330 333 337 338 346 350 353 355 005 007 014 016 022 023 027 032 032 041 045 047 048 051 053 057 058 059 062 063 065 065 067 069 070 075 075 076 076 078 080 080 080 082 082 -01 -01 -01 -01 -01 -01 -01 -01 -01 -01 -01 -01
-01 -01 -01 -01 -01 -01 -01 -01 -01 -01 -01 277 277 278 278 280 280 280 282 284 284 285 290 290 291 293 295 295 298 301 301 303 307 309 312 313 315 319 328 330 333 337 338 345 350 353 355 005 010 014 016 022 027 030 032 042 042 045 048 051 053 057 058 059 062 063 065 065 067 069 070 075 075 076 078 078 080 080 080 082 082 083 -01 -01 -01 -01 -01 -01 -01 -01 -01 -01 -01 -01
-01 -01 -01 -01 -01 -01 -01 -01 -01 -01 -01 275 277 277 277 278 278 280 280 282 282 284 285 285 290 291 293 295 297 298 301 301 302 307 309 312 315 318 318 328 333 337 338 345 350 353 354 006 010 015 015 023 027 030 032 042 045 048 051 053 053 058 059 062 063 065 067 067 070 070 075 076 076 078 080 080 080 082 082 083 083 085 -01 -01 -01 -01 -01 -01 -01 -01 -01 -01 -01 -01
-01 -01 -01 -01 -01 -01 -01 -01 -01 -01 -01 274 275 275 277 277 278 278 280 280 280 282 284 285 285 290 291 293 295 297 298 301 302 302 307 309 312 315 318 328 330 333 338 345 345 353 354 006 010 015 022 023 027 032 042 042 045 048 051 053 058 059 062 063 065 067 069 070 070 075 076 078 078 080 080 082 082 083 083 085 085 086 -01 -01 -01 -01 -01 -01 -01 -01 -01 -01 -01 -01
-01 -01 -01 -01 -01 -01 -01 -01 -01 -01 -01 273 273 274 275 274 277 277 278 278 280 280 282 282 284 284 290 291 293 295 297 298 301 302 307 307 312 312 318 318 330 333 337 345 345 353 354 006 010 015 022 023 030 032 042 045 048 051 053 058 059 062 063 065 067 069 070 076 076 076 078 080 080 080 082 083 083 083 086 086 086 087 -01 -01 -01 -01 -01 -01 -01 -01 -01 -01 -01 -01
-01 -01 -01 -01 -01 -01 -01 -01 -01 -01 -01 272 272 273 273 274 274 274 277 277 278 278 280 280 282 284 284 291 291 293 295 297 298 301 302 307 309 312 315 317 329 333 337 338 345 350 354 007 010 015 022 027 030 031 043 048 051 053 058 059 059 063 065 067 069 069 076 076 078 078 080 080 082 082 083 083 086 086 086 087 087 088 -01 -01 -01 -01 -01 -01 -01 -01 -01 -01 -01 -01
-01 -01 -01 -01 -01 -01 -01 -01 -01 -01 -01 269 272 272 272 273 273 274 274 274 277 277 278 280 280 282 282 284 284 291 293 295 297 297 301 302 307 308 312 317 329 330 333 338 345 350 353 007 010 015 022 027 031 043 045 048 052 053 058 059 063 065 067 069 069 076 076 078 080 080 082 082 083 083 086 086 086 087 088 088 088 091 -01 -01 -01 -01 -01 -01 -01 -01 -01 -01 -01 -01
-01 -01 -01 -01 -01 -01 -01 -01 -01 -01 -01 268 269 269 269 272 272 273 273 274 274 274 277 277 278 280 280 282 284 284 291 293 295 297 297 301 302 308 312 315 317 330 333 338 345 350 353 007 015 015 022 030 031 043 048 052 052 058 059 063 065 067 069 069 076 078 078 080 082 082 083 083 086 086 086 087 088 088 088 091 091 091 -01 -01 -01 -01 -01 -01 -01 -01 -01 -01 -01 -01
-01 -01 -01 -01 -01 -01 -01 -01 -01 -01 -01 267 268 268 269 269 269 272 272 272 273 274 274 274 277 278 278 280 280 282 284 291 291 295 297 297 301 308 308 312 315 330 333 338 345 350 352 008 015 022 027 030 043 045 048 052 058 059 063 065 067 069 077 076 078 080 080 082 083 083 086 086 087 087 088 088 091 091 091 092 092 093 -01 -01 -01 -01 -01 -01 -01 -01 -01 -01 -01 -01
-01 -01 -01 -01 -01 -01 -01 -01 -01 -01 -01 266 266 267 267 268 268 269 269 269 272 272 273 274 274 274 277 278 280 280 282 283 283 292 295 297 297 302 308 308 312 316 330 338 345 350 352 008 015 022 027 030 045 048 052 058 059 063 065 067 068 077 078 080 080 082 083 083 086 086 087 087 088 088 091 091 091 092 092 093 093 094 -01 -01 -01 -01 -01 -01 -01 -01 -01 -01 -01 -01
-01 -01 -01 -01 -01 -01 -01 -01 -01 -01 -01 264 264 266 266 267 267 267 268 268 269 269 272 272 273 274 274 274 277 278 280 280 282 283 292 295 297 297 302 308 313 315 331 333 338 345 351 010 015 022 029 045 047 052 052 059 063 065 067 068 077 078 080 082 082 083 086 086 087 088 088 091 091 091 092 092 093 093 093 094 096 096 -01 -01 -01 -01 -01 -01 -01 -01 -01 -01 -01 -01
-01 -01 -01 -01 -01 -01 -01 -01 -01 -01 -01 -01 264 264 264 264 267 267 267 267 267 268 269 269 269 272 273 273 274 274 277 278 280 282 283 293 293 297 301 302 308 313 315 333 337 345 350 010 015 023 029 045 047 052 059 063 065 067 078 078 080 080 082 083 086 086 087 088 088 091 091 092 092 093 093 093 093 096 096 096 096 097 -01 -01 -01 -01 -01 -01 -01 -01 -01 -01 -01 -01
-01 -01 -01 -01 -01 -01 -01 -01 -01 -01 -01 -01 263 263 263 263 264 264 264 264 267 267 267 267 268 269 269 273 273 273 274 277 277 278 280 282 293 293 297 302 301 308 314 332 337 346 350 010 023 027 046 047 052 059 063 065 067 078 078 080 082 083 086 086 087 087 087 091 092 092 093 093 093 093 096 096 096 096 097 097 097 097 -01 -01 -01 -01 -01 -01 -01 -01 -01 -01 -01 -01
-01 -01 -01 -01 -01 -01 -01 -01 -01 -01 -01 -01 261 261 261 261 263 263 263 263 264 264 264 267 267 267 268 268 268 273 273 273 274 278 278 280 282 281 294 297 301 308 313 313 333 346 349 011 023 027 047 052 059 063 066 066 078 080 082 082 086 086 087 087 092 092 092 093 093 093 093 096 096 096 097 097 097 099 099 099 099 099 -01 -01 -01 -01 -01 -01 -01 -01 -01 -01 -01 -01
